20
 0.000000 0.000000 0.000000 0.000000 0.500000 0.000000 0.000000 0.000000 0.000000 0.000000 0.500000 0.000000 0.000000 0.000000 0.000000 0.000000 0.000000 0.000000 0.000000 0.000000
 0.000000 0.000000 0.000000 0.000000 0.000000 0.000000 0.000000 0.461015 0.000000 0.000000 0.000000 0.000000 0.000000 0.000000 0.456880 0.000000 0.000000 0.082105 0.000000 0.000000
 0.000000 0.000000 0.000000 0.285204 0.000000 0.000000 0.000000 0.000000 0.360604 0.000000 0.000000 0.011829 0.342343 0.000000 0.000020 0.000000 0.000000 0.000000 0.000000 0.000000
 0.000000 0.000000 0.287828 0.000000 0.000000 0.000000 0.000000 0.000000 0.000000 0.363149 0.000000 0.346205 0.000000 0.002818 0.000000 0.000000 0.000000 0.000000 0.000000 0.000000
 0.500001 0.000000 0.000000 0.000000 0.000000 0.000000 0.499999 0.000000 0.000000 0.000000 0.000000 0.000000 0.000000 0.000000 0.000000 0.000000 0.000000 0.000000 0.000000 0.000000
 0.000000 0.000000 0.000000 0.000000 0.000000 0.000000 0.359746 0.000000 0.000000 0.000000 0.000000 0.000000 0.289632 0.350622 0.000000 0.000000 0.000000 0.000000 0.000000 0.000000
 0.000000 0.000000 0.000000 0.000000 0.499999 0.500001 0.000000 0.000000 0.000000 0.000000 0.000000 0.000000 0.000000 0.000000 0.000000 0.000000 0.000000 0.000000 0.000000 0.000000
 0.000000 0.499996 0.000000 0.000000 0.000000 0.000000 0.000000 0.000000 0.000000 0.000000 0.000000 0.000000 0.000000 0.000000 0.000000 0.000000 0.000000 0.000000 0.000000 0.500004
 0.000000 0.000000 0.446338 0.000000 0.000000 0.000000 0.000000 0.000000 0.000000 0.000000 0.000000 0.000000 0.000991 0.000000 0.106910 0.000000 0.000000 0.445761 0.000000 0.000000
 0.000000 0.000000 0.000000 0.499465 0.000000 0.000000 0.000000 0.000000 0.000000 0.000000 0.000000 0.000000 0.000000 0.500535 0.000000 0.000000 0.000000 0.000000 0.000000 0.000000
 0.500000 0.000000 0.000000 0.000000 0.000000 0.000000 0.000000 0.000000 0.000000 0.000000 0.000000 0.000000 0.000000 0.000000 0.000000 0.000000 0.000000 0.000000 0.500000 0.000000
 0.000000 0.000000 0.013152 0.381422 0.000000 0.000000 0.000000 0.000000 0.000000 0.000000 0.000000 0.000000 0.400453 0.204973 0.000000 0.000000 0.000000 0.000000 0.000000 0.000000
 0.000000 0.000000 0.344044 0.000000 0.000000 0.291771 0.000000 0.000000 0.000804 0.000000 0.000000 0.361955 0.000000 0.001426 0.000000 0.000000 0.000000 0.000000 0.000000 0.000000
 0.000000 0.000000 0.000000 0.003101 0.000000 0.390240 0.000000 0.000000 0.000000 0.400394 0.000000 0.204690 0.001575 0.000000 0.000000 0.000000 0.000000 0.000000 0.000000 0.000000
 0.000000 0.444288 0.000025 0.000000 0.000000 0.000000 0.000000 0.000000 0.107381 0.000000 0.000000 0.000000 0.000000 0.000000 0.000000 0.000000 0.000000 0.448305 0.000000 0.000000
 0.000000 0.000000 0.000000 0.000000 0.000000 0.000000 0.000000 0.000000 0.000000 0.000000 0.000000 0.000000 0.000000 0.000000 0.000000 0.000000 0.500000 0.000000 0.500000 0.000000
 0.000000 0.000000 0.000000 0.000000 0.000000 0.000000 0.000000 0.000000 0.000000 0.000000 0.000000 0.000000 0.000000 0.000000 0.000000 0.500000 0.000000 0.000000 0.000000 0.500000
 0.000000 0.081816 0.000000 0.000000 0.000000 0.000000 0.000000 0.000000 0.458797 0.000000 0.000000 0.000000 0.000000 0.000000 0.459387 0.000000 0.000000 0.000000 0.000000 0.000000
 0.000000 0.000000 0.000000 0.000000 0.000000 0.000000 0.000000 0.000000 0.000000 0.000000 0.500000 0.000000 0.000000 0.000000 0.000000 0.500000 0.000000 0.000000 0.000000 0.000000
 0.000000 0.000000 0.000000 0.000000 0.000000 0.000000 0.000000 0.500000 0.000000 0.000000 0.000000 0.000000 0.000000 0.000000 0.000000 0.000000 0.500000 0.000000 0.000000 0.000000
the mean of prob-rank is 1.631578947368421
the number of false negetive edges is 0
the number of probability greater than 0 is 3.0/edge
