20
 0.000000 0.000000 0.000000 0.000000 0.000000 0.000000 0.000000 0.000000 0.000000 0.498122 0.000000 0.000000 0.000000 0.000000 0.004436 0.000000 0.497442 0.000000 0.000000 0.000000
 0.000000 0.000000 0.000000 0.000000 0.117480 0.000000 0.000000 0.000000 0.010903 0.000000 0.422772 0.000000 0.000000 0.000000 0.000027 0.029348 0.000000 0.000000 0.419471 0.000000
 0.000000 0.000000 0.000000 0.000000 0.000000 0.000000 0.000000 0.000000 0.000000 0.499998 0.000000 0.000000 0.000000 0.000000 0.000000 0.000000 0.000000 0.000000 0.000000 0.500001
 0.000000 0.000000 0.000000 0.000000 0.000000 0.000000 0.000000 0.000000 0.000000 0.000000 0.000000 0.000000 0.500001 0.499999 0.000000 0.000000 0.000000 0.000000 0.000000 0.000000
 0.000000 0.096355 0.000000 0.000000 0.000000 0.000000 0.334387 0.000000 0.000000 0.000000 0.008711 0.000000 0.000000 0.000000 0.204076 0.000000 0.009719 0.000000 0.346752 0.000000
 0.000000 0.000000 0.000000 0.000000 0.000000 0.000000 0.465361 0.044856 0.000000 0.000000 0.000000 0.467073 0.000000 0.000000 0.000000 0.000000 0.000000 0.000000 0.022710 0.000000
 0.000000 0.000000 0.000000 0.000000 0.348567 0.360132 0.000000 0.000000 0.000000 0.000000 0.000000 0.035349 0.000000 0.000000 0.000000 0.000000 0.156032 0.000000 0.099920 0.000000
 0.000000 0.000000 0.000000 0.000000 0.000000 0.043313 0.000000 0.000000 0.000000 0.000000 0.000000 0.450226 0.000000 0.000000 0.000000 0.450659 0.000000 0.000000 0.055802 0.000000
 0.000000 0.012705 0.000000 0.000000 0.000000 0.000000 0.000000 0.000000 0.000000 0.000000 0.000000 0.000000 0.000000 0.002150 0.000000 0.492494 0.000000 0.492651 0.000000 0.000000
 0.500002 0.000000 0.499998 0.000000 0.000000 0.000000 0.000000 0.000000 0.000000 0.000000 0.000000 0.000000 0.000000 0.000000 0.000000 0.000000 0.000000 0.000000 0.000000 0.000000
 0.000000 0.493800 0.000000 0.000000 0.012405 0.000000 0.000000 0.000000 0.000000 0.000000 0.000000 0.000000 0.000000 0.000000 0.493794 0.000000 0.000000 0.000001 0.000000 0.000000
 0.000000 0.000000 0.000000 0.000000 0.000000 0.477083 0.046657 0.476260 0.000000 0.000000 0.000000 0.000000 0.000000 0.000000 0.000000 0.000000 0.000000 0.000000 0.000001 0.000000
 0.000000 0.000000 0.000000 0.500000 0.000000 0.000000 0.000000 0.000000 0.000000 0.000000 0.000000 0.000000 0.000000 0.000000 0.000000 0.000000 0.000000 0.000000 0.000000 0.500000
 0.000000 0.000000 0.000000 0.498912 0.000000 0.000000 0.000000 0.000000 0.002178 0.000000 0.000000 0.000000 0.000000 0.000000 0.000000 0.000000 0.000000 0.498911 0.000000 0.000000
 0.003350 0.000024 0.000000 0.000000 0.221407 0.000000 0.000000 0.000000 0.000000 0.000000 0.376195 0.000000 0.000000 0.000000 0.000000 0.000000 0.368046 0.030977 0.000000 0.000000
 0.000000 0.031766 0.000000 0.000000 0.000000 0.000000 0.000000 0.457266 0.457460 0.000000 0.000000 0.000000 0.000000 0.000000 0.000000 0.000000 0.000000 0.000000 0.053508 0.000000
 0.409837 0.000000 0.000000 0.000000 0.011503 0.000000 0.177158 0.000000 0.000000 0.000000 0.000000 0.000000 0.000000 0.000000 0.401502 0.000000 0.000000 0.000000 0.000000 0.000000
 0.000000 0.000000 0.000000 0.000000 0.000000 0.000000 0.000000 0.000000 0.480224 0.000000 0.000001 0.000000 0.000000 0.480232 0.039544 0.000000 0.000000 0.000000 0.000000 0.000000
 0.000000 0.387891 0.000000 0.000000 0.390945 0.019009 0.108072 0.048371 0.000000 0.000000 0.000000 0.000000 0.000000 0.000000 0.000000 0.045712 0.000000 0.000000 0.000000 0.000000
 0.000000 0.000000 0.500000 0.000000 0.000000 0.000000 0.000000 0.000000 0.000000 0.000000 0.000000 0.000000 0.500000 0.000000 0.000000 0.000000 0.000000 0.000000 0.000000 0.000000
the mean of prob-rank is 1.6842105263157894
the number of false negetive edges is 0
the number of probability greater than 0 is 3.7/edge
