20
 0.000000 0.000000 0.000000 0.000000 0.000000 0.000000 0.000000 0.000000 0.000000 0.000000 0.000000 0.000000 0.000000 0.000000 0.060272 0.000000 0.469871 0.000000 0.000000 0.469856
 0.000000 0.000000 0.000000 0.019449 0.000000 0.000000 0.000000 0.000000 0.000000 0.000000 0.000000 0.000000 0.000000 0.000000 0.489408 0.000000 0.000000 0.000000 0.491143 0.000000
 0.000000 0.000000 0.000000 0.000000 0.000000 0.382658 0.000000 0.000000 0.000000 0.000000 0.383985 0.000000 0.233341 0.000000 0.000000 0.000000 0.000000 0.000016 0.000000 0.000000
 0.000000 0.019417 0.000000 0.000000 0.000000 0.000000 0.490280 0.000000 0.000000 0.000000 0.000000 0.490303 0.000000 0.000000 0.000000 0.000000 0.000000 0.000000 0.000000 0.000000
 0.000000 0.000000 0.000000 0.000000 0.000000 0.000000 0.000000 0.000000 0.132989 0.000000 0.000000 0.000000 0.373566 0.375654 0.000000 0.117792 0.000000 0.000000 0.000000 0.000000
 0.000000 0.000000 0.455883 0.000000 0.000000 0.000000 0.000000 0.000000 0.000000 0.000000 0.086398 0.000000 0.000000 0.000000 0.000000 0.000000 0.457718 0.000000 0.000000 0.000000
 0.000000 0.000000 0.000000 0.492777 0.000000 0.000000 0.000000 0.000000 0.014392 0.492831 0.000000 0.000000 0.000000 0.000000 0.000000 0.000000 0.000000 0.000000 0.000000 0.000000
 0.000000 0.000000 0.000000 0.000000 0.000000 0.000000 0.000000 0.000000 0.000000 0.000000 0.000000 0.499974 0.000000 0.000000 0.000000 0.000016 0.000000 0.500010 0.000000 0.000000
 0.000000 0.000000 0.000000 0.000000 0.149613 0.000000 0.012345 0.000000 0.000000 0.000000 0.000000 0.000000 0.000000 0.422722 0.000000 0.415320 0.000000 0.000000 0.000000 0.000000
 0.000000 0.000000 0.000000 0.000000 0.000000 0.000000 0.500000 0.000000 0.000000 0.000000 0.000000 0.000000 0.000000 0.000000 0.000000 0.000000 0.000000 0.000000 0.500000 0.000000
 0.000000 0.000000 0.456834 0.000000 0.000000 0.086279 0.000000 0.000000 0.000000 0.000000 0.000000 0.000000 0.456887 0.000000 0.000000 0.000000 0.000000 0.000000 0.000000 0.000000
 0.000000 0.000000 0.000000 0.499098 0.000000 0.000000 0.000000 0.499092 0.000000 0.000000 0.000000 0.000000 0.000000 0.000000 0.001180 0.000000 0.000000 0.000629 0.000000 0.000000
 0.000000 0.000000 0.232082 0.000000 0.379908 0.000000 0.000000 0.000000 0.000000 0.000000 0.381958 0.000000 0.000000 0.000000 0.000000 0.006051 0.000000 0.000000 0.000000 0.000000
 0.000000 0.000000 0.000000 0.000000 0.499907 0.000000 0.000000 0.000000 0.500038 0.000000 0.000000 0.000000 0.000000 0.000000 0.000000 0.000055 0.000000 0.000000 0.000000 0.000000
 0.060240 0.467961 0.000000 0.000000 0.000000 0.000000 0.000000 0.000000 0.000000 0.000000 0.000000 0.001111 0.000000 0.000000 0.000000 0.000000 0.000000 0.001068 0.000000 0.469620
 0.000000 0.000000 0.000000 0.000000 0.135597 0.000000 0.000000 0.000014 0.424975 0.000000 0.000000 0.000000 0.006850 0.000048 0.000000 0.000000 0.000000 0.432517 0.000000 0.000000
 0.500003 0.000000 0.000000 0.000000 0.000000 0.499997 0.000000 0.000000 0.000000 0.000000 0.000000 0.000000 0.000000 0.000000 0.000000 0.000000 0.000000 0.000000 0.000000 0.000000
 0.000000 0.000000 0.000021 0.000000 0.000000 0.000000 0.000000 0.499125 0.000000 0.000000 0.000000 0.000629 0.000000 0.000000 0.001135 0.499089 0.000000 0.000000 0.000000 0.000001
 0.000000 0.500000 0.000000 0.000000 0.000000 0.000000 0.000000 0.000000 0.000000 0.500000 0.000000 0.000000 0.000000 0.000000 0.000000 0.000000 0.000000 0.000000 0.000000 0.000000
 0.499991 0.000000 0.000000 0.000000 0.000000 0.000000 0.000000 0.000000 0.000000 0.000000 0.000000 0.000000 0.000000 0.000000 0.500007 0.000000 0.000000 0.000001 0.000000 0.000000
the mean of prob-rank is 1.4210526315789473
the number of false negetive edges is 0
the number of probability greater than 0 is 3.5/edge
