20
 0.000000 0.000000 0.000000 0.000000 0.445809 0.000000 0.000728 0.107706 0.005510 0.000000 0.000111 0.440135 0.000000 0.000000 0.000000 0.000000 0.000001 0.000000 0.000000 0.000000
 0.000000 0.000000 0.000000 0.000000 0.000000 0.000000 0.498716 0.000001 0.002902 0.000000 0.000000 0.000000 0.000000 0.000000 0.000000 0.000000 0.000000 0.498381 0.000000 0.000000
 0.000000 0.000000 0.000000 0.000000 0.137686 0.431678 0.000000 0.000000 0.000000 0.000000 0.000000 0.000000 0.000000 0.000000 0.000000 0.000000 0.427715 0.000000 0.002921 0.000000
 0.000000 0.000000 0.000000 0.000000 0.000000 0.000000 0.000000 0.000000 0.000000 0.500001 0.000000 0.000000 0.000000 0.499999 0.000000 0.000000 0.000000 0.000000 0.000000 0.000000
 0.431157 0.000000 0.137600 0.000000 0.000000 0.000000 0.000000 0.000000 0.000000 0.000000 0.000000 0.000000 0.000000 0.000000 0.000000 0.000000 0.431243 0.000000 0.000000 0.000000
 0.000000 0.000000 0.500000 0.000000 0.000000 0.000000 0.000000 0.000000 0.000000 0.000000 0.000000 0.000000 0.000000 0.500000 0.000000 0.000000 0.000000 0.000000 0.000000 0.000000
 0.000753 0.461383 0.000000 0.000000 0.000000 0.000000 0.000000 0.460064 0.000000 0.000000 0.000000 0.000000 0.000000 0.000000 0.000000 0.000000 0.000000 0.077801 0.000000 0.000000
 0.107869 0.000001 0.000000 0.000000 0.000000 0.000000 0.445465 0.000000 0.446664 0.000000 0.000000 0.000000 0.000000 0.000000 0.000000 0.000000 0.000000 0.000000 0.000000 0.000000
 0.006121 0.002884 0.000000 0.000000 0.000000 0.000000 0.000000 0.495454 0.000000 0.000000 0.495541 0.000000 0.000000 0.000000 0.000000 0.000000 0.000000 0.000000 0.000000 0.000000
 0.000000 0.000000 0.000000 0.500000 0.000000 0.000000 0.000000 0.000000 0.000000 0.000000 0.500000 0.000000 0.000000 0.000000 0.000000 0.000000 0.000000 0.000000 0.000000 0.000000
 0.000124 0.000000 0.000000 0.000000 0.000000 0.000000 0.000000 0.000000 0.499938 0.499938 0.000000 0.000000 0.000000 0.000000 0.000000 0.000000 0.000000 0.000000 0.000000 0.000000
 0.428178 0.000000 0.000000 0.000000 0.000000 0.000000 0.000000 0.000000 0.000000 0.000000 0.000000 0.000000 0.000000 0.000000 0.000000 0.000000 0.137873 0.000000 0.433949 0.000000
 0.000000 0.000000 0.000000 0.000000 0.000000 0.000000 0.000000 0.000000 0.000000 0.000000 0.000000 0.000000 0.000000 0.000000 0.000000 0.499998 0.000000 0.000000 0.000000 0.500002
 0.000000 0.000000 0.000000 0.499999 0.000000 0.500001 0.000000 0.000000 0.000000 0.000000 0.000000 0.000000 0.000000 0.000000 0.000000 0.000000 0.000000 0.000000 0.000000 0.000000
 0.000000 0.000000 0.000000 0.000000 0.000000 0.000000 0.000000 0.000000 0.000000 0.000000 0.000000 0.000000 0.000000 0.000000 0.000000 0.000000 0.000000 0.500000 0.000000 0.500000
 0.000000 0.000000 0.000000 0.000000 0.000000 0.000000 0.000000 0.000000 0.000000 0.000000 0.000000 0.000000 0.499997 0.000000 0.000000 0.000000 0.000000 0.000000 0.500003 0.000000
 0.000001 0.000000 0.429267 0.000000 0.433079 0.000000 0.000000 0.000000 0.000000 0.000000 0.000000 0.137649 0.000000 0.000000 0.000000 0.000000 0.000000 0.000000 0.000003 0.000000
 0.000000 0.460955 0.000000 0.000000 0.000000 0.000000 0.077781 0.000000 0.000000 0.000000 0.000000 0.000000 0.000000 0.000000 0.461264 0.000000 0.000000 0.000000 0.000000 0.000000
 0.000000 0.000000 0.003372 0.000000 0.000000 0.000000 0.000000 0.000000 0.000000 0.000000 0.000000 0.498312 0.000000 0.000000 0.000000 0.498312 0.000004 0.000000 0.000000 0.000000
 0.000000 0.000000 0.000000 0.000000 0.000000 0.000000 0.000000 0.000000 0.000000 0.000000 0.000000 0.000000 0.499999 0.000000 0.500000 0.000000 0.000000 0.000000 0.000000 0.000000
the mean of prob-rank is 1.4736842105263157
the number of false negetive edges is 0
the number of probability greater than 0 is 3.1/edge
