20
 0.000000 0.000000 0.000000 0.000000 0.000000 0.000000 0.000000 0.000000 0.000000 0.499998 0.000004 0.000000 0.000000 0.000000 0.000000 0.000000 0.000000 0.000000 0.499998 0.000000
 0.000000 0.000000 0.000000 0.000000 0.500000 0.000000 0.000000 0.000000 0.000000 0.500000 0.000000 0.000000 0.000000 0.000000 0.000000 0.000000 0.000000 0.000000 0.000000 0.000000
 0.000000 0.000000 0.000000 0.000000 0.000000 0.499930 0.000147 0.000000 0.000000 0.000000 0.000000 0.000000 0.000000 0.499923 0.000000 0.000000 0.000000 0.000000 0.000000 0.000000
 0.000000 0.000000 0.000000 0.000000 0.000000 0.000000 0.000000 0.000000 0.000000 0.000000 0.000000 0.000000 0.000000 0.000000 0.000000 0.046015 0.476584 0.477399 0.000000 0.000002
 0.000000 0.500002 0.000000 0.000000 0.000000 0.000000 0.000000 0.000000 0.499998 0.000000 0.000000 0.000000 0.000000 0.000000 0.000000 0.000000 0.000000 0.000000 0.000000 0.000000
 0.000000 0.000000 0.463721 0.000000 0.000000 0.000000 0.000012 0.047866 0.000000 0.000000 0.024839 0.449757 0.000000 0.000007 0.000000 0.000000 0.000000 0.000000 0.013796 0.000002
 0.000000 0.000000 0.000114 0.000000 0.000000 0.000010 0.000000 0.018202 0.000000 0.000000 0.000000 0.000000 0.040900 0.388011 0.000000 0.000515 0.000002 0.378847 0.000000 0.173400
 0.000000 0.000000 0.000000 0.000000 0.000000 0.046545 0.021153 0.000000 0.450297 0.000000 0.000000 0.000000 0.031958 0.000000 0.000000 0.450047 0.000000 0.000000 0.000000 0.000000
 0.000000 0.000000 0.000000 0.000000 0.484314 0.000000 0.000000 0.483645 0.000000 0.000000 0.000000 0.000000 0.000000 0.000000 0.000000 0.032042 0.000000 0.000000 0.000000 0.000000
 0.500000 0.500000 0.000000 0.000000 0.000000 0.000000 0.000000 0.000000 0.000000 0.000000 0.000000 0.000000 0.000000 0.000000 0.000000 0.000000 0.000000 0.000000 0.000000 0.000000
 0.000004 0.000000 0.000000 0.000000 0.000000 0.026093 0.000000 0.000000 0.000000 0.000000 0.000000 0.000003 0.000000 0.000000 0.487108 0.000000 0.000000 0.000000 0.486793 0.000000
 0.000000 0.000000 0.000000 0.000000 0.000000 0.394787 0.000000 0.000000 0.000000 0.000000 0.000002 0.000000 0.000000 0.000000 0.407048 0.000000 0.000000 0.198163 0.000000 0.000000
 0.000000 0.000000 0.000000 0.000000 0.000000 0.000000 0.048546 0.032641 0.000000 0.000000 0.000000 0.000000 0.000000 0.000000 0.000000 0.460555 0.000477 0.000000 0.000000 0.457781
 0.000000 0.000000 0.499934 0.000000 0.000000 0.000007 0.499938 0.000000 0.000000 0.000000 0.000000 0.000000 0.000000 0.000000 0.000000 0.000000 0.000000 0.000029 0.000000 0.000092
 0.000000 0.000000 0.000000 0.000000 0.000000 0.000000 0.000000 0.000000 0.000000 0.000000 0.499781 0.499803 0.000000 0.000000 0.000000 0.000000 0.000000 0.000415 0.000000 0.000000
 0.000000 0.000000 0.000000 0.035039 0.000000 0.000000 0.000482 0.362821 0.024050 0.000000 0.000000 0.000000 0.363527 0.000000 0.000000 0.000000 0.057479 0.000000 0.000000 0.156600
 0.000000 0.000000 0.000000 0.429976 0.000000 0.000000 0.000002 0.000000 0.000000 0.000000 0.000000 0.000000 0.000446 0.000000 0.000000 0.068102 0.000000 0.071439 0.000000 0.430035
 0.000000 0.000000 0.000000 0.367159 0.000000 0.000000 0.358483 0.000000 0.000000 0.000000 0.000000 0.178744 0.000000 0.000021 0.000305 0.000000 0.060898 0.000000 0.000000 0.034389
 0.492839 0.000000 0.000000 0.000000 0.000000 0.014662 0.000000 0.000000 0.000000 0.000000 0.492498 0.000000 0.000000 0.000000 0.000000 0.000000 0.000000 0.000000 0.000000 0.000000
 0.000000 0.000000 0.000000 0.000001 0.000000 0.000002 0.150776 0.000000 0.000000 0.000000 0.000000 0.000000 0.335357 0.000062 0.000000 0.145340 0.336861 0.031600 0.000000 0.000000
the mean of prob-rank is 1.631578947368421
the number of false negetive edges is 0
the number of probability greater than 0 is 4.7/edge
