20
 0.000000 0.000000 0.279813 0.359584 0.000000 0.000000 0.000000 0.000000 0.359498 0.000000 0.000000 0.000000 0.000000 0.000000 0.000000 0.000000 0.000001 0.000000 0.001103 0.000000
 0.000000 0.000000 0.000000 0.000000 0.000000 0.000000 0.000000 0.000000 0.000000 0.000000 0.000000 0.500000 0.000000 0.000000 0.000000 0.000000 0.000000 0.500000 0.000000 0.000000
 0.192468 0.000000 0.000000 0.162877 0.000000 0.000000 0.133376 0.000000 0.241958 0.000000 0.237007 0.000000 0.000000 0.000000 0.000000 0.000000 0.000000 0.000000 0.032313 0.000000
 0.338971 0.000000 0.223220 0.000000 0.000000 0.000000 0.000000 0.000000 0.107889 0.000000 0.000000 0.000000 0.000000 0.000000 0.000000 0.000000 0.324661 0.000000 0.005258 0.000000
 0.000000 0.000000 0.000000 0.000000 0.000000 0.000000 0.000000 0.500000 0.000000 0.000000 0.000000 0.000000 0.000000 0.000000 0.000000 0.500000 0.000000 0.000000 0.000000 0.000000
 0.000000 0.000000 0.000000 0.000000 0.000000 0.000000 0.000000 0.000000 0.000078 0.499961 0.000000 0.000000 0.000000 0.000000 0.000000 0.000000 0.000000 0.000000 0.000000 0.499961
 0.000000 0.000000 0.212373 0.000000 0.000000 0.000000 0.000000 0.000000 0.000000 0.000000 0.393833 0.000000 0.000000 0.002467 0.000000 0.000000 0.000000 0.000000 0.391327 0.000000
 0.000000 0.000000 0.000000 0.000000 0.500000 0.000000 0.000000 0.000000 0.000000 0.000000 0.000000 0.000000 0.000000 0.000000 0.000000 0.000000 0.000000 0.000000 0.000000 0.500000
 0.338390 0.000000 0.331109 0.107729 0.000000 0.000053 0.000000 0.000000 0.000000 0.000000 0.000000 0.000000 0.000000 0.000000 0.000000 0.000000 0.222718 0.000000 0.000000 0.000000
 0.000000 0.000000 0.000000 0.000000 0.000000 0.500003 0.000000 0.000000 0.000000 0.000000 0.000000 0.000000 0.000000 0.000000 0.000000 0.000000 0.499996 0.000000 0.000000 0.000000
 0.000000 0.000000 0.357414 0.000000 0.000000 0.000000 0.372992 0.000000 0.000000 0.000000 0.000000 0.000000 0.000000 0.063163 0.062196 0.000000 0.000000 0.000000 0.144235 0.000000
 0.000000 0.500001 0.000000 0.000000 0.000000 0.000000 0.000000 0.000000 0.000000 0.000000 0.000000 0.000000 0.000000 0.000000 0.000000 0.499999 0.000000 0.000000 0.000000 0.000000
 0.000000 0.000000 0.000000 0.000000 0.000000 0.000000 0.000000 0.000000 0.000000 0.000000 0.000000 0.000000 0.000000 0.482832 0.481224 0.000000 0.020906 0.000000 0.015038 0.000000
 0.000000 0.000000 0.000000 0.000000 0.000000 0.000000 0.002880 0.000000 0.000000 0.000000 0.077844 0.000000 0.459667 0.000000 0.000000 0.000000 0.000000 0.000000 0.459609 0.000000
 0.000000 0.000000 0.000000 0.000000 0.000000 0.000000 0.000000 0.000000 0.000000 0.000000 0.077079 0.000000 0.460685 0.000000 0.000000 0.000000 0.000000 0.462236 0.000000 0.000000
 0.000000 0.000000 0.000000 0.000000 0.500001 0.000000 0.000000 0.000000 0.000000 0.000000 0.000000 0.499999 0.000000 0.000000 0.000000 0.000000 0.000000 0.000000 0.000000 0.000000
 0.000001 0.000000 0.000000 0.360184 0.000000 0.000000 0.000000 0.000000 0.247452 0.376055 0.000000 0.000000 0.016282 0.000000 0.000000 0.000000 0.000000 0.000000 0.000026 0.000000
 0.000000 0.500004 0.000000 0.000000 0.000000 0.000000 0.000000 0.000000 0.000000 0.000000 0.000000 0.000000 0.000000 0.000000 0.499996 0.000000 0.000000 0.000000 0.000000 0.000000
 0.001198 0.000000 0.051020 0.006058 0.000000 0.000000 0.388048 0.000000 0.000000 0.000000 0.151018 0.000000 0.012163 0.390467 0.000000 0.000000 0.000027 0.000000 0.000000 0.000000
 0.000000 0.000000 0.000000 0.000000 0.000000 0.500000 0.000000 0.500000 0.000000 0.000000 0.000000 0.000000 0.000000 0.000000 0.000000 0.000000 0.000000 0.000000 0.000000 0.000000
the mean of prob-rank is 1.5263157894736843
the number of false negetive edges is 0
the number of probability greater than 0 is 3.6/edge
