20
 0.000000 0.000000 0.000000 0.000000 0.000000 0.000000 0.004105 0.000000 0.001283 0.000013 0.000000 0.000000 0.496940 0.000000 0.000151 0.000000 0.000000 0.497507 0.000000 0.000000
 0.000000 0.000000 0.000000 0.499891 0.000000 0.000000 0.000000 0.000000 0.000011 0.000000 0.500098 0.000000 0.000000 0.000000 0.000000 0.000000 0.000000 0.000000 0.000000 0.000000
 0.000000 0.000000 0.000000 0.000000 0.000000 0.000000 0.000000 0.000000 0.000011 0.000000 0.000000 0.000000 0.000000 0.499997 0.499992 0.000000 0.000000 0.000000 0.000000 0.000000
 0.000000 0.477688 0.000000 0.000000 0.000000 0.000000 0.000000 0.477886 0.000000 0.000000 0.044427 0.000000 0.000000 0.000000 0.000000 0.000000 0.000000 0.000000 0.000000 0.000000
 0.000000 0.000000 0.000000 0.000000 0.000000 0.000000 0.000000 0.000000 0.000000 0.500000 0.000000 0.000000 0.000000 0.000000 0.000000 0.000000 0.000000 0.000000 0.000000 0.500000
 0.000000 0.000000 0.000000 0.000000 0.000000 0.000000 0.000000 0.499995 0.000000 0.000000 0.000000 0.000000 0.000000 0.000000 0.000000 0.000000 0.000000 0.000000 0.500005 0.000000
 0.004052 0.000000 0.000000 0.000000 0.000000 0.000000 0.000000 0.000000 0.000000 0.000000 0.000000 0.000000 0.491070 0.000000 0.000000 0.489922 0.002216 0.012740 0.000000 0.000000
 0.000000 0.000000 0.000000 0.500005 0.000000 0.499995 0.000000 0.000000 0.000000 0.000000 0.000000 0.000000 0.000000 0.000000 0.000000 0.000000 0.000000 0.000000 0.000000 0.000000
 0.001288 0.000011 0.000011 0.000000 0.000000 0.000000 0.000000 0.000000 0.000000 0.000000 0.499244 0.000000 0.000000 0.000000 0.499445 0.000000 0.000000 0.000001 0.000000 0.000000
 0.000013 0.000000 0.000000 0.000000 0.499998 0.000000 0.000000 0.000000 0.000000 0.000000 0.000000 0.000000 0.000000 0.000000 0.000000 0.499989 0.000000 0.000000 0.000000 0.000000
 0.000000 0.477883 0.000000 0.044427 0.000000 0.000000 0.000000 0.000000 0.477690 0.000000 0.000000 0.000000 0.000000 0.000000 0.000000 0.000000 0.000000 0.000000 0.000000 0.000000
 0.000000 0.000000 0.000000 0.000000 0.000000 0.000000 0.000000 0.000000 0.000000 0.000000 0.000000 0.000000 0.000000 0.000000 0.000000 0.000000 0.500000 0.000000 0.500000 0.000000
 0.451440 0.000000 0.000000 0.000000 0.000000 0.000000 0.451985 0.000000 0.000000 0.000000 0.000000 0.000000 0.000000 0.000000 0.000000 0.096575 0.000000 0.000000 0.000000 0.000000
 0.000000 0.000000 0.500001 0.000000 0.000000 0.000000 0.000000 0.000000 0.000000 0.000000 0.000000 0.000000 0.000000 0.000000 0.000000 0.000000 0.000000 0.000000 0.000000 0.499999
 0.000152 0.000000 0.499922 0.000000 0.000000 0.000000 0.000000 0.000000 0.499927 0.000000 0.000000 0.000000 0.000000 0.000000 0.000000 0.000000 0.000000 0.000000 0.000000 0.000000
 0.000000 0.000000 0.000000 0.000000 0.000000 0.000000 0.451163 0.000000 0.000000 0.452212 0.000000 0.000000 0.096625 0.000000 0.000000 0.000000 0.000000 0.000000 0.000000 0.000000
 0.000000 0.000000 0.000000 0.000000 0.000000 0.000000 0.002251 0.000000 0.000000 0.000000 0.000000 0.498896 0.000000 0.000000 0.000000 0.000000 0.000000 0.498852 0.000000 0.000000
 0.493603 0.000000 0.000000 0.000000 0.000000 0.000000 0.012806 0.000000 0.000001 0.000000 0.000000 0.000000 0.000000 0.000000 0.000000 0.000000 0.493591 0.000000 0.000000 0.000000
 0.000000 0.000000 0.000000 0.000000 0.000000 0.500000 0.000000 0.000000 0.000000 0.000000 0.000000 0.500000 0.000000 0.000000 0.000000 0.000000 0.000000 0.000000 0.000000 0.000000
 0.000000 0.000000 0.000000 0.000000 0.500001 0.000000 0.000000 0.000000 0.000000 0.000000 0.000000 0.000000 0.000000 0.499999 0.000000 0.000000 0.000000 0.000000 0.000000 0.000000
the mean of prob-rank is 1.4736842105263157
the number of false negetive edges is 0
the number of probability greater than 0 is 3.0/edge
