20
 0.000000 0.000000 0.501628 0.000000 0.000000 0.000000 0.000000 0.000000 0.000000 0.000000 0.000000 0.000000 0.000000 0.000000 0.498370 0.000002 0.000000 0.000000 0.000000 0.000000
 0.000000 0.000000 0.000000 0.000000 0.500015 0.000000 0.000000 0.000000 0.000000 0.000000 0.000000 0.000000 0.499977 0.000008 0.000000 0.000000 0.000000 0.000000 0.000000 0.000000
 0.455663 0.000000 0.000000 0.000000 0.000000 0.000000 0.000000 0.455223 0.000000 0.000000 0.000000 0.000000 0.000000 0.000000 0.000006 0.089107 0.000000 0.000000 0.000000 0.000000
 0.000000 0.000000 0.000000 0.000000 0.000000 0.000000 0.000000 0.000000 0.000000 0.000000 0.000000 0.000000 0.000000 0.000000 0.500000 0.000000 0.000000 0.500000 0.000000 0.000000
 0.000000 0.500000 0.000000 0.000000 0.000000 0.000000 0.000000 0.000000 0.500000 0.000000 0.000000 0.000000 0.000000 0.000000 0.000000 0.000000 0.000000 0.000000 0.000000 0.000000
 0.000000 0.000000 0.000000 0.000000 0.000000 0.000000 0.000000 0.000000 0.000000 0.000000 0.000000 0.000000 0.000000 0.000000 0.000000 0.000000 0.500000 0.500000 0.000000 0.000000
 0.000000 0.000000 0.000000 0.000000 0.000000 0.000000 0.000000 0.189161 0.000000 0.000000 0.000000 0.000000 0.000000 0.000000 0.000000 0.002671 0.000000 0.000000 0.403644 0.404525
 0.000000 0.000000 0.405330 0.000000 0.000000 0.000000 0.189437 0.000000 0.000000 0.000000 0.000000 0.000000 0.000000 0.000000 0.000000 0.405233 0.000000 0.000000 0.000000 0.000000
 0.000000 0.000000 0.000000 0.000000 0.500000 0.000000 0.000000 0.000000 0.000000 0.500000 0.000000 0.000000 0.000000 0.000000 0.000000 0.000000 0.000000 0.000000 0.000000 0.000000
 0.000000 0.000000 0.000000 0.000000 0.000000 0.000000 0.000000 0.000000 0.500000 0.000000 0.000000 0.000000 0.000000 0.000000 0.000000 0.000000 0.000000 0.000000 0.000000 0.500000
 0.000000 0.000000 0.000000 0.000000 0.000000 0.000000 0.000000 0.000000 0.000000 0.000000 0.000000 0.500000 0.000000 0.000000 0.000000 0.000000 0.500000 0.000000 0.000000 0.000000
 0.000000 0.000000 0.000000 0.000000 0.000000 0.000000 0.000000 0.000000 0.000000 0.000000 0.484404 0.000000 0.031350 0.484247 0.000000 0.000000 0.000000 0.000000 0.000000 0.000000
 0.000000 0.484312 0.000000 0.000000 0.000000 0.000000 0.000000 0.000000 0.000000 0.000000 0.000000 0.031346 0.000000 0.484342 0.000000 0.000000 0.000000 0.000000 0.000000 0.000000
 0.000000 0.000008 0.000000 0.000000 0.000000 0.000000 0.000000 0.000000 0.000000 0.000000 0.000000 0.499918 0.500074 0.000000 0.000000 0.000000 0.000000 0.000000 0.000000 0.000000
 0.498368 0.000000 0.000007 0.501625 0.000000 0.000000 0.000000 0.000000 0.000000 0.000000 0.000000 0.000000 0.000000 0.000000 0.000000 0.000000 0.000000 0.000000 0.000000 0.000000
 0.000002 0.000000 0.088858 0.000000 0.000000 0.000000 0.002996 0.453843 0.000000 0.000000 0.000000 0.000000 0.000000 0.000000 0.000000 0.000000 0.000000 0.000000 0.454301 0.000000
 0.000000 0.000000 0.000000 0.000000 0.000000 0.500000 0.000000 0.000000 0.000000 0.000000 0.500000 0.000000 0.000000 0.000000 0.000000 0.000000 0.000000 0.000000 0.000000 0.000000
 0.000000 0.000000 0.000000 0.500000 0.000000 0.500000 0.000000 0.000000 0.000000 0.000000 0.000000 0.000000 0.000000 0.000000 0.000000 0.000000 0.000000 0.000000 0.000000 0.000000
 0.000000 0.000000 0.000000 0.000000 0.000000 0.000000 0.450949 0.000000 0.000000 0.000000 0.000000 0.000000 0.000000 0.000000 0.000000 0.452521 0.000000 0.000000 0.000000 0.096530
 0.000000 0.000000 0.000000 0.000000 0.000000 0.000000 0.451449 0.000000 0.000000 0.452124 0.000000 0.000000 0.000000 0.000000 0.000000 0.000000 0.000000 0.000000 0.096427 0.000000
the mean of prob-rank is 1.631578947368421
the number of false negetive edges is 0
the number of probability greater than 0 is 2.8/edge
