20
 0.000000 0.000000 0.000000 0.000000 0.000000 0.000000 0.000000 0.000000 0.000000 0.000000 0.000000 0.000000 0.000000 0.000000 0.000000 0.000000 0.499990 0.000000 0.000000 0.500010
 0.000000 0.000000 0.000428 0.000000 0.000000 0.000000 0.032272 0.000000 0.278151 0.000000 0.000000 0.000000 0.356584 0.000000 0.000000 0.000000 0.000000 0.332564 0.000000 0.000000
 0.000000 0.000338 0.000000 0.003322 0.000000 0.000000 0.281717 0.000000 0.221198 0.016546 0.000000 0.000000 0.263854 0.000000 0.001429 0.016927 0.000000 0.194668 0.000000 0.000000
 0.000000 0.000000 0.004949 0.000000 0.394627 0.102177 0.000000 0.000000 0.000000 0.000000 0.000000 0.000000 0.000000 0.419425 0.000000 0.000000 0.000000 0.068453 0.010370 0.000000
 0.000000 0.000000 0.000000 0.212721 0.000000 0.222335 0.000000 0.180778 0.000000 0.000000 0.208869 0.000000 0.000000 0.008655 0.000000 0.000000 0.000000 0.000000 0.166641 0.000000
 0.000000 0.000000 0.000000 0.107088 0.432289 0.000000 0.000000 0.000001 0.000000 0.000000 0.000003 0.020778 0.000000 0.000000 0.000000 0.000000 0.000000 0.000000 0.439841 0.000000
 0.000000 0.031365 0.346560 0.000000 0.000000 0.000000 0.000000 0.000000 0.000000 0.000000 0.000000 0.000000 0.326972 0.000000 0.000000 0.000000 0.000000 0.295102 0.000000 0.000000
 0.000000 0.000000 0.000000 0.000000 0.276381 0.000001 0.000000 0.000000 0.000000 0.000000 0.345448 0.340877 0.000000 0.000018 0.000000 0.000000 0.000000 0.000000 0.037273 0.000003
 0.000000 0.246777 0.248401 0.000000 0.000000 0.000000 0.000000 0.000000 0.000000 0.001365 0.000000 0.000000 0.147389 0.000000 0.000000 0.316258 0.039809 0.000000 0.000000 0.000000
 0.000000 0.000000 0.028473 0.000000 0.000000 0.000000 0.000000 0.000000 0.002092 0.000000 0.000000 0.000000 0.000000 0.000000 0.484783 0.484650 0.000001 0.000000 0.000000 0.000000
 0.000000 0.000000 0.000000 0.000000 0.312373 0.000003 0.000000 0.337925 0.000000 0.000000 0.000000 0.002084 0.000000 0.032969 0.000000 0.000000 0.000000 0.009053 0.305594 0.000000
 0.000000 0.000000 0.000000 0.000000 0.000000 0.016837 0.000000 0.351275 0.000000 0.000000 0.002195 0.000000 0.000000 0.000000 0.000007 0.000000 0.000000 0.000000 0.273276 0.356410
 0.000000 0.298868 0.279918 0.000000 0.000000 0.000000 0.281975 0.000000 0.139239 0.000000 0.000000 0.000000 0.000000 0.000000 0.000000 0.000000 0.000000 0.000000 0.000000 0.000000
 0.000000 0.000000 0.000000 0.468068 0.017918 0.000000 0.000000 0.000024 0.000000 0.000000 0.045639 0.000000 0.000000 0.000000 0.000000 0.000000 0.000000 0.468350 0.000000 0.000000
 0.000000 0.000000 0.002517 0.000000 0.000000 0.000000 0.000000 0.000000 0.000000 0.496338 0.000000 0.000010 0.000000 0.000000 0.000000 0.004932 0.496202 0.000000 0.000000 0.000000
 0.000000 0.000000 0.029021 0.000000 0.000000 0.000000 0.000000 0.000000 0.482832 0.482858 0.000000 0.000000 0.000000 0.000000 0.004800 0.000000 0.000490 0.000000 0.000000 0.000000
 0.470229 0.000000 0.000000 0.000000 0.000000 0.000000 0.000000 0.000000 0.059174 0.000001 0.000000 0.000000 0.000000 0.000000 0.470120 0.000477 0.000000 0.000000 0.000000 0.000000
 0.000000 0.254470 0.188540 0.044504 0.000000 0.000000 0.232336 0.000000 0.000000 0.000000 0.007301 0.000000 0.000000 0.272849 0.000000 0.000000 0.000000 0.000000 0.000000 0.000000
 0.000000 0.000000 0.000000 0.006982 0.208139 0.282555 0.000000 0.030451 0.000000 0.000000 0.255221 0.216652 0.000000 0.000000 0.000000 0.000000 0.000000 0.000000 0.000000 0.000000
 0.499998 0.000000 0.000000 0.000000 0.000000 0.000000 0.000000 0.000004 0.000000 0.000000 0.000000 0.499998 0.000000 0.000000 0.000000 0.000000 0.000000 0.000000 0.000000 0.000000
the mean of prob-rank is 1.5263157894736843
the number of false negetive edges is 0
the number of probability greater than 0 is 5.25/edge
