20
 0.000000 0.042632 0.000000 0.000000 0.119270 0.000000 0.000000 0.060268 0.017629 0.000000 0.379692 0.000000 0.000000 0.000000 0.000002 0.379434 0.000000 0.000000 0.000990 0.000081
 0.051981 0.000000 0.000000 0.016209 0.000000 0.000000 0.000000 0.463099 0.000000 0.000000 0.000000 0.000110 0.000000 0.461073 0.000001 0.000000 0.000000 0.000000 0.000000 0.007527
 0.000000 0.000000 0.000000 0.000000 0.000036 0.474924 0.000000 0.000000 0.000000 0.000000 0.000000 0.000000 0.000000 0.000000 0.050083 0.000000 0.000000 0.000000 0.474957 0.000000
 0.000000 0.017202 0.000000 0.000000 0.000000 0.000000 0.000000 0.000003 0.000000 0.000000 0.000000 0.000000 0.000000 0.491455 0.000000 0.000000 0.491339 0.000000 0.000000 0.000000
 0.135986 0.000000 0.000033 0.000000 0.000000 0.432966 0.000000 0.000000 0.000000 0.000000 0.000000 0.000000 0.000000 0.000000 0.431006 0.000000 0.000000 0.000000 0.000009 0.000000
 0.000000 0.000000 0.465034 0.000000 0.464986 0.000000 0.000000 0.000000 0.000000 0.000000 0.000000 0.000000 0.000000 0.000000 0.000085 0.000000 0.000000 0.000000 0.069895 0.000000
 0.000000 0.000000 0.000000 0.000000 0.000000 0.000000 0.000000 0.000000 0.000000 0.000000 0.000000 0.000000 0.000000 0.000000 0.500000 0.000000 0.000000 0.500000 0.000000 0.000000
 0.047512 0.299417 0.000000 0.000002 0.000000 0.000000 0.000000 0.000000 0.000000 0.000000 0.000000 0.294772 0.000000 0.072821 0.000000 0.000000 0.000000 0.000000 0.000000 0.285476
 0.018847 0.000000 0.000000 0.000000 0.000000 0.000000 0.000000 0.000000 0.000000 0.403731 0.000000 0.000033 0.014928 0.000000 0.000000 0.405239 0.000000 0.000000 0.000000 0.157222
 0.000000 0.000000 0.000000 0.000000 0.000000 0.000000 0.000000 0.000000 0.449152 0.000000 0.000000 0.000000 0.451717 0.000000 0.000000 0.099131 0.000000 0.000000 0.000000 0.000000
 0.476549 0.000000 0.000000 0.000000 0.000000 0.000000 0.000000 0.000000 0.000000 0.000000 0.000000 0.000000 0.000000 0.000000 0.000000 0.047313 0.000000 0.000000 0.476139 0.000000
 0.000000 0.000089 0.000000 0.000000 0.000000 0.000000 0.000000 0.369206 0.000030 0.000000 0.000000 0.000000 0.255650 0.000001 0.000000 0.000000 0.000000 0.000000 0.000000 0.375023
 0.000000 0.000000 0.000000 0.000000 0.000000 0.000000 0.000000 0.000000 0.013566 0.368980 0.000000 0.251529 0.000000 0.006575 0.000000 0.000000 0.000000 0.000000 0.000000 0.359351
 0.000000 0.440988 0.000000 0.442904 0.000000 0.000000 0.000000 0.107724 0.000000 0.000000 0.000000 0.000002 0.007892 0.000000 0.000000 0.000000 0.000006 0.000484 0.000000 0.000000
 0.000003 0.000001 0.049074 0.000000 0.463205 0.000085 0.465392 0.000000 0.000000 0.000000 0.000000 0.000000 0.000000 0.000000 0.000000 0.000000 0.000000 0.000000 0.022241 0.000000
 0.431398 0.000000 0.000000 0.000000 0.000000 0.000000 0.000000 0.000000 0.430977 0.094766 0.042859 0.000000 0.000000 0.000000 0.000000 0.000000 0.000000 0.000000 0.000000 0.000000
 0.000000 0.000000 0.000000 0.499940 0.000000 0.000000 0.000000 0.000000 0.000000 0.000000 0.000000 0.000000 0.000000 0.000007 0.000000 0.000000 0.000000 0.500052 0.000000 0.000000
 0.000000 0.000000 0.000000 0.000000 0.000000 0.000000 0.499742 0.000000 0.000000 0.000000 0.000000 0.000000 0.000000 0.000546 0.000000 0.000000 0.499712 0.000000 0.000001 0.000000
 0.001185 0.000000 0.454640 0.000000 0.000010 0.068328 0.000000 0.000000 0.000000 0.000000 0.454109 0.000000 0.000000 0.000000 0.021727 0.000000 0.000000 0.000001 0.000000 0.000000
 0.000064 0.004880 0.000000 0.000000 0.000000 0.000000 0.000000 0.286231 0.116244 0.000000 0.000000 0.300207 0.292374 0.000000 0.000000 0.000000 0.000000 0.000000 0.000000 0.000000
the mean of prob-rank is 1.631578947368421
the number of false negetive edges is 0
the number of probability greater than 0 is 5.0/edge
