20
 0.000000 0.000000 0.000000 0.000000 0.000000 0.000000 0.000000 0.000000 0.000000 0.000000 0.000000 0.396501 0.204075 0.000000 0.000000 0.000000 0.000000 0.000000 0.399424 0.000000
 0.000000 0.000000 0.000000 0.000000 0.000000 0.000000 0.500001 0.000000 0.000000 0.499999 0.000000 0.000000 0.000000 0.000000 0.000000 0.000000 0.000000 0.000000 0.000000 0.000000
 0.000000 0.000000 0.000000 0.369858 0.000000 0.000000 0.000000 0.000000 0.000000 0.000000 0.000000 0.203702 0.055010 0.000000 0.371430 0.000000 0.000000 0.000000 0.000000 0.000000
 0.000000 0.000000 0.380314 0.000000 0.000000 0.000000 0.000000 0.000000 0.000000 0.000000 0.000000 0.000002 0.000000 0.381660 0.238024 0.000000 0.000000 0.000000 0.000000 0.000000
 0.000000 0.000000 0.000000 0.000000 0.000000 0.000000 0.000000 0.000000 0.000000 0.000000 0.000000 0.000000 0.000000 0.000000 0.000000 0.500000 0.000000 0.000000 0.000000 0.500000
 0.000000 0.000000 0.000000 0.000000 0.000000 0.000000 0.500000 0.000000 0.000000 0.000000 0.000000 0.000000 0.000000 0.000000 0.000000 0.500000 0.000000 0.000000 0.000000 0.000000
 0.000000 0.500000 0.000000 0.000000 0.000000 0.500000 0.000000 0.000000 0.000000 0.000000 0.000000 0.000000 0.000000 0.000000 0.000000 0.000000 0.000000 0.000000 0.000000 0.000000
 0.000000 0.000000 0.000000 0.000000 0.000000 0.000000 0.000000 0.000000 0.500000 0.000000 0.000000 0.000000 0.000000 0.000000 0.000000 0.000000 0.000000 0.500000 0.000000 0.000000
 0.000000 0.000000 0.000000 0.000000 0.000000 0.000000 0.000000 0.500001 0.000000 0.000000 0.000000 0.000000 0.000000 0.499999 0.000000 0.000000 0.000000 0.000000 0.000000 0.000000
 0.000000 0.500000 0.000000 0.000000 0.000000 0.000000 0.000000 0.000000 0.000000 0.000000 0.000000 0.000000 0.000000 0.000000 0.000000 0.000000 0.000000 0.000000 0.500000 0.000000
 0.000000 0.000000 0.000000 0.000000 0.000000 0.000000 0.000000 0.000000 0.000000 0.000000 0.000000 0.000000 0.000000 0.000000 0.000000 0.000000 0.500000 0.500000 0.000000 0.000000
 0.389331 0.000000 0.215003 0.000002 0.000000 0.000000 0.000000 0.000000 0.000000 0.000000 0.000000 0.000000 0.392213 0.000000 0.003451 0.000000 0.000000 0.000000 0.000000 0.000000
 0.195003 0.000000 0.056503 0.000000 0.000000 0.000000 0.000000 0.000000 0.000000 0.000000 0.000000 0.381680 0.000000 0.000000 0.366815 0.000000 0.000000 0.000000 0.000000 0.000000
 0.000000 0.000000 0.000000 0.460353 0.000000 0.000000 0.000000 0.000000 0.460886 0.000000 0.000000 0.000000 0.000000 0.000000 0.078761 0.000000 0.000000 0.000000 0.000000 0.000000
 0.000000 0.000000 0.361734 0.225436 0.000000 0.000000 0.000000 0.000000 0.000000 0.000000 0.000000 0.003184 0.347801 0.061844 0.000000 0.000000 0.000000 0.000000 0.000000 0.000000
 0.000000 0.000000 0.000000 0.000000 0.500000 0.500000 0.000000 0.000000 0.000000 0.000000 0.000000 0.000000 0.000000 0.000000 0.000000 0.000000 0.000000 0.000000 0.000000 0.000000
 0.000000 0.000000 0.000000 0.000000 0.000000 0.000000 0.000000 0.000000 0.000000 0.000000 0.500000 0.000000 0.000000 0.000000 0.000000 0.000000 0.000000 0.000000 0.000000 0.500000
 0.000000 0.000000 0.000000 0.000000 0.000000 0.000000 0.000000 0.500000 0.000000 0.000000 0.500000 0.000000 0.000000 0.000000 0.000000 0.000000 0.000000 0.000000 0.000000 0.000000
 0.499993 0.000000 0.000000 0.000000 0.000000 0.000000 0.000000 0.000000 0.000000 0.500007 0.000000 0.000000 0.000000 0.000000 0.000000 0.000000 0.000000 0.000000 0.000000 0.000000
 0.000000 0.000000 0.000000 0.000000 0.500000 0.000000 0.000000 0.000000 0.000000 0.000000 0.000000 0.000000 0.000000 0.000000 0.000000 0.000000 0.500000 0.000000 0.000000 0.000000
the mean of prob-rank is 1.4736842105263157
the number of false negetive edges is 0
the number of probability greater than 0 is 2.7/edge
