20
 0.000000 0.359859 0.000000 0.000000 0.000000 0.288152 0.000000 0.000000 0.000000 0.000000 0.000000 0.000000 0.000000 0.000000 0.000000 0.000000 0.000000 0.351989 0.000000 0.000000
 0.499999 0.000000 0.500001 0.000000 0.000000 0.000000 0.000000 0.000000 0.000000 0.000000 0.000000 0.000000 0.000000 0.000000 0.000000 0.000000 0.000000 0.000000 0.000000 0.000000
 0.000000 0.500000 0.000000 0.500000 0.000000 0.000000 0.000000 0.000000 0.000000 0.000000 0.000000 0.000000 0.000000 0.000000 0.000000 0.000000 0.000000 0.000000 0.000000 0.000000
 0.000000 0.000000 0.500000 0.000000 0.000000 0.000000 0.000000 0.000000 0.000000 0.000000 0.500000 0.000000 0.000000 0.000000 0.000000 0.000000 0.000000 0.000000 0.000000 0.000000
 0.000000 0.000000 0.000000 0.000000 0.000000 0.000000 0.000000 0.000000 0.340060 0.344487 0.000000 0.000000 0.000000 0.000000 0.000000 0.000000 0.000000 0.000000 0.000000 0.315454
 0.286621 0.000000 0.000000 0.000000 0.000000 0.000000 0.000000 0.000000 0.069390 0.000000 0.000000 0.357861 0.000000 0.000000 0.000000 0.000000 0.004698 0.281430 0.000000 0.000000
 0.000000 0.000000 0.000000 0.000000 0.000000 0.000000 0.000000 0.020276 0.000016 0.000000 0.000000 0.489981 0.000000 0.489727 0.000000 0.000000 0.000000 0.000000 0.000000 0.000000
 0.000000 0.000000 0.000000 0.000000 0.000000 0.000000 0.019792 0.000000 0.026671 0.475253 0.000000 0.000000 0.000000 0.478284 0.000000 0.000000 0.000000 0.000000 0.000000 0.000000
 0.000000 0.000000 0.000000 0.000000 0.294316 0.058198 0.000010 0.016741 0.000000 0.143887 0.000000 0.000000 0.000000 0.039080 0.000000 0.000000 0.297502 0.121793 0.028474 0.000000
 0.000000 0.000000 0.000000 0.000000 0.402712 0.000000 0.000000 0.402936 0.194350 0.000000 0.000000 0.000000 0.000000 0.000001 0.000000 0.000000 0.000000 0.000000 0.000000 0.000000
 0.000000 0.000000 0.000000 0.500000 0.000000 0.000000 0.000000 0.000000 0.000000 0.000000 0.000000 0.000000 0.000000 0.000000 0.500000 0.000000 0.000000 0.000000 0.000000 0.000000
 0.000000 0.000000 0.000000 0.000000 0.000000 0.499942 0.500058 0.000000 0.000000 0.000000 0.000000 0.000000 0.000000 0.000000 0.000000 0.000000 0.000000 0.000000 0.000000 0.000000
 0.000000 0.000000 0.000000 0.000000 0.000000 0.000000 0.000000 0.000000 0.000000 0.000000 0.000000 0.000000 0.000000 0.000000 0.500000 0.500000 0.000000 0.000000 0.000000 0.000000
 0.000000 0.000000 0.000000 0.000000 0.000000 0.000000 0.469314 0.469561 0.061124 0.000001 0.000000 0.000000 0.000000 0.000000 0.000000 0.000000 0.000000 0.000000 0.000000 0.000000
 0.000000 0.000000 0.000000 0.000000 0.000000 0.000000 0.000000 0.000000 0.000000 0.000000 0.499979 0.000000 0.499979 0.000000 0.000000 0.000000 0.000000 0.000042 0.000000 0.000000
 0.000000 0.000000 0.000000 0.000000 0.000000 0.000000 0.000000 0.000000 0.000000 0.000000 0.000000 0.000000 0.499999 0.000000 0.000000 0.000000 0.000000 0.000000 0.000000 0.500001
 0.000000 0.000000 0.000000 0.000000 0.000000 0.005687 0.000000 0.000000 0.429389 0.000000 0.000000 0.000000 0.000000 0.000000 0.000000 0.000000 0.000000 0.127430 0.433292 0.004202
 0.290861 0.000000 0.000000 0.000000 0.000000 0.233799 0.000000 0.000000 0.120636 0.000000 0.000000 0.000000 0.000000 0.000000 0.000025 0.000000 0.087451 0.000000 0.266314 0.000914
 0.000000 0.000000 0.000000 0.000000 0.000000 0.000000 0.000000 0.000000 0.033206 0.000000 0.000000 0.000000 0.000000 0.000000 0.000000 0.000000 0.350105 0.313558 0.000000 0.303130
 0.000000 0.000000 0.000000 0.000000 0.326190 0.000000 0.000000 0.000000 0.000000 0.000000 0.000000 0.000000 0.000000 0.000000 0.000000 0.358683 0.003478 0.001103 0.310546 0.000000
the mean of prob-rank is 1.6842105263157894
the number of false negetive edges is 0
the number of probability greater than 0 is 3.7/edge
