20
 0.000000 0.000000 0.020766 0.000000 0.000000 0.000000 0.000000 0.000000 0.000000 0.000000 0.000000 0.469771 0.000000 0.001683 0.035707 0.000000 0.472073 0.000000 0.000000 0.000000
 0.000000 0.000000 0.000000 0.000000 0.500000 0.000000 0.000000 0.000000 0.000000 0.000000 0.000000 0.000000 0.000000 0.000000 0.000000 0.000000 0.000000 0.000000 0.500000 0.000000
 0.021536 0.000000 0.000000 0.488891 0.000000 0.000000 0.489573 0.000000 0.000000 0.000000 0.000000 0.000000 0.000000 0.000000 0.000000 0.000000 0.000000 0.000000 0.000000 0.000000
 0.000000 0.000000 0.491969 0.000000 0.492658 0.000000 0.015373 0.000000 0.000000 0.000000 0.000000 0.000000 0.000000 0.000000 0.000000 0.000000 0.000000 0.000000 0.000000 0.000000
 0.000000 0.500000 0.000000 0.500000 0.000000 0.000000 0.000000 0.000000 0.000000 0.000000 0.000000 0.000000 0.000000 0.000000 0.000000 0.000000 0.000000 0.000000 0.000000 0.000000
 0.000000 0.000000 0.000000 0.000000 0.000000 0.000000 0.000000 0.500000 0.000000 0.000000 0.000000 0.000000 0.500000 0.000000 0.000000 0.000000 0.000000 0.000000 0.000000 0.000000
 0.000000 0.000000 0.478930 0.014944 0.000000 0.000000 0.000000 0.000000 0.000000 0.000000 0.000000 0.027270 0.000000 0.478855 0.000000 0.000000 0.000000 0.000000 0.000000 0.000000
 0.000000 0.000000 0.000000 0.000000 0.000000 0.500000 0.000000 0.000000 0.000000 0.000000 0.000000 0.000000 0.000000 0.000000 0.000000 0.000000 0.500000 0.000000 0.000000 0.000000
 0.000000 0.000000 0.000000 0.000000 0.000000 0.000000 0.000000 0.000000 0.000000 0.000000 0.000000 0.000000 0.000000 0.000000 0.000000 0.500032 0.000000 0.000004 0.000000 0.499965
 0.000000 0.000000 0.000000 0.000000 0.000000 0.000000 0.000000 0.000000 0.000000 0.000000 0.000000 0.000000 0.500008 0.000000 0.000000 0.000000 0.000000 0.000000 0.000000 0.499992
 0.000000 0.000000 0.000000 0.000000 0.000000 0.000000 0.000000 0.000000 0.000000 0.000000 0.000000 0.000328 0.000000 0.000418 0.476842 0.000000 0.000000 0.043897 0.478515 0.000000
 0.452160 0.000000 0.000000 0.000000 0.000000 0.000000 0.025872 0.000000 0.000000 0.000000 0.000311 0.000000 0.000000 0.454376 0.067281 0.000000 0.000000 0.000000 0.000000 0.000000
 0.000000 0.000000 0.000000 0.000000 0.000000 0.500000 0.000000 0.000000 0.000000 0.500000 0.000000 0.000000 0.000000 0.000000 0.000000 0.000000 0.000000 0.000000 0.000000 0.000000
 0.001773 0.000000 0.000000 0.000000 0.000000 0.000000 0.497358 0.000000 0.000000 0.000000 0.000435 0.497440 0.000000 0.000000 0.002994 0.000000 0.000000 0.000000 0.000000 0.000000
 0.034024 0.000000 0.000000 0.000000 0.000000 0.000000 0.000000 0.000000 0.000000 0.000000 0.448257 0.066607 0.000000 0.002707 0.000000 0.000000 0.000000 0.448404 0.000000 0.000000
 0.000000 0.000000 0.000000 0.000000 0.000000 0.000000 0.000000 0.000000 0.496444 0.000000 0.000000 0.000000 0.000000 0.000000 0.000000 0.000000 0.000000 0.496407 0.000000 0.007149
 0.500000 0.000000 0.000000 0.000000 0.000000 0.000000 0.000000 0.500000 0.000000 0.000000 0.000000 0.000000 0.000000 0.000000 0.000000 0.000000 0.000000 0.000000 0.000000 0.000000
 0.000000 0.000000 0.000000 0.000000 0.000000 0.000000 0.000000 0.000000 0.000004 0.000000 0.043924 0.000000 0.000000 0.000000 0.477297 0.478775 0.000000 0.000000 0.000000 0.000000
 0.000000 0.500000 0.000000 0.000000 0.000000 0.000000 0.000000 0.000000 0.000000 0.000000 0.500000 0.000000 0.000000 0.000000 0.000000 0.000000 0.000000 0.000000 0.000000 0.000000
 0.000000 0.000000 0.000000 0.000000 0.000000 0.000000 0.000000 0.000000 0.496399 0.496452 0.000000 0.000000 0.000000 0.000000 0.000000 0.007149 0.000000 0.000000 0.000000 0.000000
the mean of prob-rank is 1.631578947368421
the number of false negetive edges is 0
the number of probability greater than 0 is 3.2/edge
