20
 0.000000 0.000000 0.000000 0.000000 0.000000 0.000000 0.000000 0.000000 0.000000 0.000000 0.000000 0.000000 0.000000 0.000000 0.000000 0.500001 0.000000 0.499999 0.000000 0.000000
 0.000000 0.000000 0.000793 0.000000 0.000000 0.000000 0.498669 0.000000 0.000000 0.000000 0.000004 0.498718 0.001817 0.000000 0.000000 0.000000 0.000000 0.000000 0.000000 0.000000
 0.000000 0.000791 0.000000 0.000000 0.000000 0.000000 0.000000 0.000000 0.000000 0.497313 0.497097 0.000000 0.000000 0.004799 0.000000 0.000000 0.000000 0.000000 0.000000 0.000000
 0.000000 0.000000 0.000000 0.000000 0.000000 0.010444 0.000000 0.000000 0.000000 0.000000 0.000000 0.000000 0.000000 0.494714 0.000000 0.000000 0.494842 0.000000 0.000000 0.000000
 0.000000 0.000000 0.000000 0.000000 0.000000 0.000000 0.000000 0.000000 0.493245 0.000000 0.000000 0.493269 0.000092 0.000000 0.000000 0.000000 0.000000 0.000000 0.013394 0.000000
 0.000000 0.000000 0.000000 0.010446 0.000000 0.000000 0.000000 0.000000 0.000000 0.000000 0.494943 0.000000 0.000000 0.494611 0.000000 0.000000 0.000000 0.000000 0.000000 0.000000
 0.000000 0.492936 0.000000 0.000000 0.000000 0.000000 0.000000 0.000000 0.000000 0.004402 0.000000 0.000000 0.492559 0.000000 0.000000 0.000000 0.000000 0.000000 0.010103 0.000000
 0.000000 0.000000 0.000000 0.000000 0.000000 0.000000 0.000000 0.000000 0.000000 0.000000 0.000000 0.000000 0.000000 0.000000 0.000000 0.000000 0.500000 0.000000 0.000000 0.500000
 0.000000 0.000000 0.000000 0.000000 0.499986 0.000000 0.000000 0.000000 0.000000 0.000000 0.000000 0.000000 0.000000 0.000000 0.000000 0.500011 0.000000 0.000000 0.000003 0.000000
 0.000000 0.000000 0.488866 0.000000 0.000000 0.000000 0.004365 0.000000 0.000000 0.000000 0.000000 0.000000 0.018251 0.000000 0.000000 0.000000 0.000000 0.000000 0.488518 0.000000
 0.000000 0.000004 0.499176 0.000000 0.000000 0.499373 0.000000 0.000000 0.000000 0.000000 0.000000 0.000000 0.000000 0.001448 0.000000 0.000000 0.000000 0.000000 0.000000 0.000000
 0.000000 0.499999 0.000000 0.000000 0.500001 0.000000 0.000000 0.000000 0.000000 0.000000 0.000000 0.000000 0.000000 0.000000 0.000000 0.000000 0.000000 0.000000 0.000000 0.000000
 0.000000 0.001785 0.000000 0.000000 0.000091 0.000000 0.489700 0.000000 0.000000 0.018298 0.000000 0.000000 0.000000 0.000000 0.000000 0.000000 0.000000 0.000000 0.490125 0.000000
 0.000000 0.000000 0.004798 0.496984 0.000000 0.496778 0.000000 0.000000 0.000000 0.000000 0.001441 0.000000 0.000000 0.000000 0.000000 0.000000 0.000000 0.000000 0.000000 0.000000
 0.000000 0.000000 0.000000 0.000000 0.000000 0.000000 0.000000 0.000000 0.000000 0.000000 0.000000 0.000000 0.000000 0.000000 0.000000 0.000000 0.000000 0.500042 0.000000 0.499958
 0.500000 0.000000 0.000000 0.000000 0.000000 0.000000 0.000000 0.000000 0.500000 0.000000 0.000000 0.000000 0.000000 0.000000 0.000000 0.000000 0.000000 0.000000 0.000000 0.000000
 0.000000 0.000000 0.000000 0.499990 0.000000 0.000000 0.000000 0.500009 0.000000 0.000000 0.000000 0.000000 0.000000 0.000000 0.000000 0.000000 0.000000 0.000000 0.000000 0.000000
 0.499763 0.000000 0.000000 0.000000 0.000000 0.000000 0.000000 0.000000 0.000000 0.000000 0.000000 0.000000 0.000000 0.000000 0.499765 0.000000 0.000000 0.000000 0.000000 0.000472
 0.000000 0.000000 0.000000 0.000000 0.013265 0.000000 0.010011 0.000000 0.000003 0.488186 0.000000 0.000000 0.488534 0.000000 0.000000 0.000000 0.000000 0.000000 0.000000 0.000000
 0.000000 0.000000 0.000000 0.000000 0.000000 0.000000 0.000000 0.499806 0.000000 0.000000 0.000000 0.000000 0.000000 0.000000 0.499721 0.000000 0.000000 0.000472 0.000000 0.000000
the mean of prob-rank is 1.5263157894736843
the number of false negetive edges is 0
the number of probability greater than 0 is 3.3/edge
