20
 0.000000 0.000000 0.000000 0.000000 0.000000 0.346083 0.000000 0.000000 0.353927 0.000000 0.000000 0.118326 0.000000 0.000000 0.000000 0.000000 0.181664 0.000000 0.000000 0.000000
 0.000000 0.000000 0.001349 0.000000 0.000000 0.000000 0.000000 0.000000 0.000000 0.000000 0.000000 0.000000 0.000000 0.000000 0.499325 0.499325 0.000000 0.000000 0.000000 0.000000
 0.000000 0.001349 0.000000 0.000000 0.000000 0.000000 0.499309 0.000000 0.000000 0.000000 0.000000 0.000000 0.499341 0.000000 0.000000 0.000000 0.000000 0.000000 0.000000 0.000000
 0.000000 0.000000 0.000000 0.000000 0.000000 0.000000 0.000000 0.463568 0.000000 0.000000 0.463583 0.000000 0.000000 0.072849 0.000000 0.000000 0.000000 0.000000 0.000000 0.000000
 0.000000 0.000000 0.000000 0.000000 0.000000 0.021123 0.000000 0.000000 0.000000 0.489494 0.000000 0.000000 0.000000 0.000000 0.000000 0.000000 0.000000 0.489384 0.000000 0.000000
 0.376248 0.000000 0.000000 0.000000 0.016628 0.000000 0.000001 0.000000 0.009359 0.000000 0.000000 0.000000 0.000000 0.000000 0.000000 0.385281 0.209723 0.002759 0.000000 0.000000
 0.000000 0.000000 0.499983 0.000000 0.000000 0.000001 0.000000 0.000000 0.000000 0.000000 0.000000 0.000000 0.000000 0.000000 0.000000 0.000000 0.000000 0.000000 0.000002 0.500014
 0.000000 0.000000 0.000000 0.445902 0.000000 0.000000 0.000000 0.000000 0.000000 0.000000 0.000000 0.000000 0.000000 0.445917 0.000000 0.000000 0.108181 0.000000 0.000000 0.000000
 0.484978 0.000000 0.000000 0.000000 0.000000 0.011797 0.000000 0.000000 0.000000 0.000000 0.000000 0.485694 0.000000 0.002025 0.002239 0.013267 0.000000 0.000000 0.000000 0.000000
 0.000000 0.000000 0.000000 0.000000 0.500000 0.000000 0.000000 0.000000 0.000000 0.000000 0.500000 0.000000 0.000000 0.000000 0.000000 0.000000 0.000000 0.000000 0.000000 0.000000
 0.000000 0.000000 0.000000 0.500000 0.000000 0.000000 0.000000 0.000000 0.000000 0.500000 0.000000 0.000000 0.000000 0.000000 0.000000 0.000000 0.000000 0.000000 0.000000 0.000000
 0.111610 0.000000 0.000000 0.000000 0.000000 0.000000 0.000000 0.000000 0.334333 0.000000 0.000000 0.000000 0.000000 0.221730 0.000000 0.000000 0.332327 0.000000 0.000000 0.000000
 0.000000 0.000000 0.500000 0.000000 0.000000 0.000000 0.000000 0.000000 0.000000 0.000000 0.000000 0.000000 0.000000 0.000000 0.500000 0.000000 0.000000 0.000000 0.000000 0.000000
 0.000000 0.000000 0.000000 0.056221 0.000000 0.000000 0.000000 0.357767 0.001491 0.000000 0.000000 0.237271 0.000000 0.000000 0.000000 0.000000 0.347249 0.000000 0.000000 0.000000
 0.000000 0.498850 0.000000 0.000000 0.000000 0.000000 0.000000 0.000000 0.002300 0.000000 0.000000 0.000000 0.498850 0.000000 0.000000 0.000000 0.000000 0.000000 0.000000 0.000000
 0.000000 0.493303 0.000000 0.000000 0.000000 0.493222 0.000000 0.000000 0.013475 0.000000 0.000000 0.000000 0.000000 0.000000 0.000000 0.000000 0.000000 0.000000 0.000000 0.000000
 0.157024 0.000000 0.000000 0.000000 0.000000 0.166744 0.000000 0.074328 0.000000 0.000000 0.000000 0.304536 0.000000 0.297367 0.000000 0.000000 0.000000 0.000000 0.000000 0.000000
 0.000000 0.000000 0.000000 0.000000 0.498161 0.003568 0.000000 0.000000 0.000000 0.000000 0.000000 0.000000 0.000000 0.000000 0.000000 0.000000 0.000000 0.000000 0.498271 0.000000
 0.000000 0.000000 0.000000 0.000000 0.000000 0.000000 0.000002 0.000000 0.000000 0.000000 0.000000 0.000000 0.000000 0.000000 0.000000 0.000000 0.000000 0.499998 0.000000 0.500000
 0.000000 0.000000 0.000000 0.000000 0.000000 0.000000 0.500000 0.000000 0.000000 0.000000 0.000000 0.000000 0.000000 0.000000 0.000000 0.000000 0.000000 0.000000 0.500000 0.000000
the mean of prob-rank is 1.5789473684210527
the number of false negetive edges is 0
the number of probability greater than 0 is 3.45/edge
