20
 0.000000 0.000000 0.000000 0.000000 0.000000 0.000000 0.000000 0.000045 0.000000 0.000000 0.000000 0.000000 0.000000 0.000000 0.500358 0.000000 0.000000 0.000000 0.499597 0.000000
 0.000000 0.000000 0.000000 0.000000 0.000000 0.000000 0.001944 0.000000 0.000000 0.499030 0.000000 0.000000 0.000000 0.000000 0.000000 0.000000 0.499026 0.000000 0.000000 0.000000
 0.000000 0.000000 0.000000 0.000000 0.500000 0.000000 0.000000 0.000000 0.000000 0.000000 0.000000 0.000000 0.000000 0.000000 0.000000 0.500000 0.000000 0.000000 0.000000 0.000000
 0.000000 0.000000 0.000000 0.000000 0.000000 0.499995 0.000000 0.000000 0.000000 0.000000 0.000000 0.000000 0.000000 0.000000 0.000000 0.499996 0.000009 0.000000 0.000000 0.000000
 0.000000 0.000000 0.500000 0.000000 0.000000 0.000000 0.000000 0.000000 0.000000 0.000000 0.500000 0.000000 0.000000 0.000000 0.000000 0.000000 0.000000 0.000000 0.000000 0.000000
 0.000000 0.000000 0.000000 0.499971 0.000000 0.000000 0.000000 0.000000 0.000000 0.000000 0.000000 0.000057 0.000000 0.000000 0.000000 0.000000 0.499972 0.000000 0.000000 0.000000
 0.000000 0.001944 0.000000 0.000000 0.000000 0.000000 0.000000 0.000000 0.000000 0.000004 0.000000 0.498999 0.000000 0.000000 0.000000 0.000000 0.000000 0.499053 0.000000 0.000000
 0.000045 0.000000 0.000000 0.000000 0.000000 0.000000 0.000000 0.000000 0.000000 0.000000 0.000000 0.000000 0.499871 0.000000 0.000000 0.000000 0.000000 0.000000 0.500084 0.000000
 0.000000 0.000000 0.000000 0.000000 0.000000 0.000000 0.000000 0.000000 0.000000 0.000001 0.000000 0.000000 0.000000 0.500000 0.000000 0.000000 0.000000 0.000000 0.000000 0.499999
 0.000000 0.500002 0.000000 0.000000 0.000000 0.000000 0.000004 0.000000 0.000001 0.000000 0.000000 0.000000 0.000000 0.000000 0.000000 0.000000 0.000000 0.499993 0.000000 0.000000
 0.000000 0.000000 0.000000 0.000000 0.500000 0.000000 0.000000 0.000000 0.000000 0.000000 0.000000 0.000000 0.000000 0.000000 0.500000 0.000000 0.000000 0.000000 0.000000 0.000000
 0.000000 0.000000 0.000000 0.000000 0.000000 0.000057 0.496999 0.000000 0.000000 0.000000 0.000000 0.000000 0.000000 0.000000 0.000000 0.000000 0.000000 0.005890 0.000000 0.497054
 0.000000 0.000000 0.000000 0.000000 0.000000 0.000000 0.000000 0.494912 0.000000 0.000000 0.000000 0.000000 0.000000 0.495123 0.000000 0.000000 0.000000 0.000000 0.009966 0.000000
 0.000000 0.000000 0.000000 0.000000 0.000000 0.000000 0.000000 0.000000 0.500000 0.000000 0.000000 0.000000 0.500000 0.000000 0.000000 0.000000 0.000000 0.000000 0.000000 0.000000
 0.499999 0.000000 0.000000 0.000000 0.000000 0.000000 0.000000 0.000000 0.000000 0.000000 0.500001 0.000000 0.000000 0.000000 0.000000 0.000000 0.000000 0.000000 0.000000 0.000000
 0.000000 0.000000 0.500000 0.500000 0.000000 0.000000 0.000000 0.000000 0.000000 0.000000 0.000000 0.000000 0.000000 0.000000 0.000000 0.000000 0.000000 0.000000 0.000000 0.000000
 0.000000 0.499994 0.000000 0.000009 0.000000 0.499997 0.000000 0.000000 0.000000 0.000000 0.000000 0.000000 0.000000 0.000000 0.000000 0.000000 0.000000 0.000000 0.000000 0.000000
 0.000000 0.000000 0.000000 0.000000 0.000000 0.000000 0.497047 0.000000 0.000000 0.497039 0.000000 0.005890 0.000000 0.000000 0.000000 0.000000 0.000000 0.000000 0.000000 0.000024
 0.494637 0.000000 0.000000 0.000000 0.000000 0.000000 0.000000 0.495392 0.000000 0.000000 0.000000 0.000000 0.009971 0.000000 0.000000 0.000000 0.000000 0.000000 0.000000 0.000000
 0.000000 0.000000 0.000000 0.000000 0.000000 0.000000 0.000000 0.000000 0.499987 0.000000 0.000000 0.499989 0.000000 0.000000 0.000000 0.000000 0.000000 0.000024 0.000000 0.000000
the mean of prob-rank is 1.4736842105263157
the number of false negetive edges is 0
the number of probability greater than 0 is 2.8/edge
