20
 0.000000 0.000000 0.000000 0.050767 0.476280 0.000000 0.000000 0.000014 0.000000 0.000000 0.000000 0.000000 0.472934 0.000000 0.000000 0.000005 0.000000 0.000000 0.000000 0.000000
 0.000000 0.000000 0.000000 0.000000 0.000000 0.000000 0.000000 0.000000 0.000000 0.500000 0.000000 0.000000 0.000000 0.000000 0.000000 0.000000 0.500000 0.000000 0.000000 0.000000
 0.000000 0.000000 0.000000 0.466845 0.000000 0.000000 0.000000 0.000000 0.000000 0.000000 0.000000 0.000000 0.066378 0.000000 0.000000 0.000000 0.000000 0.000000 0.466777 0.000000
 0.050031 0.000000 0.469386 0.000000 0.000000 0.000000 0.000000 0.000000 0.000000 0.000000 0.000000 0.000000 0.468575 0.000000 0.000000 0.000000 0.000000 0.000000 0.012008 0.000000
 0.499999 0.000000 0.000000 0.000000 0.000000 0.000000 0.000000 0.000001 0.000000 0.000000 0.000000 0.000000 0.000000 0.000000 0.000000 0.000000 0.000000 0.500000 0.000000 0.000000
 0.000000 0.000000 0.000000 0.000000 0.000000 0.000000 0.000000 0.000000 0.000000 0.000002 0.000000 0.000000 0.000000 0.000000 0.000000 0.000000 0.499999 0.000000 0.500000 0.000000
 0.000000 0.000000 0.000000 0.000000 0.000000 0.000000 0.000000 0.000000 0.000000 0.500000 0.000000 0.000000 0.000000 0.000000 0.500000 0.000000 0.000000 0.000000 0.000000 0.000000
 0.000015 0.000000 0.000000 0.000000 0.000001 0.000000 0.000000 0.000000 0.000000 0.000000 0.000000 0.499919 0.000010 0.000000 0.000000 0.000049 0.000000 0.500005 0.000000 0.000000
 0.000000 0.000000 0.000000 0.000000 0.000000 0.000000 0.000000 0.000000 0.000000 0.000000 0.000000 0.024660 0.000000 0.186133 0.000000 0.393379 0.000000 0.000000 0.000000 0.395828
 0.000000 0.499355 0.000000 0.000000 0.000000 0.000002 0.499356 0.000000 0.000000 0.000000 0.000000 0.000000 0.000000 0.000000 0.000000 0.000000 0.001287 0.000000 0.000000 0.000000
 0.000000 0.000000 0.000000 0.000000 0.000000 0.000000 0.000000 0.000000 0.000000 0.000000 0.000000 0.500003 0.000000 0.000000 0.000000 0.499997 0.000000 0.000000 0.000000 0.000000
 0.000000 0.000000 0.000000 0.000000 0.000000 0.000000 0.000000 0.484852 0.030212 0.000000 0.484936 0.000000 0.000000 0.000000 0.000000 0.000000 0.000000 0.000000 0.000000 0.000000
 0.465427 0.000000 0.066646 0.467918 0.000000 0.000000 0.000000 0.000009 0.000000 0.000000 0.000000 0.000000 0.000000 0.000000 0.000000 0.000000 0.000000 0.000000 0.000000 0.000000
 0.000000 0.000000 0.000000 0.000000 0.000000 0.000000 0.000000 0.000000 0.192105 0.000000 0.000000 0.000000 0.000000 0.000000 0.408529 0.000000 0.000000 0.000000 0.000000 0.399366
 0.000000 0.000000 0.000000 0.000000 0.000000 0.000000 0.500000 0.000000 0.000000 0.000000 0.000000 0.000000 0.000000 0.500000 0.000000 0.000000 0.000000 0.000000 0.000000 0.000000
 0.000004 0.000000 0.000000 0.000000 0.000000 0.000000 0.000000 0.000037 0.369450 0.000000 0.371746 0.000000 0.000000 0.000000 0.000000 0.000000 0.000000 0.000000 0.000000 0.258764
 0.000000 0.499357 0.000000 0.000000 0.000000 0.499356 0.000000 0.000000 0.000000 0.001287 0.000000 0.000000 0.000000 0.000000 0.000000 0.000000 0.000000 0.000000 0.000000 0.000000
 0.000000 0.000000 0.000000 0.000000 0.499995 0.000000 0.000000 0.500005 0.000000 0.000000 0.000000 0.000000 0.000000 0.000000 0.000000 0.000000 0.000000 0.000000 0.000000 0.000000
 0.000000 0.000000 0.493648 0.012630 0.000000 0.493721 0.000000 0.000000 0.000000 0.000000 0.000000 0.000000 0.000000 0.000000 0.000000 0.000000 0.000000 0.000000 0.000000 0.000000
 0.000000 0.000000 0.000000 0.000000 0.000000 0.000000 0.000000 0.000000 0.374022 0.000000 0.000000 0.000000 0.000000 0.365633 0.000000 0.260345 0.000000 0.000000 0.000000 0.000000
the mean of prob-rank is 1.5263157894736843
the number of false negetive edges is 0
the number of probability greater than 0 is 3.3/edge
