20
 0.000000 0.000000 0.500003 0.000000 0.000000 0.000000 0.499997 0.000000 0.000000 0.000000 0.000000 0.000000 0.000000 0.000000 0.000000 0.000000 0.000000 0.000000 0.000000 0.000000
 0.000000 0.000000 0.000000 0.000615 0.000000 0.000000 0.000000 0.000000 0.000000 0.000038 0.000000 0.000000 0.000000 0.070876 0.000000 0.000000 0.000000 0.463711 0.464759 0.000000
 0.492030 0.000000 0.000000 0.000000 0.000000 0.000000 0.000000 0.000000 0.000000 0.000000 0.005361 0.000000 0.000001 0.000000 0.489590 0.000000 0.000000 0.000000 0.000000 0.013018
 0.000000 0.000500 0.000000 0.000000 0.000000 0.000000 0.000000 0.000000 0.000000 0.377681 0.000000 0.000000 0.055795 0.372663 0.000057 0.000000 0.000000 0.193305 0.000000 0.000000
 0.000000 0.000000 0.000000 0.000000 0.000000 0.000000 0.500140 0.000000 0.000000 0.000000 0.000000 0.000000 0.000000 0.000000 0.000000 0.499627 0.000000 0.000000 0.000000 0.000233
 0.000000 0.000000 0.000000 0.000000 0.000000 0.000000 0.000000 0.000000 0.500000 0.000000 0.000000 0.000000 0.000000 0.000000 0.000000 0.000000 0.500000 0.000000 0.000000 0.000000
 0.499997 0.000000 0.000000 0.000000 0.500003 0.000000 0.000000 0.000000 0.000000 0.000000 0.000000 0.000000 0.000000 0.000000 0.000000 0.000000 0.000000 0.000000 0.000000 0.000000
 0.000000 0.000000 0.000000 0.000000 0.000000 0.000000 0.000000 0.000000 0.000000 0.000000 0.463887 0.000000 0.000000 0.000000 0.070476 0.000000 0.465637 0.000000 0.000000 0.000000
 0.000000 0.000000 0.000000 0.000000 0.000000 0.500000 0.000000 0.000000 0.000000 0.000000 0.000000 0.000000 0.000000 0.000000 0.000000 0.000000 0.000000 0.000000 0.500000 0.000000
 0.000000 0.000037 0.000000 0.445841 0.000000 0.000000 0.000000 0.000000 0.000000 0.000000 0.000000 0.000000 0.445664 0.093666 0.000001 0.000000 0.000000 0.014791 0.000000 0.000000
 0.000000 0.000000 0.005428 0.000000 0.000000 0.000000 0.000000 0.496351 0.000000 0.000000 0.000000 0.000000 0.000000 0.000000 0.498221 0.000000 0.000000 0.000000 0.000000 0.000000
 0.000000 0.000000 0.000000 0.000000 0.000000 0.000000 0.000000 0.000000 0.000000 0.000000 0.000000 0.000000 0.000000 0.010099 0.000000 0.495402 0.000000 0.000000 0.000000 0.494498
 0.000000 0.000000 0.000001 0.068797 0.000000 0.000000 0.000000 0.000000 0.000000 0.465508 0.000000 0.000000 0.000000 0.000000 0.000000 0.000000 0.000000 0.000000 0.000000 0.465693
 0.000000 0.063454 0.000000 0.410562 0.000000 0.000000 0.000000 0.000000 0.000000 0.087415 0.000000 0.008483 0.000000 0.000000 0.000000 0.013995 0.000000 0.416090 0.000000 0.000000
 0.000000 0.000000 0.463555 0.000070 0.000000 0.000000 0.000000 0.070511 0.000000 0.000001 0.465862 0.000000 0.000000 0.000000 0.000000 0.000000 0.000000 0.000000 0.000000 0.000000
 0.000000 0.000000 0.000000 0.000000 0.491455 0.000000 0.000000 0.000000 0.000000 0.000000 0.000000 0.491960 0.000000 0.016547 0.000000 0.000000 0.000000 0.000000 0.000000 0.000038
 0.000000 0.000000 0.000000 0.000000 0.000000 0.500000 0.000000 0.500000 0.000000 0.000000 0.000000 0.000000 0.000000 0.000000 0.000000 0.000000 0.000000 0.000000 0.000000 0.000000
 0.000000 0.392389 0.000000 0.201287 0.000000 0.000000 0.000000 0.000000 0.000000 0.013047 0.000000 0.000000 0.000000 0.393276 0.000000 0.000000 0.000000 0.000000 0.000000 0.000000
 0.000000 0.500000 0.000000 0.000000 0.000000 0.000000 0.000000 0.000000 0.500000 0.000000 0.000000 0.000000 0.000000 0.000000 0.000000 0.000000 0.000000 0.000000 0.000000 0.000000
 0.000000 0.000000 0.013064 0.000000 0.000230 0.000000 0.000000 0.000000 0.000000 0.000000 0.000000 0.492884 0.493785 0.000000 0.000000 0.000038 0.000000 0.000000 0.000000 0.000000
the mean of prob-rank is 1.5263157894736843
the number of false negetive edges is 0
the number of probability greater than 0 is 3.7/edge
