20
 0.000000 0.000000 0.000000 0.000000 0.000000 0.000000 0.000000 0.000000 0.000000 0.000000 0.000000 0.000000 0.499994 0.000000 0.000002 0.000000 0.000000 0.000000 0.000000 0.500004
 0.000000 0.000000 0.000000 0.000000 0.000000 0.000000 0.000000 0.499999 0.000000 0.000000 0.000000 0.000003 0.000000 0.000000 0.000000 0.000000 0.000000 0.000000 0.499998 0.000000
 0.000000 0.000000 0.000000 0.000000 0.000000 0.000000 0.126155 0.000000 0.000000 0.415749 0.000000 0.025402 0.000000 0.015515 0.000000 0.000000 0.416077 0.001102 0.000000 0.000000
 0.000000 0.000000 0.000000 0.000000 0.000000 0.000000 0.500005 0.499995 0.000000 0.000000 0.000000 0.000000 0.000000 0.000000 0.000000 0.000000 0.000000 0.000000 0.000000 0.000000
 0.000000 0.000000 0.000000 0.000000 0.000000 0.464398 0.000000 0.000000 0.000000 0.000000 0.000000 0.000000 0.000000 0.000000 0.000000 0.464138 0.071464 0.000000 0.000000 0.000000
 0.000000 0.000000 0.000000 0.000000 0.500000 0.000000 0.000000 0.000000 0.000000 0.000000 0.000000 0.000000 0.000000 0.000000 0.000000 0.000000 0.000000 0.000000 0.000000 0.500000
 0.000000 0.000000 0.122534 0.405374 0.000000 0.000000 0.000000 0.000000 0.000000 0.000001 0.401283 0.000000 0.000000 0.000000 0.000000 0.000000 0.000000 0.070809 0.000000 0.000000
 0.000000 0.500005 0.000000 0.499995 0.000000 0.000000 0.000000 0.000000 0.000000 0.000000 0.000000 0.000000 0.000000 0.000000 0.000000 0.000000 0.000000 0.000000 0.000000 0.000000
 0.000000 0.000000 0.000000 0.000000 0.000000 0.000000 0.000000 0.000000 0.000000 0.000000 0.000015 0.000000 0.499963 0.000000 0.500022 0.000000 0.000000 0.000000 0.000000 0.000000
 0.000000 0.000000 0.484912 0.000000 0.000000 0.000000 0.000001 0.000000 0.000000 0.000000 0.000000 0.000000 0.000000 0.000000 0.000000 0.001508 0.026853 0.486726 0.000000 0.000000
 0.000000 0.000000 0.000000 0.000000 0.000000 0.000000 0.491322 0.000000 0.000015 0.000000 0.000000 0.000000 0.000000 0.000000 0.496298 0.000018 0.000000 0.012346 0.000000 0.000000
 0.000000 0.000003 0.029539 0.000000 0.000000 0.000000 0.000000 0.000000 0.000000 0.000000 0.000000 0.000000 0.000000 0.485173 0.000000 0.000000 0.000000 0.000000 0.485285 0.000000
 0.500025 0.000000 0.000000 0.000000 0.000000 0.000000 0.000000 0.000000 0.499974 0.000000 0.000000 0.000000 0.000000 0.000000 0.000001 0.000000 0.000000 0.000000 0.000000 0.000000
 0.000000 0.000000 0.018250 0.000000 0.000000 0.000000 0.000000 0.000000 0.000000 0.000000 0.000000 0.490799 0.000000 0.000000 0.000000 0.000000 0.490951 0.000000 0.000000 0.000000
 0.000002 0.000000 0.000000 0.000000 0.000000 0.000000 0.000000 0.000000 0.500014 0.000000 0.499983 0.000000 0.000001 0.000000 0.000000 0.000000 0.000000 0.000000 0.000000 0.000000
 0.000000 0.000000 0.000000 0.000000 0.496704 0.000000 0.000000 0.000000 0.000000 0.001539 0.000018 0.000000 0.000000 0.000000 0.000000 0.000000 0.006037 0.495702 0.000000 0.000000
 0.000000 0.000000 0.449449 0.000000 0.069376 0.000000 0.000000 0.000000 0.000000 0.024869 0.000000 0.000000 0.000000 0.450829 0.000000 0.005477 0.000000 0.000000 0.000000 0.000000
 0.000000 0.000000 0.001201 0.000000 0.000000 0.000000 0.079416 0.000000 0.000000 0.454594 0.011310 0.000000 0.000000 0.000000 0.000000 0.453479 0.000000 0.000000 0.000000 0.000000
 0.000000 0.500019 0.000000 0.000000 0.000000 0.000000 0.000000 0.000000 0.000000 0.000000 0.000000 0.499981 0.000000 0.000000 0.000000 0.000000 0.000000 0.000000 0.000000 0.000000
 0.500000 0.000000 0.000000 0.000000 0.000000 0.500000 0.000000 0.000000 0.000000 0.000000 0.000000 0.000000 0.000000 0.000000 0.000000 0.000000 0.000000 0.000000 0.000000 0.000000
the mean of prob-rank is 1.631578947368421
the number of false negetive edges is 0
the number of probability greater than 0 is 3.45/edge
