20
 0.000000 0.000000 0.000000 0.000000 0.000000 0.438690 0.032626 0.000110 0.000000 0.000000 0.000000 0.000000 0.440945 0.000000 0.000000 0.000000 0.087629 0.000000 0.000000 0.000000
 0.000000 0.000000 0.000000 0.003067 0.000000 0.000000 0.000000 0.000000 0.000000 0.000000 0.000000 0.000000 0.000000 0.498467 0.000000 0.000000 0.000000 0.000000 0.000000 0.498466
 0.000000 0.000000 0.000000 0.499997 0.000000 0.000000 0.000000 0.000000 0.499982 0.000000 0.000000 0.000000 0.000000 0.000000 0.000000 0.000000 0.000000 0.000000 0.000000 0.000022
 0.000000 0.002333 0.379161 0.000000 0.000000 0.164119 0.000000 0.000000 0.000008 0.000000 0.000000 0.000000 0.376527 0.000000 0.000000 0.000000 0.077852 0.000000 0.000000 0.000000
 0.000000 0.000000 0.000000 0.000000 0.000000 0.000000 0.000000 0.000017 0.000000 0.000000 0.478922 0.483809 0.000000 0.000000 0.035457 0.001796 0.000000 0.000000 0.000000 0.000000
 0.385995 0.000000 0.000000 0.167937 0.000000 0.000000 0.000000 0.000000 0.000000 0.000000 0.000000 0.000000 0.058462 0.000000 0.000000 0.000000 0.387606 0.000000 0.000000 0.000000
 0.035445 0.000000 0.000000 0.000000 0.000000 0.000000 0.000000 0.479055 0.000000 0.000000 0.000000 0.000000 0.006589 0.000000 0.478911 0.000000 0.000000 0.000000 0.000000 0.000000
 0.000125 0.000000 0.000000 0.000000 0.000017 0.000000 0.499928 0.000000 0.000000 0.000000 0.000000 0.000000 0.000000 0.000000 0.000000 0.000000 0.000000 0.000000 0.499930 0.000000
 0.000000 0.000000 0.497645 0.000011 0.000000 0.000000 0.000000 0.000000 0.000000 0.000000 0.000000 0.000000 0.000000 0.000000 0.000000 0.000000 0.004683 0.000000 0.000000 0.497660
 0.000000 0.000000 0.000000 0.000000 0.000000 0.000000 0.000000 0.000000 0.000000 0.000000 0.000000 0.000000 0.000000 0.500000 0.000000 0.000000 0.000000 0.500000 0.000000 0.000000
 0.000000 0.000000 0.000000 0.000000 0.361174 0.000000 0.000000 0.000000 0.000000 0.000000 0.000000 0.270480 0.000000 0.000000 0.003515 0.364830 0.000000 0.000000 0.000000 0.000000
 0.000000 0.000000 0.000000 0.000000 0.364983 0.000000 0.000000 0.000000 0.000000 0.000000 0.270572 0.000000 0.000000 0.000000 0.364445 0.000000 0.000000 0.000000 0.000000 0.000000
 0.463357 0.000000 0.000000 0.460141 0.000000 0.069820 0.006373 0.000000 0.000000 0.000000 0.000000 0.000000 0.000000 0.000000 0.000310 0.000000 0.000000 0.000000 0.000000 0.000000
 0.000000 0.500000 0.000000 0.000000 0.000000 0.000000 0.000000 0.000000 0.000000 0.500000 0.000000 0.000000 0.000000 0.000000 0.000000 0.000000 0.000000 0.000000 0.000000 0.000000
 0.000000 0.000000 0.000000 0.000000 0.035203 0.000000 0.480205 0.000000 0.000000 0.000000 0.004628 0.479643 0.000321 0.000000 0.000000 0.000000 0.000000 0.000000 0.000000 0.000000
 0.000000 0.000000 0.000000 0.000000 0.001853 0.000000 0.000000 0.000000 0.000000 0.000000 0.499054 0.000000 0.000000 0.000000 0.000000 0.000000 0.000000 0.499094 0.000000 0.000000
 0.082374 0.000000 0.000000 0.085110 0.000000 0.414107 0.000000 0.000000 0.003901 0.000000 0.000000 0.000000 0.000000 0.000000 0.000000 0.000000 0.000000 0.000000 0.414508 0.000000
 0.000000 0.000000 0.000000 0.000000 0.000000 0.000000 0.000000 0.000000 0.000000 0.500000 0.000000 0.000000 0.000000 0.000000 0.000000 0.500000 0.000000 0.000000 0.000000 0.000000
 0.000000 0.000000 0.000000 0.000000 0.000000 0.000000 0.000000 0.500000 0.000000 0.000000 0.000000 0.000000 0.000000 0.000000 0.000000 0.000000 0.500000 0.000000 0.000000 0.000000
 0.000000 0.499989 0.000022 0.000000 0.000000 0.000000 0.000000 0.000000 0.499990 0.000000 0.000000 0.000000 0.000000 0.000000 0.000000 0.000000 0.000000 0.000000 0.000000 0.000000
the mean of prob-rank is 1.5789473684210527
the number of false negetive edges is 0
the number of probability greater than 0 is 3.7/edge
