20
 0.000000 0.000000 0.500000 0.000000 0.000000 0.000000 0.000000 0.000000 0.000000 0.000000 0.000000 0.000000 0.000000 0.000000 0.500000 0.000000 0.000000 0.000000 0.000000 0.000000
 0.000000 0.000000 0.000000 0.000000 0.000000 0.000000 0.000000 0.000000 0.500000 0.000000 0.000000 0.000000 0.000000 0.000000 0.000000 0.500000 0.000000 0.000000 0.000000 0.000000
 0.500000 0.000000 0.000000 0.000000 0.000000 0.000000 0.000000 0.000000 0.000000 0.000000 0.000000 0.000000 0.000000 0.000000 0.000000 0.000000 0.000000 0.500000 0.000000 0.000000
 0.000000 0.000000 0.000000 0.000000 0.000000 0.452149 0.000572 0.000000 0.000000 0.000000 0.074308 0.447838 0.000000 0.000000 0.000000 0.000000 0.025133 0.000000 0.000000 0.000000
 0.000000 0.000000 0.000000 0.000000 0.000000 0.000000 0.000266 0.000000 0.000001 0.000000 0.000000 0.000000 0.250751 0.000000 0.000000 0.000000 0.000000 0.000000 0.361110 0.387872
 0.000000 0.000000 0.000000 0.499965 0.000000 0.000000 0.500013 0.000000 0.000000 0.000000 0.000000 0.000000 0.000000 0.000000 0.000022 0.000000 0.000000 0.000000 0.000000 0.000000
 0.000000 0.000000 0.000000 0.000632 0.000342 0.499541 0.000000 0.000000 0.000000 0.000000 0.000000 0.000000 0.000000 0.000000 0.499485 0.000000 0.000000 0.000000 0.000000 0.000000
 0.000000 0.000000 0.000000 0.000000 0.000000 0.000000 0.000000 0.000000 0.000000 0.000000 0.286710 0.271220 0.272396 0.000000 0.000000 0.000000 0.000037 0.000000 0.169637 0.000000
 0.000000 0.500000 0.000000 0.000000 0.000001 0.000000 0.000000 0.000000 0.000000 0.500000 0.000000 0.000000 0.000000 0.000000 0.000000 0.000000 0.000000 0.000000 0.000000 0.000000
 0.000000 0.000000 0.000000 0.000000 0.000000 0.000000 0.000000 0.000000 0.500000 0.000000 0.000000 0.000000 0.000000 0.000000 0.000000 0.000000 0.000000 0.500000 0.000000 0.000000
 0.000000 0.000000 0.000000 0.070772 0.000000 0.000000 0.000000 0.426767 0.000000 0.000000 0.000000 0.071578 0.000000 0.000000 0.000205 0.000000 0.430677 0.000000 0.000000 0.000000
 0.000000 0.000000 0.000000 0.319986 0.000000 0.000000 0.000000 0.302866 0.000000 0.000000 0.053699 0.000000 0.001287 0.000000 0.000000 0.000000 0.322163 0.000000 0.000000 0.000000
 0.000000 0.000000 0.000000 0.000000 0.249422 0.000000 0.000000 0.363226 0.000000 0.000000 0.000000 0.001536 0.000000 0.000000 0.000000 0.000000 0.000000 0.000000 0.385816 0.000000
 0.000000 0.000000 0.000000 0.000000 0.000000 0.000000 0.000000 0.000000 0.000000 0.000000 0.000000 0.000000 0.000000 0.000000 0.000000 0.500001 0.000000 0.000000 0.000000 0.499999
 0.499898 0.000000 0.000000 0.000000 0.000000 0.000022 0.499842 0.000000 0.000000 0.000000 0.000238 0.000000 0.000000 0.000000 0.000000 0.000000 0.000000 0.000000 0.000000 0.000000
 0.000000 0.500000 0.000000 0.000000 0.000000 0.000000 0.000000 0.000000 0.000000 0.000000 0.000000 0.000000 0.000000 0.500000 0.000000 0.000000 0.000000 0.000000 0.000000 0.000000
 0.000000 0.000000 0.000000 0.027076 0.000000 0.000000 0.000000 0.000063 0.000000 0.000000 0.487135 0.485727 0.000000 0.000000 0.000000 0.000000 0.000000 0.000000 0.000000 0.000000
 0.000000 0.000000 0.500000 0.000000 0.000000 0.000000 0.000000 0.000000 0.000000 0.500000 0.000000 0.000000 0.000000 0.000000 0.000000 0.000000 0.000000 0.000000 0.000000 0.000000
 0.000000 0.000000 0.000000 0.000000 0.369841 0.000000 0.000000 0.232908 0.000000 0.000000 0.000000 0.000000 0.397251 0.000000 0.000000 0.000000 0.000000 0.000000 0.000000 0.000000
 0.000000 0.000000 0.000000 0.000000 0.500001 0.000000 0.000000 0.000000 0.000000 0.000000 0.000000 0.000000 0.000000 0.499999 0.000000 0.000000 0.000000 0.000000 0.000000 0.000000
the mean of prob-rank is 1.7894736842105263
the number of false negetive edges is 0
the number of probability greater than 0 is 3.2/edge
