20
 0.000000 0.000000 0.000000 0.000000 0.499498 0.000000 0.000000 0.000000 0.000000 0.000000 0.000000 0.000000 0.000076 0.000000 0.500098 0.000000 0.000328 0.000000 0.000000 0.000000
 0.000000 0.000000 0.000000 0.093467 0.000000 0.427077 0.052349 0.000000 0.000000 0.000000 0.000000 0.000000 0.427107 0.000000 0.000000 0.000000 0.000000 0.000000 0.000000 0.000000
 0.000000 0.000000 0.000000 0.000000 0.000000 0.000000 0.000000 0.500000 0.000000 0.000000 0.000000 0.000000 0.000000 0.000000 0.000000 0.000000 0.000000 0.000000 0.000000 0.500000
 0.000000 0.057096 0.000000 0.000000 0.000000 0.021325 0.186975 0.000000 0.000000 0.187557 0.000000 0.000000 0.001149 0.076271 0.000000 0.260860 0.000000 0.177705 0.031062 0.000000
 0.494840 0.000000 0.000000 0.000000 0.000000 0.000000 0.000000 0.000000 0.000000 0.000000 0.000000 0.495434 0.000000 0.000000 0.002284 0.000000 0.007443 0.000000 0.000000 0.000000
 0.000000 0.440127 0.000000 0.035977 0.000000 0.000000 0.000000 0.000000 0.000000 0.000000 0.000000 0.005780 0.077959 0.440158 0.000000 0.000000 0.000000 0.000000 0.000000 0.000000
 0.000000 0.040635 0.000000 0.237592 0.000000 0.000000 0.000000 0.000000 0.000000 0.061982 0.000000 0.000000 0.328374 0.000000 0.000000 0.000000 0.000000 0.331395 0.000000 0.000022
 0.000000 0.000000 0.496177 0.000000 0.000000 0.000000 0.000000 0.000000 0.000000 0.008080 0.495743 0.000000 0.000000 0.000000 0.000000 0.000000 0.000000 0.000000 0.000000 0.000000
 0.000000 0.000000 0.000000 0.000000 0.000000 0.000000 0.000000 0.000000 0.000000 0.000000 0.000000 0.000000 0.000000 0.000000 0.000072 0.000000 0.499968 0.000000 0.000000 0.499959
 0.000000 0.000000 0.000000 0.252184 0.000000 0.000000 0.065584 0.005713 0.000000 0.000000 0.000000 0.000000 0.000000 0.000000 0.000000 0.000001 0.000000 0.350804 0.325713 0.000000
 0.000000 0.000000 0.000000 0.000000 0.000000 0.000000 0.000000 0.355911 0.000000 0.000000 0.000000 0.000000 0.000000 0.000000 0.000000 0.292603 0.000000 0.000000 0.351486 0.000000
 0.000000 0.000000 0.000000 0.000000 0.454625 0.005970 0.000000 0.000000 0.000000 0.000000 0.000000 0.000000 0.100115 0.437750 0.001541 0.000000 0.000000 0.000000 0.000000 0.000000
 0.000063 0.418000 0.000000 0.001841 0.000000 0.074035 0.414010 0.000000 0.000000 0.000000 0.000000 0.092050 0.000000 0.000000 0.000000 0.000000 0.000000 0.000000 0.000000 0.000000
 0.000000 0.000000 0.000000 0.129625 0.000000 0.443417 0.000000 0.000000 0.000000 0.000000 0.000000 0.426958 0.000000 0.000000 0.000000 0.000000 0.000000 0.000000 0.000000 0.000000
 0.497995 0.000000 0.000000 0.000000 0.002296 0.000000 0.000000 0.000000 0.000072 0.000000 0.000000 0.001688 0.000000 0.000000 0.000000 0.000000 0.497949 0.000000 0.000000 0.000000
 0.000000 0.000000 0.000000 0.388938 0.000000 0.000000 0.000000 0.000000 0.000000 0.000001 0.319534 0.000000 0.000000 0.000000 0.000000 0.000000 0.000000 0.000000 0.291526 0.000000
 0.000326 0.000000 0.000000 0.000000 0.007453 0.000000 0.000000 0.000000 0.496133 0.000000 0.000000 0.000000 0.000000 0.000000 0.496088 0.000000 0.000000 0.000000 0.000000 0.000000
 0.000000 0.000000 0.000000 0.254082 0.000000 0.000000 0.372881 0.000000 0.000000 0.373037 0.000000 0.000000 0.000000 0.000000 0.000000 0.000000 0.000000 0.000000 0.000000 0.000000
 0.000000 0.000000 0.000000 0.042769 0.000000 0.000000 0.000000 0.000000 0.000000 0.333544 0.354467 0.000000 0.000000 0.000000 0.000000 0.269220 0.000000 0.000000 0.000000 0.000000
 0.000000 0.000000 0.499987 0.000000 0.000000 0.000000 0.000034 0.000000 0.499979 0.000000 0.000000 0.000000 0.000000 0.000000 0.000000 0.000000 0.000000 0.000000 0.000000 0.000000
the mean of prob-rank is 1.631578947368421
the number of false negetive edges is 0
the number of probability greater than 0 is 4.3/edge
