20
 0.000000 0.000000 0.000000 0.000000 0.000000 0.000011 0.000000 0.000000 0.499801 0.000000 0.000000 0.000000 0.000000 0.000000 0.000000 0.000000 0.500187 0.000000 0.000000 0.000000
 0.000000 0.000000 0.000000 0.000000 0.323204 0.000000 0.000000 0.000000 0.000000 0.000000 0.000000 0.000000 0.000000 0.000000 0.000000 0.000000 0.000000 0.320916 0.000000 0.355879
 0.000000 0.000000 0.000000 0.000000 0.000000 0.000000 0.000000 0.000000 0.000000 0.500041 0.000000 0.000000 0.000000 0.499925 0.000000 0.000000 0.000000 0.000000 0.000034 0.000000
 0.000000 0.000000 0.000000 0.000000 0.000000 0.000000 0.000000 0.465961 0.000000 0.000000 0.000000 0.065921 0.000000 0.468118 0.000000 0.000000 0.000000 0.000000 0.000000 0.000000
 0.000000 0.330189 0.000000 0.000000 0.000000 0.000000 0.000000 0.000000 0.000000 0.000000 0.000000 0.000000 0.000000 0.000000 0.363585 0.000000 0.000000 0.306226 0.000000 0.000000
 0.000008 0.000000 0.000000 0.000000 0.000000 0.000000 0.000000 0.000000 0.000000 0.000000 0.000000 0.000000 0.000000 0.000000 0.318478 0.000000 0.362829 0.318684 0.000000 0.000000
 0.000000 0.000000 0.000000 0.000000 0.000000 0.000000 0.000000 0.000127 0.000000 0.000000 0.500103 0.499771 0.000000 0.000000 0.000000 0.000000 0.000000 0.000000 0.000000 0.000000
 0.000000 0.000000 0.000000 0.498782 0.000000 0.000000 0.000127 0.000000 0.000000 0.000000 0.000000 0.501091 0.000000 0.000000 0.000000 0.000000 0.000000 0.000000 0.000000 0.000000
 0.499787 0.000000 0.000000 0.000000 0.000000 0.000000 0.000000 0.000000 0.000000 0.000000 0.000000 0.000000 0.500213 0.000000 0.000000 0.000000 0.000000 0.000000 0.000000 0.000000
 0.000000 0.000000 0.500000 0.000000 0.000000 0.000000 0.000000 0.000000 0.000000 0.000000 0.000000 0.000000 0.000000 0.000000 0.000000 0.000000 0.000000 0.000000 0.500000 0.000000
 0.000000 0.000000 0.000000 0.000000 0.000000 0.000000 0.500000 0.000000 0.000000 0.000000 0.000000 0.000000 0.000000 0.000000 0.000000 0.500000 0.000000 0.000000 0.000000 0.000000
 0.000000 0.000000 0.000000 0.065799 0.000000 0.000000 0.466945 0.467255 0.000000 0.000000 0.000000 0.000000 0.000000 0.000000 0.000000 0.000000 0.000000 0.000000 0.000000 0.000000
 0.000000 0.000000 0.000000 0.000000 0.000000 0.000000 0.000000 0.000000 0.500014 0.000000 0.000000 0.000000 0.000000 0.000109 0.000000 0.000000 0.000000 0.000000 0.499877 0.000000
 0.000000 0.000000 0.499100 0.499217 0.000000 0.000000 0.000000 0.000000 0.000000 0.000000 0.000000 0.000000 0.000109 0.000000 0.000000 0.000000 0.000000 0.000000 0.001574 0.000000
 0.000000 0.000000 0.000000 0.000000 0.362389 0.318068 0.000000 0.000000 0.000000 0.000000 0.000000 0.000000 0.000000 0.000000 0.000000 0.000000 0.000000 0.319543 0.000000 0.000000
 0.000000 0.000000 0.000000 0.000000 0.000000 0.000000 0.000000 0.000000 0.000000 0.000000 0.500000 0.000000 0.000000 0.000000 0.000000 0.000000 0.000000 0.000000 0.000000 0.500000
 0.499999 0.000000 0.000000 0.000000 0.000000 0.500001 0.000000 0.000000 0.000000 0.000000 0.000000 0.000000 0.000000 0.000000 0.000000 0.000000 0.000000 0.000000 0.000000 0.000000
 0.000000 0.257340 0.000000 0.000000 0.240366 0.250647 0.000000 0.000000 0.000000 0.000000 0.000000 0.000000 0.000000 0.000000 0.251646 0.000000 0.000000 0.000000 0.000000 0.000000
 0.000000 0.000000 0.000034 0.000000 0.000000 0.000000 0.000000 0.000000 0.000000 0.499264 0.000000 0.000000 0.499127 0.001575 0.000000 0.000000 0.000000 0.000000 0.000000 0.000000
 0.000000 0.499989 0.000000 0.000000 0.000000 0.000000 0.000000 0.000000 0.000000 0.000000 0.000000 0.000000 0.000000 0.000000 0.000000 0.500011 0.000000 0.000000 0.000000 0.000000
the mean of prob-rank is 1.4736842105263157
the number of false negetive edges is 0
the number of probability greater than 0 is 2.9/edge
