20
 0.000000 0.000000 0.500078 0.000000 0.000000 0.000000 0.000000 0.000000 0.000000 0.000000 0.000000 0.000000 0.000000 0.000000 0.000000 0.000000 0.000000 0.499922 0.000000 0.000000
 0.000000 0.000000 0.499989 0.000000 0.000000 0.000000 0.000000 0.000000 0.000000 0.000000 0.000000 0.000000 0.000000 0.000000 0.000000 0.500011 0.000000 0.000000 0.000000 0.000000
 0.487400 0.487381 0.000000 0.000000 0.000000 0.000000 0.000000 0.000000 0.000000 0.000000 0.000000 0.000000 0.000000 0.000000 0.000000 0.000000 0.000016 0.025202 0.000000 0.000000
 0.000000 0.000000 0.000000 0.000000 0.000000 0.000000 0.000000 0.000000 0.000000 0.000000 0.000000 0.340058 0.000000 0.000000 0.000000 0.000000 0.333851 0.000000 0.326090 0.000000
 0.000000 0.000000 0.000000 0.000000 0.000000 0.000000 0.000000 0.310302 0.000000 0.000000 0.156184 0.281447 0.000000 0.000000 0.252067 0.000000 0.000000 0.000000 0.000000 0.000000
 0.000000 0.000000 0.000000 0.000000 0.000000 0.000000 0.000000 0.000000 0.002775 0.000000 0.000000 0.000000 0.498613 0.000000 0.000000 0.498612 0.000000 0.000000 0.000000 0.000000
 0.000000 0.000000 0.000000 0.000000 0.000000 0.000000 0.000000 0.000000 0.492602 0.000000 0.000000 0.000000 0.014836 0.000000 0.000000 0.000000 0.000000 0.000000 0.000000 0.492562
 0.000000 0.000000 0.000000 0.000000 0.461554 0.000000 0.000000 0.000000 0.000000 0.000000 0.000000 0.076128 0.000000 0.000000 0.000000 0.000000 0.000000 0.000000 0.462318 0.000000
 0.000000 0.000000 0.000000 0.000000 0.000000 0.002775 0.498613 0.000000 0.000000 0.000000 0.000000 0.000000 0.498613 0.000000 0.000000 0.000000 0.000000 0.000000 0.000000 0.000000
 0.000000 0.000000 0.000000 0.000000 0.000000 0.000000 0.000000 0.000000 0.000000 0.000000 0.452487 0.000000 0.000000 0.448795 0.098718 0.000000 0.000000 0.000000 0.000000 0.000000
 0.000000 0.000000 0.000000 0.000000 0.201559 0.000000 0.000000 0.000000 0.000000 0.401202 0.000000 0.000000 0.000000 0.000000 0.397239 0.000000 0.000000 0.000000 0.000000 0.000000
 0.000000 0.000000 0.000000 0.248924 0.228255 0.000000 0.000000 0.041508 0.000000 0.000000 0.000000 0.000000 0.000000 0.000000 0.162990 0.000000 0.248295 0.000000 0.070027 0.000000
 0.000000 0.000000 0.000000 0.000000 0.000000 0.492146 0.014823 0.000000 0.492146 0.000000 0.000000 0.000000 0.000000 0.000000 0.000000 0.000886 0.000000 0.000000 0.000000 0.000000
 0.000000 0.000000 0.000000 0.000000 0.000000 0.000000 0.000000 0.000000 0.000000 0.443648 0.000000 0.000000 0.000000 0.000000 0.109056 0.000000 0.000000 0.000000 0.000000 0.447297
 0.000000 0.000000 0.000000 0.000000 0.184426 0.000000 0.000000 0.000000 0.000000 0.049624 0.225212 0.147043 0.000000 0.055457 0.000000 0.000000 0.141298 0.196942 0.000000 0.000000
 0.000000 0.499551 0.000000 0.000000 0.000000 0.499550 0.000000 0.000000 0.000000 0.000000 0.000000 0.000000 0.000899 0.000000 0.000000 0.000000 0.000000 0.000000 0.000000 0.000000
 0.000000 0.000000 0.000008 0.237890 0.000000 0.000000 0.000000 0.000000 0.000000 0.000000 0.000000 0.241700 0.000000 0.000000 0.152462 0.000000 0.000000 0.229008 0.138932 0.000000
 0.350728 0.000000 0.018141 0.000000 0.000000 0.000000 0.000000 0.000000 0.000000 0.000000 0.000000 0.000000 0.000000 0.000000 0.303769 0.000000 0.327362 0.000000 0.000000 0.000000
 0.000000 0.000000 0.000000 0.339292 0.000000 0.000000 0.000000 0.358300 0.000000 0.000000 0.000000 0.099538 0.000000 0.000000 0.000000 0.000000 0.202870 0.000000 0.000000 0.000000
 0.000000 0.000000 0.000000 0.000000 0.000000 0.000000 0.499981 0.000000 0.000000 0.000000 0.000000 0.000000 0.000000 0.500019 0.000000 0.000000 0.000000 0.000000 0.000000 0.000000
the mean of prob-rank is 2.1052631578947367
the number of false negetive edges is 0
the number of probability greater than 0 is 3.6/edge
