20
 0.000000 0.000000 0.000000 0.000000 0.407583 0.000000 0.000000 0.000000 0.000000 0.406036 0.000000 0.000000 0.000000 0.186368 0.000000 0.000000 0.000000 0.000012 0.000000 0.000000
 0.000000 0.000000 0.000000 0.000000 0.000000 0.400723 0.000000 0.000000 0.000000 0.000115 0.000000 0.000000 0.201056 0.000000 0.396958 0.000890 0.000000 0.000000 0.000258 0.000000
 0.000000 0.000000 0.000000 0.000000 0.000000 0.195181 0.000000 0.000000 0.000000 0.000000 0.410894 0.000000 0.000000 0.393925 0.000000 0.000000 0.000000 0.000000 0.000000 0.000000
 0.000000 0.000000 0.000000 0.000000 0.000000 0.000000 0.000000 0.000000 0.500000 0.000000 0.000000 0.000000 0.000000 0.000000 0.000000 0.000000 0.000000 0.500000 0.000000 0.000000
 0.484032 0.000000 0.000000 0.000000 0.000000 0.000000 0.000000 0.000000 0.000000 0.028375 0.000000 0.000000 0.000003 0.004942 0.000000 0.000000 0.000000 0.481589 0.001059 0.000000
 0.000000 0.404389 0.192095 0.000000 0.000000 0.000000 0.000000 0.000000 0.000000 0.000084 0.000002 0.000000 0.403426 0.000000 0.000000 0.000000 0.000000 0.000000 0.000004 0.000000
 0.000000 0.000000 0.000000 0.000000 0.000000 0.000000 0.000000 0.000000 0.500000 0.000000 0.000000 0.000000 0.000000 0.000000 0.000000 0.000000 0.500000 0.000000 0.000000 0.000000
 0.000000 0.000000 0.000000 0.000000 0.000000 0.000000 0.000000 0.000000 0.000000 0.000000 0.000000 0.000002 0.000000 0.000000 0.000000 0.499999 0.000000 0.000000 0.000000 0.499999
 0.000000 0.000000 0.000000 0.500000 0.000000 0.000000 0.500000 0.000000 0.000000 0.000000 0.000000 0.000000 0.000000 0.000000 0.000000 0.000000 0.000000 0.000000 0.000000 0.000000
 0.404107 0.000117 0.000000 0.000000 0.023780 0.000085 0.000000 0.000000 0.000000 0.000000 0.000000 0.000000 0.167787 0.000020 0.000000 0.000000 0.000000 0.000000 0.404104 0.000000
 0.000000 0.000000 0.499999 0.000000 0.000000 0.000002 0.000000 0.000000 0.000000 0.000000 0.000000 0.000000 0.000000 0.000000 0.000000 0.000000 0.000000 0.000000 0.000000 0.499999
 0.000000 0.000000 0.000000 0.000000 0.000000 0.000000 0.000000 0.000002 0.000000 0.000000 0.000000 0.000000 0.000000 0.000000 0.499999 0.499998 0.000000 0.000000 0.000000 0.000000
 0.000000 0.172545 0.000000 0.000000 0.000002 0.343080 0.000000 0.000000 0.000000 0.142227 0.000000 0.000000 0.000000 0.000032 0.000042 0.000000 0.000000 0.000000 0.342071 0.000000
 0.188433 0.000000 0.395140 0.000000 0.004207 0.000000 0.000000 0.000000 0.000000 0.000021 0.000000 0.000000 0.000038 0.000000 0.000000 0.000000 0.412161 0.000000 0.000000 0.000000
 0.000000 0.438472 0.000000 0.000000 0.000000 0.000000 0.000000 0.000000 0.000000 0.000000 0.000000 0.442640 0.000055 0.000000 0.000000 0.000000 0.000000 0.000000 0.118833 0.000000
 0.000000 0.001109 0.000000 0.000000 0.000000 0.000000 0.000000 0.499446 0.000000 0.000000 0.000000 0.499445 0.000000 0.000000 0.000000 0.000000 0.000000 0.000000 0.000000 0.000000
 0.000000 0.000000 0.000000 0.000000 0.000000 0.000000 0.500000 0.000000 0.000000 0.000000 0.000000 0.000000 0.000000 0.500000 0.000000 0.000000 0.000000 0.000000 0.000000 0.000000
 0.000014 0.000000 0.000000 0.489541 0.486996 0.000000 0.000000 0.000000 0.000000 0.000000 0.000000 0.000000 0.000000 0.000000 0.000000 0.000000 0.000000 0.000000 0.023448 0.000000
 0.000000 0.000278 0.000000 0.000000 0.000947 0.000004 0.000000 0.000000 0.000000 0.431205 0.000000 0.000000 0.430607 0.000000 0.116223 0.000000 0.000000 0.020736 0.000000 0.000000
 0.000000 0.000000 0.000000 0.000000 0.000000 0.000000 0.000000 0.500000 0.000000 0.000000 0.500000 0.000000 0.000000 0.000000 0.000000 0.000000 0.000000 0.000000 0.000000 0.000000
the mean of prob-rank is 1.5263157894736843
the number of false negetive edges is 0
the number of probability greater than 0 is 4.1/edge
