20
 0.000000 0.000000 0.000000 0.000000 0.000000 0.000000 0.373378 0.263834 0.000000 0.000000 0.000000 0.000000 0.000000 0.000000 0.000000 0.000000 0.000058 0.362730 0.000000 0.000000
 0.000000 0.000000 0.000000 0.000000 0.000000 0.000000 0.000000 0.000000 0.000000 0.000000 0.053248 0.357523 0.210964 0.378265 0.000000 0.000000 0.000000 0.000000 0.000000 0.000000
 0.000000 0.000000 0.000000 0.499673 0.000000 0.000000 0.000000 0.000000 0.000000 0.000000 0.000624 0.000000 0.000000 0.000000 0.000000 0.000000 0.000000 0.000000 0.000000 0.499702
 0.000000 0.000000 0.499983 0.000000 0.000000 0.000000 0.000004 0.000000 0.000000 0.000000 0.000000 0.000000 0.000000 0.000000 0.500012 0.000000 0.000000 0.000000 0.000000 0.000000
 0.000000 0.000000 0.000000 0.000000 0.000000 0.333135 0.000000 0.000000 0.000001 0.333609 0.005723 0.043608 0.283924 0.000000 0.000000 0.000000 0.000000 0.000000 0.000000 0.000000
 0.000000 0.000000 0.000000 0.000000 0.452962 0.000000 0.000000 0.001197 0.453277 0.057465 0.001486 0.001829 0.016135 0.000000 0.000000 0.000000 0.009176 0.001439 0.005034 0.000000
 0.499996 0.000000 0.000000 0.000004 0.000000 0.000000 0.000000 0.000037 0.000000 0.000000 0.000000 0.000000 0.000000 0.000000 0.499962 0.000000 0.000000 0.000000 0.000000 0.000000
 0.250417 0.000000 0.000000 0.000000 0.000000 0.000935 0.000027 0.000000 0.000000 0.052813 0.354190 0.000000 0.000000 0.000000 0.001124 0.000000 0.000000 0.340495 0.000000 0.000000
 0.000000 0.000000 0.000000 0.000000 0.000001 0.484938 0.000000 0.000000 0.000000 0.000006 0.000000 0.020012 0.002374 0.000000 0.000000 0.000000 0.000551 0.006708 0.485410 0.000000
 0.000000 0.000000 0.000000 0.000000 0.438893 0.055601 0.000000 0.065428 0.000006 0.000000 0.437096 0.000013 0.002963 0.000000 0.000000 0.000000 0.000000 0.000000 0.000000 0.000000
 0.000000 0.058863 0.000523 0.000000 0.007171 0.001370 0.000000 0.417928 0.000000 0.416308 0.000000 0.000000 0.000000 0.000000 0.010668 0.036512 0.000000 0.000000 0.000000 0.050658
 0.000000 0.343804 0.000000 0.000000 0.047532 0.001466 0.000000 0.000000 0.014995 0.000011 0.000000 0.000000 0.363564 0.000000 0.000000 0.000000 0.228627 0.000000 0.000000 0.000000
 0.000000 0.214415 0.000000 0.000000 0.327091 0.013671 0.000000 0.000000 0.001880 0.002595 0.000000 0.384256 0.000000 0.000000 0.000000 0.000000 0.056093 0.000000 0.000000 0.000000
 0.000000 0.499994 0.000000 0.000000 0.000000 0.000000 0.000000 0.000000 0.000000 0.000000 0.000000 0.000000 0.000000 0.000000 0.000000 0.500006 0.000000 0.000000 0.000000 0.000000
 0.000000 0.000000 0.000000 0.492948 0.000000 0.000000 0.492914 0.001563 0.000000 0.000000 0.012575 0.000000 0.000000 0.000000 0.000000 0.000000 0.000000 0.000000 0.000000 0.000000
 0.000000 0.000000 0.000000 0.000000 0.000000 0.000000 0.000000 0.000000 0.000000 0.000000 0.041844 0.000000 0.000000 0.479231 0.000000 0.000000 0.000000 0.000000 0.000000 0.478925
 0.000056 0.000000 0.000000 0.000000 0.000000 0.007287 0.000000 0.000000 0.000409 0.000000 0.000000 0.226473 0.052572 0.000000 0.000000 0.000000 0.000000 0.352882 0.360321 0.000000
 0.327799 0.000000 0.000000 0.000000 0.000000 0.001070 0.000000 0.324193 0.004662 0.000000 0.000000 0.000000 0.000000 0.000000 0.000000 0.000000 0.330447 0.000000 0.011827 0.000000
 0.000000 0.000000 0.000000 0.000000 0.000000 0.005422 0.000000 0.000000 0.488707 0.000000 0.000000 0.000000 0.000000 0.000000 0.000000 0.000000 0.488739 0.017132 0.000000 0.000000
 0.000000 0.000000 0.471585 0.000000 0.000000 0.000000 0.000000 0.000000 0.000000 0.000000 0.057130 0.000000 0.000000 0.000000 0.000000 0.471285 0.000000 0.000000 0.000000 0.000000
the mean of prob-rank is 1.6842105263157894
the number of false negetive edges is 0
the number of probability greater than 0 is 5.3/edge
