20
 0.000000 0.000000 0.000000 0.000000 0.000000 0.000000 0.499993 0.000000 0.500007 0.000000 0.000000 0.000000 0.000000 0.000000 0.000000 0.000000 0.000000 0.000000 0.000000 0.000000
 0.000000 0.000000 0.266787 0.000000 0.000010 0.023328 0.000012 0.000000 0.000000 0.000000 0.113231 0.000000 0.000322 0.000000 0.000000 0.263002 0.165295 0.000000 0.000000 0.168013
 0.000000 0.354408 0.000000 0.000000 0.000000 0.000000 0.000000 0.000000 0.000000 0.000000 0.000000 0.000000 0.001672 0.000000 0.284270 0.000000 0.000000 0.000000 0.000000 0.359649
 0.000000 0.000000 0.000000 0.000000 0.000000 0.000000 0.021639 0.201528 0.000000 0.000000 0.000110 0.208457 0.000000 0.214319 0.000000 0.000000 0.136963 0.216983 0.000000 0.000000
 0.000000 0.000013 0.000000 0.000000 0.000000 0.349590 0.321987 0.000000 0.000000 0.000000 0.000009 0.000000 0.000001 0.000000 0.000000 0.326788 0.000000 0.000000 0.001613 0.000000
 0.000000 0.039374 0.000000 0.000000 0.450924 0.000000 0.000003 0.000000 0.000000 0.000000 0.000000 0.000000 0.456929 0.000000 0.000000 0.050895 0.000000 0.000000 0.001877 0.000000
 0.301575 0.000013 0.000000 0.029068 0.274109 0.000002 0.000000 0.028830 0.018055 0.000000 0.019745 0.232916 0.000000 0.000000 0.000000 0.034282 0.000000 0.000000 0.061405 0.000000
 0.000000 0.000000 0.000000 0.270038 0.000000 0.000000 0.028757 0.000000 0.000000 0.000000 0.289397 0.300828 0.000000 0.009060 0.000000 0.008215 0.054961 0.038743 0.000000 0.000000
 0.482375 0.000000 0.000000 0.000000 0.000000 0.000000 0.028878 0.000000 0.000000 0.000000 0.000000 0.000048 0.000000 0.000000 0.000000 0.000000 0.000000 0.482144 0.006556 0.000000
 0.000000 0.000000 0.000000 0.000000 0.000000 0.000000 0.000000 0.000000 0.000000 0.000000 0.000000 0.000000 0.000000 0.370545 0.000000 0.000000 0.387323 0.000000 0.000000 0.242131
 0.000000 0.112342 0.000000 0.000132 0.000007 0.000000 0.017586 0.258401 0.000000 0.000000 0.000000 0.114091 0.000000 0.000006 0.000000 0.251254 0.246180 0.000000 0.000000 0.000000
 0.000000 0.000000 0.000000 0.264660 0.000000 0.000000 0.220136 0.285036 0.000028 0.000000 0.121068 0.000000 0.000000 0.000039 0.000000 0.001586 0.004862 0.102585 0.000000 0.000000
 0.000000 0.000466 0.001823 0.000000 0.000001 0.392132 0.000000 0.000000 0.000000 0.000000 0.000000 0.000000 0.000000 0.000000 0.215541 0.000000 0.000000 0.000000 0.390037 0.000000
 0.000000 0.000000 0.000000 0.336762 0.000000 0.000000 0.000000 0.010625 0.000000 0.337368 0.000008 0.000048 0.000000 0.000000 0.000000 0.000000 0.000007 0.315182 0.000000 0.000000
 0.000000 0.000000 0.243856 0.000000 0.000000 0.000000 0.000000 0.000000 0.000000 0.000000 0.000000 0.000000 0.169576 0.000000 0.000000 0.000000 0.000000 0.000000 0.308497 0.278071
 0.000000 0.314622 0.000000 0.000000 0.298755 0.036073 0.036815 0.008844 0.000000 0.000000 0.302946 0.001802 0.000000 0.000000 0.000000 0.000000 0.000144 0.000000 0.000000 0.000000
 0.000000 0.178885 0.000000 0.178743 0.000000 0.000000 0.000000 0.053529 0.000000 0.292888 0.268527 0.004997 0.000000 0.000006 0.000000 0.000130 0.000000 0.000000 0.000000 0.022293
 0.000000 0.000000 0.000000 0.288663 0.000000 0.000000 0.000000 0.038466 0.298529 0.000000 0.000000 0.107493 0.000000 0.266849 0.000000 0.000000 0.000000 0.000000 0.000000 0.000000
 0.000000 0.000000 0.000000 0.000000 0.002050 0.001850 0.091699 0.000000 0.006121 0.000000 0.000000 0.000000 0.447945 0.000000 0.450335 0.000000 0.000000 0.000000 0.000000 0.000000
 0.000000 0.192555 0.310279 0.000000 0.000000 0.000000 0.000000 0.000000 0.000000 0.193899 0.000000 0.000000 0.000000 0.000000 0.279657 0.000000 0.023609 0.000000 0.000000 0.000000
the mean of prob-rank is 1.631578947368421
the number of false negetive edges is 0
the number of probability greater than 0 is 6.4/edge
