20
 0.000000 0.500000 0.000000 0.000000 0.000000 0.000000 0.000000 0.000000 0.000000 0.000000 0.000000 0.000000 0.000000 0.500000 0.000000 0.000000 0.000000 0.000000 0.000000 0.000000
 0.490594 0.000000 0.000000 0.490531 0.000000 0.000000 0.000000 0.000000 0.000000 0.018875 0.000000 0.000000 0.000000 0.000000 0.000000 0.000000 0.000000 0.000000 0.000000 0.000000
 0.000000 0.000000 0.000000 0.500080 0.000001 0.000000 0.499917 0.000002 0.000000 0.000000 0.000000 0.000000 0.000000 0.000000 0.000000 0.000000 0.000000 0.000000 0.000000 0.000000
 0.000000 0.499820 0.499884 0.000000 0.000000 0.000000 0.000000 0.000000 0.000000 0.000000 0.000000 0.000000 0.000000 0.000000 0.000000 0.000296 0.000000 0.000000 0.000000 0.000000
 0.000000 0.000000 0.000001 0.000000 0.000000 0.000000 0.000068 0.499964 0.000000 0.000000 0.000000 0.499967 0.000000 0.000000 0.000000 0.000000 0.000000 0.000000 0.000001 0.000000
 0.000000 0.000000 0.000000 0.000000 0.000000 0.000000 0.382888 0.000000 0.000000 0.041503 0.000000 0.000000 0.000000 0.000000 0.000000 0.388369 0.001246 0.185994 0.000000 0.000000
 0.000000 0.000000 0.366544 0.000000 0.000050 0.361488 0.000000 0.000000 0.000000 0.000000 0.000000 0.000000 0.000000 0.000000 0.000000 0.271435 0.000483 0.000000 0.000000 0.000000
 0.000000 0.000000 0.000002 0.000000 0.499998 0.000000 0.000000 0.000000 0.000000 0.000000 0.000000 0.000000 0.500001 0.000000 0.000000 0.000000 0.000000 0.000000 0.000000 0.000000
 0.000000 0.000000 0.000000 0.000000 0.000000 0.000000 0.000000 0.000000 0.000000 0.000000 0.500000 0.000000 0.000000 0.000000 0.000000 0.000000 0.500000 0.000000 0.000000 0.000000
 0.000000 0.014406 0.000000 0.000000 0.000000 0.040013 0.000000 0.000000 0.000000 0.000000 0.000000 0.000000 0.000000 0.000000 0.000000 0.259846 0.311315 0.374421 0.000000 0.000000
 0.000000 0.000000 0.000000 0.000000 0.000000 0.000000 0.000000 0.000000 0.499766 0.000000 0.000000 0.000000 0.000000 0.000000 0.000000 0.000000 0.000000 0.000000 0.000479 0.499755
 0.000000 0.000000 0.000000 0.000000 0.500078 0.000000 0.000000 0.000000 0.000000 0.000000 0.000000 0.000000 0.000000 0.000000 0.000000 0.000000 0.000000 0.000000 0.499904 0.000018
 0.000000 0.000000 0.000000 0.000000 0.000000 0.000000 0.000000 0.500000 0.000000 0.000000 0.000000 0.000000 0.000000 0.000000 0.500000 0.000000 0.000000 0.000000 0.000000 0.000000
 0.500000 0.000000 0.000000 0.000000 0.000000 0.000000 0.000000 0.000000 0.000000 0.000000 0.000000 0.000000 0.000000 0.000000 0.500000 0.000000 0.000000 0.000000 0.000000 0.000000
 0.000000 0.000000 0.000000 0.000000 0.000000 0.000000 0.000000 0.000000 0.000000 0.000000 0.000000 0.000000 0.500000 0.500000 0.000000 0.000000 0.000000 0.000000 0.000000 0.000000
 0.000000 0.000000 0.000000 0.000192 0.000000 0.324328 0.240094 0.000000 0.000000 0.225081 0.000000 0.000000 0.000000 0.000000 0.000000 0.000000 0.000000 0.210305 0.000000 0.000000
 0.000000 0.000000 0.000000 0.000000 0.000000 0.001150 0.000472 0.000000 0.358395 0.297990 0.000000 0.000000 0.000000 0.000000 0.000000 0.000000 0.000000 0.341994 0.000000 0.000000
 0.000000 0.000000 0.000000 0.000000 0.000000 0.155411 0.000000 0.000000 0.000000 0.324508 0.000000 0.000000 0.000000 0.000000 0.000000 0.210422 0.309659 0.000000 0.000000 0.000000
 0.000000 0.000000 0.000000 0.000000 0.000001 0.000000 0.000000 0.000000 0.000000 0.000000 0.000479 0.499673 0.000000 0.000000 0.000000 0.000000 0.000000 0.000000 0.000000 0.499847
 0.000000 0.000000 0.000000 0.000000 0.000000 0.000000 0.000000 0.000000 0.000000 0.000000 0.499985 0.000018 0.000000 0.000000 0.000000 0.000000 0.000000 0.000000 0.499996 0.000000
the mean of prob-rank is 1.6842105263157894
the number of false negetive edges is 0
the number of probability greater than 0 is 3.4/edge
