20
 0.000000 0.000000 0.000000 0.315385 0.000000 0.000035 0.000000 0.000000 0.000000 0.039997 0.000000 0.000000 0.000000 0.000000 0.000000 0.321002 0.000000 0.000000 0.323581 0.000000
 0.000000 0.000000 0.000000 0.000000 0.000000 0.000000 0.000000 0.000000 0.000000 0.000000 0.000000 0.000000 0.500000 0.000000 0.000000 0.000000 0.500000 0.000000 0.000000 0.000000
 0.000000 0.000000 0.000000 0.000000 0.000000 0.000000 0.000000 0.500000 0.000000 0.000000 0.000000 0.000000 0.500000 0.000000 0.000000 0.000000 0.000000 0.000000 0.000000 0.000000
 0.313629 0.000000 0.000000 0.000000 0.000000 0.148356 0.000000 0.000000 0.000000 0.000000 0.000000 0.000000 0.000000 0.309094 0.000000 0.228921 0.000000 0.000000 0.000000 0.000000
 0.000000 0.000000 0.000000 0.000000 0.000000 0.000000 0.000000 0.000000 0.000508 0.000000 0.022583 0.488539 0.000000 0.000000 0.000000 0.000000 0.000000 0.488370 0.000000 0.000000
 0.000044 0.000000 0.000000 0.187614 0.000000 0.000000 0.000000 0.000000 0.000000 0.000000 0.407355 0.000000 0.000000 0.000000 0.000000 0.000000 0.000000 0.000000 0.404986 0.000000
 0.000000 0.000000 0.000000 0.000000 0.000000 0.000000 0.000000 0.500000 0.000000 0.000000 0.000000 0.000000 0.000000 0.000000 0.000000 0.000000 0.000000 0.000000 0.000000 0.500000
 0.000000 0.000000 0.500000 0.000000 0.000000 0.000000 0.500000 0.000000 0.000000 0.000000 0.000000 0.000000 0.000000 0.000000 0.000000 0.000000 0.000000 0.000000 0.000000 0.000000
 0.000000 0.000000 0.000000 0.000000 0.000514 0.000000 0.000000 0.000000 0.000000 0.000022 0.494575 0.000000 0.000000 0.000000 0.000000 0.000000 0.000000 0.494859 0.010029 0.000000
 0.042626 0.000000 0.000000 0.000000 0.000000 0.000000 0.000000 0.000000 0.000015 0.000000 0.000000 0.000000 0.000000 0.328493 0.000000 0.193353 0.000000 0.076145 0.014154 0.345213
 0.000000 0.000000 0.000000 0.000000 0.022126 0.478644 0.000000 0.000000 0.478369 0.000000 0.000000 0.000000 0.000000 0.000000 0.000000 0.000000 0.000000 0.000000 0.020861 0.000000
 0.000000 0.000000 0.000000 0.000000 0.500000 0.000000 0.000000 0.000000 0.000000 0.000000 0.000000 0.000000 0.000000 0.000000 0.500000 0.000000 0.000000 0.000000 0.000000 0.000000
 0.000000 0.500000 0.500000 0.000000 0.000000 0.000000 0.000000 0.000000 0.000000 0.000000 0.000000 0.000000 0.000000 0.000000 0.000000 0.000000 0.000000 0.000000 0.000000 0.000000
 0.000000 0.000000 0.000000 0.343649 0.000000 0.000000 0.000000 0.000000 0.000000 0.340782 0.000000 0.000000 0.000000 0.000000 0.000000 0.315568 0.000000 0.000000 0.000000 0.000000
 0.000000 0.000000 0.000000 0.000000 0.000000 0.000000 0.000000 0.000000 0.000000 0.000000 0.000000 0.500000 0.000000 0.000000 0.000000 0.000000 0.500000 0.000000 0.000000 0.000000
 0.315309 0.000000 0.000000 0.226119 0.000000 0.000000 0.000000 0.000000 0.000000 0.178209 0.000000 0.000000 0.000000 0.280363 0.000000 0.000000 0.000000 0.000000 0.000000 0.000000
 0.000000 0.500000 0.000000 0.000000 0.000000 0.000000 0.000000 0.000000 0.000000 0.000000 0.000000 0.000000 0.000000 0.000000 0.500000 0.000000 0.000000 0.000000 0.000000 0.000000
 0.000000 0.000000 0.000000 0.000000 0.450248 0.000000 0.000000 0.000000 0.450405 0.099347 0.000000 0.000000 0.000000 0.000000 0.000000 0.000000 0.000000 0.000000 0.000000 0.000000
 0.476148 0.000000 0.000000 0.000000 0.000000 0.473874 0.000000 0.000000 0.009660 0.019543 0.020774 0.000000 0.000000 0.000000 0.000000 0.000000 0.000000 0.000000 0.000000 0.000000
 0.000000 0.000000 0.000000 0.000000 0.000000 0.000000 0.500000 0.000000 0.000000 0.500000 0.000000 0.000000 0.000000 0.000000 0.000000 0.000000 0.000000 0.000000 0.000000 0.000000
the mean of prob-rank is 1.631578947368421
the number of false negetive edges is 0
the number of probability greater than 0 is 3.3/edge
