20
 0.000000 0.000000 0.000000 0.000000 0.499998 0.500001 0.000000 0.000000 0.000000 0.000000 0.000000 0.000000 0.000000 0.000000 0.000000 0.000001 0.000000 0.000000 0.000000 0.000000
 0.000000 0.000000 0.000000 0.000000 0.000000 0.000000 0.500000 0.000000 0.000000 0.000000 0.000000 0.000000 0.000000 0.000000 0.000000 0.000000 0.500000 0.000000 0.000000 0.000000
 0.000000 0.000000 0.000000 0.000000 0.000000 0.000000 0.500000 0.000000 0.000000 0.000000 0.000000 0.500000 0.000000 0.000000 0.000000 0.000000 0.000000 0.000000 0.000000 0.000000
 0.000000 0.000000 0.000000 0.000000 0.000000 0.000000 0.000000 0.000000 0.000000 0.000000 0.000000 0.000000 0.000000 0.000000 0.500000 0.000000 0.000000 0.500000 0.000000 0.000000
 0.459466 0.000000 0.000000 0.000000 0.000000 0.000000 0.000000 0.000035 0.000000 0.000000 0.021914 0.000000 0.000000 0.000000 0.000000 0.459344 0.000000 0.000000 0.059241 0.000000
 0.499982 0.000000 0.000000 0.000000 0.000000 0.000000 0.000000 0.000000 0.000000 0.000000 0.000000 0.499977 0.000000 0.000000 0.000000 0.000041 0.000000 0.000000 0.000000 0.000000
 0.000000 0.500000 0.500000 0.000000 0.000000 0.000000 0.000000 0.000000 0.000000 0.000000 0.000000 0.000000 0.000000 0.000000 0.000000 0.000000 0.000000 0.000000 0.000000 0.000000
 0.000000 0.000000 0.000000 0.000000 0.000026 0.000000 0.000000 0.000000 0.320150 0.000832 0.340591 0.000000 0.338397 0.000000 0.000000 0.000000 0.000000 0.000000 0.000004 0.000000
 0.000000 0.000000 0.000000 0.000000 0.000000 0.000000 0.000000 0.335557 0.000000 0.359844 0.000000 0.000000 0.000000 0.304599 0.000000 0.000000 0.000000 0.000000 0.000000 0.000000
 0.000000 0.000000 0.000000 0.000000 0.000000 0.000000 0.000000 0.001210 0.499415 0.000000 0.499375 0.000000 0.000000 0.000000 0.000000 0.000000 0.000000 0.000000 0.000000 0.000000
 0.000000 0.000000 0.000000 0.000000 0.016663 0.000000 0.000000 0.346592 0.000000 0.349343 0.000000 0.000000 0.000000 0.000000 0.000000 0.000000 0.000000 0.000000 0.287401 0.000000
 0.000000 0.000000 0.499826 0.000000 0.000000 0.499821 0.000000 0.000000 0.000000 0.000000 0.000000 0.000000 0.000000 0.000000 0.000000 0.000353 0.000000 0.000000 0.000000 0.000000
 0.000000 0.000000 0.000000 0.000000 0.000000 0.000000 0.000000 0.344147 0.000000 0.000000 0.000000 0.000000 0.000000 0.335926 0.000000 0.000000 0.000000 0.000000 0.319927 0.000000
 0.000000 0.000000 0.000000 0.000000 0.000000 0.000000 0.000000 0.000000 0.301387 0.000000 0.000000 0.000000 0.342560 0.000000 0.356053 0.000000 0.000000 0.000000 0.000000 0.000000
 0.000000 0.000000 0.000000 0.500000 0.000000 0.000000 0.000000 0.000000 0.000000 0.000000 0.000000 0.000000 0.000000 0.500000 0.000000 0.000000 0.000000 0.000000 0.000000 0.000000
 0.000001 0.000000 0.000000 0.000000 0.499650 0.000041 0.000000 0.000000 0.000000 0.000000 0.000000 0.000353 0.000000 0.000000 0.000000 0.000000 0.000000 0.000000 0.000169 0.499785
 0.000000 0.500000 0.000000 0.000000 0.000000 0.000000 0.000000 0.000000 0.000000 0.000000 0.000000 0.000000 0.000000 0.000000 0.000000 0.000000 0.000000 0.500000 0.000000 0.000000
 0.000000 0.000000 0.000000 0.500000 0.000000 0.000000 0.000000 0.000000 0.000000 0.000000 0.000000 0.000000 0.000000 0.000000 0.000000 0.000000 0.500000 0.000000 0.000000 0.000000
 0.000000 0.000000 0.000000 0.000000 0.044954 0.000000 0.000000 0.000004 0.000000 0.000000 0.286810 0.000000 0.319466 0.000000 0.000000 0.000118 0.000000 0.000000 0.000000 0.348648
 0.000000 0.000000 0.000000 0.000000 0.000000 0.000000 0.000000 0.000000 0.000000 0.000000 0.000000 0.000000 0.000000 0.000000 0.000000 0.500005 0.000000 0.000000 0.499994 0.000000
the mean of prob-rank is 1.6842105263157894
the number of false negetive edges is 0
the number of probability greater than 0 is 3.2/edge
