20
 0.000000 0.000000 0.000000 0.000000 0.000000 0.000000 0.237665 0.000000 0.000000 0.005432 0.000000 0.000000 0.059679 0.000000 0.000000 0.282503 0.268545 0.000000 0.146175 0.000000
 0.000000 0.000000 0.000000 0.000000 0.000000 0.000000 0.000000 0.000000 0.500000 0.000000 0.000000 0.000000 0.000000 0.000000 0.000000 0.000000 0.000000 0.500000 0.000000 0.000000
 0.000000 0.000000 0.000000 0.000000 0.000000 0.132250 0.000000 0.000000 0.010557 0.000000 0.000000 0.000000 0.000000 0.000000 0.000000 0.000000 0.270080 0.000000 0.286981 0.300132
 0.000000 0.000000 0.000000 0.000000 0.000000 0.000000 0.349602 0.000000 0.000000 0.000000 0.000000 0.299075 0.000000 0.351208 0.000000 0.000000 0.000000 0.000000 0.000115 0.000000
 0.000000 0.000000 0.000000 0.000000 0.000000 0.499460 0.000000 0.001079 0.000000 0.000000 0.499462 0.000000 0.000000 0.000000 0.000000 0.000000 0.000000 0.000000 0.000000 0.000000
 0.000000 0.000000 0.145406 0.000000 0.331882 0.000000 0.000000 0.001865 0.000000 0.237655 0.000122 0.000000 0.000000 0.000000 0.000000 0.000000 0.283071 0.000000 0.000000 0.000000
 0.256127 0.000000 0.000000 0.301491 0.000000 0.000000 0.000000 0.000000 0.000000 0.000000 0.000000 0.002094 0.000219 0.274126 0.000000 0.000000 0.000000 0.000000 0.165943 0.000000
 0.000000 0.000000 0.000000 0.000000 0.000986 0.002565 0.000000 0.000000 0.000000 0.445552 0.087096 0.000000 0.455853 0.000000 0.000000 0.007948 0.000000 0.000000 0.000000 0.000000
 0.000000 0.428868 0.014999 0.000000 0.000000 0.000000 0.000000 0.000000 0.000000 0.000000 0.428553 0.000000 0.000000 0.000000 0.000000 0.000000 0.000000 0.000000 0.000000 0.127581
 0.005429 0.000000 0.000000 0.000000 0.000000 0.202191 0.000000 0.275535 0.000000 0.000000 0.000000 0.000000 0.000000 0.000000 0.000000 0.273838 0.243007 0.000000 0.000000 0.000000
 0.000000 0.000000 0.000000 0.000000 0.456541 0.000168 0.000000 0.087087 0.456204 0.000000 0.000000 0.000000 0.000000 0.000000 0.000000 0.000000 0.000000 0.000000 0.000000 0.000000
 0.000000 0.000000 0.000000 0.244429 0.000000 0.000000 0.001985 0.000000 0.000000 0.000000 0.000000 0.000000 0.000000 0.233074 0.232006 0.000000 0.000000 0.000000 0.288477 0.000028
 0.070636 0.000000 0.000000 0.000000 0.000000 0.000000 0.000240 0.333837 0.000000 0.000000 0.000000 0.000000 0.000000 0.311095 0.000000 0.284192 0.000000 0.000000 0.000000 0.000000
 0.000000 0.000000 0.000000 0.273800 0.000000 0.000000 0.247809 0.000000 0.000000 0.000000 0.000000 0.222326 0.256065 0.000000 0.000000 0.000000 0.000000 0.000000 0.000000 0.000000
 0.000000 0.000000 0.000000 0.000000 0.000000 0.000000 0.000000 0.000000 0.000000 0.000000 0.000000 0.289193 0.000000 0.000000 0.000000 0.000000 0.000000 0.359652 0.000000 0.351155
 0.277472 0.000000 0.000000 0.000000 0.000000 0.000000 0.000000 0.004830 0.000000 0.269105 0.000000 0.000000 0.235835 0.000000 0.000000 0.000000 0.212758 0.000000 0.000000 0.000000
 0.218678 0.000000 0.205833 0.000000 0.000000 0.196214 0.000000 0.000000 0.000000 0.197987 0.000000 0.000000 0.000000 0.000000 0.000000 0.176391 0.000000 0.000000 0.004897 0.000000
 0.000000 0.499999 0.000000 0.000000 0.000000 0.000000 0.000000 0.000000 0.000000 0.000000 0.000000 0.000000 0.000000 0.000000 0.500001 0.000000 0.000000 0.000000 0.000000 0.000000
 0.137074 0.000000 0.251864 0.000086 0.000000 0.000000 0.144394 0.000000 0.000000 0.000000 0.000000 0.264868 0.000000 0.000000 0.000000 0.000000 0.005639 0.000000 0.000000 0.196075
 0.000000 0.000000 0.330507 0.000000 0.000000 0.000000 0.000000 0.000000 0.098885 0.000000 0.000000 0.000032 0.000000 0.000000 0.324551 0.000000 0.000000 0.000000 0.246024 0.000000
the mean of prob-rank is 1.6842105263157894
the number of false negetive edges is 0
the number of probability greater than 0 is 4.7/edge
