20
 0.000000 0.000000 0.000000 0.000000 0.000000 0.000000 0.000000 0.000000 0.000000 0.500000 0.000000 0.000000 0.000000 0.000000 0.000000 0.000000 0.000000 0.500000 0.000000 0.000000
 0.000000 0.000000 0.000000 0.000000 0.000000 0.000000 0.000000 0.000000 0.000000 0.000000 0.000000 0.000000 0.000000 0.000000 0.000000 0.000000 0.000000 0.500000 0.500000 0.000000
 0.000000 0.000000 0.000000 0.000000 0.000000 0.000000 0.000000 0.000000 0.000000 0.008590 0.322903 0.000000 0.000000 0.345014 0.000000 0.000000 0.323494 0.000000 0.000000 0.000000
 0.000000 0.000000 0.000000 0.000000 0.000000 0.500000 0.000000 0.000000 0.000000 0.000000 0.000000 0.000000 0.000000 0.000000 0.000000 0.000000 0.000000 0.000000 0.000000 0.500000
 0.000000 0.000000 0.000000 0.000000 0.000000 0.000000 0.499926 0.000030 0.000000 0.000000 0.000000 0.499886 0.000000 0.000000 0.000158 0.000000 0.000000 0.000000 0.000000 0.000000
 0.000000 0.000000 0.000000 0.500000 0.000000 0.000000 0.000000 0.000000 0.000000 0.000000 0.000000 0.000000 0.000000 0.000000 0.000000 0.000000 0.000000 0.000000 0.500000 0.000000
 0.000000 0.000000 0.000000 0.000000 0.498542 0.000000 0.000000 0.498535 0.000000 0.000000 0.000000 0.002921 0.000000 0.000000 0.000001 0.000000 0.000000 0.000000 0.000000 0.000000
 0.000000 0.000000 0.000000 0.000000 0.000030 0.000000 0.499975 0.000000 0.000014 0.000000 0.000000 0.000000 0.000000 0.000000 0.000000 0.499981 0.000000 0.000000 0.000000 0.000000
 0.000000 0.000000 0.000000 0.000000 0.000000 0.000000 0.000000 0.000011 0.000000 0.390037 0.222311 0.000000 0.000000 0.000000 0.000000 0.000342 0.387299 0.000000 0.000000 0.000000
 0.494248 0.000000 0.011619 0.000000 0.000000 0.000000 0.000000 0.000000 0.494133 0.000000 0.000000 0.000000 0.000000 0.000000 0.000000 0.000000 0.000000 0.000000 0.000000 0.000000
 0.000000 0.000000 0.286925 0.000000 0.000000 0.000000 0.000000 0.000000 0.185011 0.000000 0.000000 0.000000 0.000000 0.260322 0.000000 0.000000 0.267743 0.000000 0.000000 0.000000
 0.000000 0.000000 0.000000 0.000000 0.498519 0.000000 0.002922 0.000000 0.000000 0.000000 0.000000 0.000000 0.498559 0.000000 0.000000 0.000000 0.000000 0.000000 0.000000 0.000000
 0.000000 0.000000 0.000000 0.000000 0.000000 0.000000 0.000000 0.000000 0.000000 0.000000 0.000000 0.500000 0.000000 0.000000 0.000000 0.000000 0.000000 0.000000 0.000000 0.500000
 0.000000 0.000000 0.342935 0.000000 0.000000 0.000000 0.000000 0.000000 0.000000 0.000000 0.291199 0.000000 0.000000 0.000000 0.363181 0.002685 0.000000 0.000000 0.000000 0.000000
 0.000000 0.000000 0.000000 0.000000 0.000158 0.000000 0.000001 0.000000 0.000000 0.000000 0.000000 0.000000 0.000000 0.499921 0.000000 0.499921 0.000000 0.000000 0.000000 0.000000
 0.000000 0.000000 0.000000 0.000000 0.000000 0.000000 0.000000 0.497941 0.000436 0.000000 0.000000 0.000000 0.000000 0.003682 0.497941 0.000000 0.000000 0.000000 0.000000 0.000000
 0.000000 0.000000 0.327575 0.000000 0.000000 0.000000 0.000000 0.000000 0.367308 0.000000 0.305117 0.000000 0.000000 0.000000 0.000000 0.000000 0.000000 0.000000 0.000000 0.000000
 0.500000 0.500000 0.000000 0.000000 0.000000 0.000000 0.000000 0.000000 0.000000 0.000000 0.000000 0.000000 0.000000 0.000000 0.000000 0.000000 0.000000 0.000000 0.000000 0.000000
 0.000000 0.500000 0.000000 0.000000 0.000000 0.500000 0.000000 0.000000 0.000000 0.000000 0.000000 0.000000 0.000000 0.000000 0.000000 0.000000 0.000000 0.000000 0.000000 0.000000
 0.000000 0.000000 0.000000 0.500000 0.000000 0.000000 0.000000 0.000000 0.000000 0.000000 0.000000 0.000000 0.500000 0.000000 0.000000 0.000000 0.000000 0.000000 0.000000 0.000000
the mean of prob-rank is 1.736842105263158
the number of false negetive edges is 0
the number of probability greater than 0 is 3.0/edge
