20
 0.000000 0.000000 0.000000 0.000000 0.000000 0.000000 0.000000 0.000000 0.431511 0.000000 0.000000 0.000000 0.135511 0.000000 0.000000 0.432978 0.000000 0.000000 0.000000 0.000000
 0.000000 0.000000 0.000000 0.500017 0.000000 0.000000 0.000000 0.000000 0.000000 0.000000 0.000000 0.000000 0.000000 0.000000 0.000000 0.499983 0.000000 0.000000 0.000000 0.000000
 0.000000 0.000000 0.000000 0.000000 0.000000 0.143320 0.000000 0.000000 0.000723 0.000000 0.406815 0.044254 0.000000 0.404888 0.000000 0.000000 0.000000 0.000000 0.000000 0.000000
 0.000000 0.499504 0.000000 0.000000 0.000000 0.499361 0.000000 0.000000 0.000000 0.000000 0.000880 0.000000 0.000000 0.000000 0.000000 0.000255 0.000000 0.000000 0.000000 0.000000
 0.000000 0.000000 0.000000 0.000000 0.000000 0.000000 0.000000 0.500001 0.000000 0.000000 0.000000 0.000000 0.000000 0.000000 0.000000 0.000000 0.499999 0.000000 0.000000 0.000000
 0.000000 0.000000 0.145867 0.413925 0.000000 0.000000 0.000000 0.000000 0.000000 0.000000 0.413925 0.000000 0.000000 0.026283 0.000000 0.000000 0.000000 0.000000 0.000000 0.000000
 0.000000 0.000000 0.000000 0.000000 0.000000 0.000000 0.000000 0.000000 0.000000 0.403405 0.000000 0.190969 0.000000 0.000000 0.000000 0.000000 0.000000 0.003135 0.402492 0.000000
 0.000000 0.000000 0.000000 0.000000 0.500004 0.000000 0.000000 0.000000 0.000000 0.000000 0.000000 0.000000 0.000000 0.000000 0.000000 0.000000 0.000000 0.000000 0.000000 0.499996
 0.479907 0.000000 0.000856 0.000000 0.000000 0.000000 0.000000 0.000000 0.000000 0.000000 0.014423 0.000000 0.481133 0.000000 0.000000 0.001054 0.000000 0.000000 0.000000 0.022626
 0.000000 0.000000 0.000000 0.000000 0.000000 0.000000 0.500001 0.000000 0.000000 0.000000 0.000000 0.000000 0.000000 0.000000 0.000000 0.000000 0.000000 0.499997 0.000002 0.000000
 0.000000 0.000000 0.485535 0.000856 0.000000 0.485395 0.000000 0.000000 0.014541 0.000000 0.000000 0.004385 0.000000 0.009288 0.000000 0.000000 0.000000 0.000000 0.000000 0.000000
 0.000000 0.000000 0.037631 0.000000 0.000000 0.000000 0.163762 0.000000 0.000000 0.000000 0.003124 0.000000 0.000000 0.118246 0.331363 0.000000 0.000000 0.000000 0.345875 0.000000
 0.136633 0.000000 0.000000 0.000000 0.000000 0.000000 0.000000 0.000000 0.436196 0.000000 0.000000 0.000000 0.000000 0.000000 0.000000 0.000000 0.000000 0.000000 0.000000 0.427171
 0.000000 0.000000 0.411396 0.000000 0.000000 0.026239 0.000000 0.000000 0.000000 0.000000 0.007907 0.141293 0.000000 0.000000 0.413166 0.000000 0.000000 0.000000 0.000000 0.000000
 0.000000 0.000000 0.000000 0.000000 0.000000 0.000000 0.000000 0.000000 0.000000 0.000000 0.000000 0.345309 0.000000 0.360325 0.000000 0.000000 0.000000 0.000000 0.294366 0.000000
 0.499310 0.499342 0.000000 0.000255 0.000000 0.000000 0.000000 0.000000 0.001093 0.000000 0.000000 0.000000 0.000000 0.000000 0.000000 0.000000 0.000000 0.000000 0.000000 0.000000
 0.000000 0.000000 0.000000 0.000000 0.499999 0.000000 0.000000 0.000000 0.000000 0.000000 0.000000 0.000000 0.000000 0.000000 0.000000 0.000000 0.000000 0.500001 0.000000 0.000000
 0.000000 0.000000 0.000000 0.000000 0.000000 0.000000 0.003870 0.000000 0.000000 0.498063 0.000000 0.000000 0.000000 0.000000 0.000000 0.000000 0.498067 0.000000 0.000000 0.000000
 0.000000 0.000000 0.000000 0.000000 0.000000 0.000000 0.354543 0.000000 0.000000 0.000001 0.000000 0.355289 0.000000 0.000000 0.290166 0.000000 0.000000 0.000000 0.000000 0.000000
 0.000000 0.000000 0.000000 0.000000 0.000000 0.000000 0.000000 0.493742 0.023197 0.000000 0.000000 0.000000 0.483061 0.000000 0.000000 0.000000 0.000000 0.000000 0.000000 0.000000
the mean of prob-rank is 1.4736842105263157
the number of false negetive edges is 0
the number of probability greater than 0 is 3.7/edge
