20
 0.000000 0.000000 0.363265 0.000000 0.000000 0.000000 0.000000 0.000000 0.000000 0.000000 0.000000 0.000000 0.014688 0.254147 0.367901 0.000000 0.000000 0.000000 0.000000 0.000000
 0.000000 0.000000 0.000000 0.000000 0.385462 0.000000 0.000000 0.012907 0.000000 0.000000 0.000002 0.000000 0.000000 0.000000 0.000000 0.387758 0.000000 0.000000 0.213870 0.000000
 0.360531 0.000000 0.000000 0.000000 0.000000 0.000000 0.000000 0.000000 0.000000 0.000000 0.000000 0.001211 0.273128 0.000000 0.000000 0.000000 0.000000 0.000000 0.000000 0.365130
 0.000000 0.000000 0.000000 0.000000 0.000000 0.027852 0.000000 0.000000 0.009070 0.000000 0.000000 0.187703 0.390758 0.000000 0.000000 0.000000 0.384588 0.000000 0.000000 0.000028
 0.000000 0.388633 0.000000 0.000000 0.000000 0.000069 0.000000 0.390948 0.000000 0.008479 0.002425 0.000000 0.000000 0.000000 0.043863 0.000000 0.000000 0.000000 0.165583 0.000000
 0.000000 0.000000 0.000000 0.021595 0.000053 0.000000 0.000000 0.094589 0.278360 0.000000 0.000000 0.294978 0.000011 0.000000 0.000000 0.000000 0.295864 0.000000 0.000000 0.014550
 0.000000 0.000000 0.000000 0.000000 0.000000 0.000000 0.000000 0.000000 0.478521 0.478531 0.000000 0.000000 0.000000 0.000000 0.000000 0.000000 0.000000 0.042948 0.000000 0.000000
 0.000000 0.010820 0.000000 0.000000 0.325047 0.101484 0.000000 0.000000 0.000000 0.000002 0.000000 0.000000 0.000000 0.000000 0.243204 0.000000 0.000000 0.000000 0.319443 0.000000
 0.000000 0.000000 0.000000 0.008036 0.000000 0.318068 0.346175 0.000000 0.000000 0.000000 0.000000 0.000000 0.000000 0.000000 0.000000 0.000000 0.327721 0.000000 0.000000 0.000000
 0.000000 0.000000 0.000000 0.000000 0.010728 0.000000 0.494636 0.000004 0.000000 0.000000 0.000000 0.000000 0.000000 0.000000 0.000000 0.000000 0.000000 0.494632 0.000000 0.000000
 0.000000 0.000002 0.000000 0.000000 0.003092 0.000000 0.000000 0.000000 0.000000 0.000000 0.000000 0.000000 0.000000 0.498465 0.000004 0.498437 0.000000 0.000000 0.000000 0.000000
 0.000000 0.000000 0.000972 0.140763 0.000000 0.285313 0.000000 0.000000 0.000000 0.000000 0.000000 0.000000 0.282708 0.000000 0.000000 0.000000 0.000000 0.000000 0.000000 0.290243
 0.013642 0.000000 0.255606 0.341708 0.000000 0.000012 0.000000 0.000000 0.000000 0.000000 0.000000 0.329661 0.000000 0.000000 0.000000 0.000000 0.000000 0.000000 0.000000 0.059371
 0.240219 0.000000 0.000000 0.000000 0.000000 0.000000 0.000000 0.000000 0.000000 0.000000 0.347739 0.000000 0.000000 0.000000 0.345725 0.066317 0.000000 0.000000 0.000000 0.000000
 0.350309 0.000000 0.000000 0.000000 0.039304 0.000000 0.000000 0.262105 0.000000 0.000000 0.000002 0.000000 0.000000 0.348280 0.000000 0.000000 0.000000 0.000000 0.000000 0.000000
 0.000000 0.456485 0.000000 0.000000 0.000000 0.000000 0.000000 0.000000 0.000000 0.000000 0.456459 0.000000 0.000000 0.087056 0.000000 0.000000 0.000000 0.000000 0.000000 0.000000
 0.000000 0.000000 0.000000 0.338514 0.000000 0.335884 0.000000 0.000000 0.325602 0.000000 0.000000 0.000000 0.000000 0.000000 0.000000 0.000000 0.000000 0.000000 0.000000 0.000000
 0.000000 0.000000 0.000000 0.000000 0.000000 0.000000 0.042949 0.000000 0.000000 0.478538 0.000000 0.000000 0.000000 0.000000 0.000000 0.000000 0.000000 0.000000 0.478513 0.000000
 0.000000 0.186475 0.000000 0.000000 0.143195 0.000000 0.000000 0.332260 0.000000 0.000000 0.000000 0.000000 0.000000 0.000000 0.000000 0.000000 0.000000 0.338069 0.000000 0.000000
 0.000000 0.000000 0.452016 0.000033 0.000000 0.021709 0.000000 0.000000 0.000000 0.000000 0.000000 0.447706 0.078537 0.000000 0.000000 0.000000 0.000000 0.000000 0.000000 0.000000
the mean of prob-rank is 1.736842105263158
the number of false negetive edges is 0
the number of probability greater than 0 is 4.7/edge
