20
 0.000000 0.000000 0.000000 0.000000 0.000000 0.000000 0.000000 0.000000 0.000000 0.000000 0.000000 0.500000 0.000000 0.000000 0.500000 0.000000 0.000000 0.000000 0.000000 0.000000
 0.000000 0.000000 0.000000 0.500000 0.000000 0.000000 0.000000 0.000000 0.000000 0.000000 0.500000 0.000000 0.000000 0.000000 0.000000 0.000000 0.000000 0.000000 0.000000 0.000000
 0.000000 0.000000 0.000000 0.000000 0.000000 0.279813 0.000000 0.378892 0.000000 0.000000 0.000000 0.000000 0.000000 0.000000 0.000000 0.000000 0.341294 0.000000 0.000000 0.000000
 0.000000 0.446634 0.000000 0.000000 0.000000 0.435358 0.000000 0.118008 0.000000 0.000000 0.000000 0.000000 0.000000 0.000000 0.000000 0.000000 0.000000 0.000000 0.000000 0.000000
 0.000000 0.000000 0.000000 0.000000 0.000000 0.000000 0.000000 0.000000 0.000000 0.500000 0.000000 0.000000 0.000000 0.000000 0.000000 0.000000 0.000000 0.000000 0.000000 0.500000
 0.000000 0.000000 0.272118 0.359295 0.000000 0.000000 0.000000 0.000001 0.368587 0.000000 0.000000 0.000000 0.000000 0.000000 0.000000 0.000000 0.000000 0.000000 0.000000 0.000000
 0.000000 0.000000 0.000000 0.000000 0.000000 0.000000 0.000000 0.448121 0.000000 0.000000 0.000000 0.000000 0.000003 0.081371 0.000000 0.000000 0.016440 0.454065 0.000000 0.000000
 0.000000 0.000000 0.437029 0.115511 0.000000 0.000001 0.431457 0.000000 0.000000 0.000000 0.000000 0.016001 0.000000 0.000000 0.000000 0.000000 0.000000 0.000000 0.000000 0.000000
 0.000000 0.000000 0.000001 0.000000 0.000000 0.500117 0.000000 0.000000 0.000000 0.000000 0.000000 0.000000 0.000000 0.000000 0.000000 0.000000 0.499883 0.000000 0.000000 0.000000
 0.000000 0.000000 0.000000 0.000000 0.500000 0.000000 0.000000 0.000000 0.000000 0.000000 0.000000 0.000000 0.000000 0.000000 0.000000 0.000000 0.000000 0.000000 0.500000 0.000000
 0.000000 0.500094 0.000000 0.000000 0.000000 0.000000 0.000000 0.000000 0.000000 0.000000 0.000000 0.499906 0.000000 0.000000 0.000000 0.000000 0.000000 0.000000 0.000000 0.000000
 0.491105 0.000000 0.000000 0.000000 0.000000 0.000000 0.000000 0.017974 0.000000 0.000000 0.490920 0.000000 0.000000 0.000000 0.000000 0.000000 0.000000 0.000000 0.000000 0.000000
 0.000000 0.000000 0.000000 0.000000 0.000000 0.000000 0.000003 0.000000 0.000000 0.000000 0.000000 0.000000 0.000000 0.499978 0.000000 0.000000 0.000003 0.000000 0.000000 0.500016
 0.000000 0.000000 0.000000 0.000000 0.000000 0.000000 0.082276 0.000000 0.000000 0.000000 0.000000 0.000000 0.459084 0.000000 0.000000 0.000000 0.000004 0.458635 0.000000 0.000000
 0.500000 0.000000 0.000000 0.000000 0.000000 0.000000 0.000000 0.000000 0.000000 0.000000 0.000000 0.000000 0.000000 0.000000 0.000000 0.500000 0.000000 0.000000 0.000000 0.000000
 0.000000 0.000000 0.000000 0.000000 0.000000 0.000000 0.000000 0.000000 0.000000 0.000000 0.000000 0.000000 0.000000 0.000000 0.500000 0.000000 0.000000 0.000000 0.500000 0.000000
 0.000000 0.000000 0.392887 0.000000 0.000000 0.000000 0.015798 0.000000 0.436101 0.000000 0.000000 0.000000 0.000003 0.000004 0.000000 0.000000 0.000000 0.155208 0.000000 0.000000
 0.000000 0.000000 0.000000 0.000000 0.000000 0.000000 0.424687 0.000000 0.000000 0.000000 0.000000 0.000000 0.000000 0.424242 0.000000 0.000000 0.151071 0.000000 0.000000 0.000000
 0.000000 0.000000 0.000000 0.000000 0.000000 0.000000 0.000000 0.000000 0.000000 0.500000 0.000000 0.000000 0.000000 0.000000 0.000000 0.500000 0.000000 0.000000 0.000000 0.000000
 0.000000 0.000000 0.000000 0.000000 0.500000 0.000000 0.000000 0.000000 0.000000 0.000000 0.000000 0.000000 0.500000 0.000000 0.000000 0.000000 0.000000 0.000000 0.000000 0.000000
the mean of prob-rank is 1.5789473684210527
the number of false negetive edges is 0
the number of probability greater than 0 is 2.95/edge
