20
 0.000000 0.000000 0.347433 0.000000 0.000000 0.000000 0.000000 0.000000 0.360832 0.000000 0.000036 0.000000 0.000000 0.000000 0.000000 0.000000 0.000000 0.000000 0.000000 0.291699
 0.000000 0.000000 0.000000 0.000000 0.499827 0.000000 0.000000 0.000000 0.000040 0.499826 0.000000 0.000308 0.000000 0.000000 0.000000 0.000000 0.000000 0.000000 0.000000 0.000000
 0.380022 0.000000 0.000000 0.000000 0.000000 0.000000 0.228269 0.000000 0.000000 0.000000 0.000000 0.000000 0.000000 0.000000 0.000000 0.000000 0.000000 0.000000 0.000000 0.391709
 0.000000 0.000000 0.000000 0.000000 0.500000 0.000000 0.000000 0.000000 0.000000 0.000000 0.000000 0.000000 0.000000 0.000000 0.000000 0.000000 0.000000 0.500000 0.000000 0.000000
 0.000000 0.500000 0.000000 0.500000 0.000000 0.000000 0.000000 0.000000 0.000000 0.000000 0.000000 0.000000 0.000000 0.000000 0.000000 0.000000 0.000000 0.000000 0.000000 0.000000
 0.000000 0.000000 0.000000 0.000000 0.000000 0.000000 0.000000 0.000000 0.494183 0.001570 0.010138 0.494105 0.000000 0.000000 0.000000 0.000000 0.000000 0.000000 0.000000 0.000004
 0.000000 0.000000 0.224729 0.000000 0.000000 0.000000 0.000000 0.000000 0.000000 0.000000 0.000000 0.000000 0.000000 0.388578 0.000000 0.386693 0.000000 0.000000 0.000000 0.000000
 0.000000 0.000000 0.000000 0.000000 0.000000 0.000000 0.000000 0.000000 0.000000 0.000000 0.000000 0.000000 0.000000 0.000000 0.491325 0.000000 0.017474 0.491202 0.000000 0.000000
 0.499726 0.000040 0.000000 0.000000 0.000000 0.499760 0.000000 0.000000 0.000000 0.000047 0.000000 0.000428 0.000000 0.000000 0.000000 0.000000 0.000000 0.000000 0.000000 0.000000
 0.000000 0.499183 0.000000 0.000000 0.000000 0.001586 0.000000 0.000000 0.000047 0.000000 0.000000 0.499184 0.000000 0.000000 0.000000 0.000000 0.000000 0.000000 0.000000 0.000000
 0.000050 0.000000 0.000000 0.000000 0.000000 0.010165 0.000000 0.000000 0.000000 0.000000 0.000000 0.000000 0.000000 0.494233 0.000000 0.000000 0.000000 0.000000 0.000000 0.495553
 0.000000 0.000308 0.000000 0.000000 0.000000 0.499557 0.000000 0.000000 0.000428 0.499707 0.000000 0.000000 0.000000 0.000000 0.000000 0.000000 0.000000 0.000000 0.000000 0.000000
 0.000000 0.000000 0.000000 0.000000 0.000000 0.000000 0.000000 0.000000 0.000000 0.000000 0.000000 0.000000 0.000000 0.000000 0.000000 0.500000 0.000000 0.000000 0.500000 0.000000
 0.000000 0.000000 0.000000 0.000000 0.000000 0.000000 0.468948 0.000000 0.000000 0.000000 0.467775 0.000000 0.000000 0.000000 0.000000 0.062653 0.000000 0.000000 0.000000 0.000625
 0.000000 0.000000 0.000000 0.000000 0.000000 0.000000 0.000000 0.490961 0.000000 0.000000 0.000000 0.000000 0.000000 0.000000 0.000000 0.000000 0.490780 0.018258 0.000000 0.000000
 0.000000 0.000000 0.000000 0.000000 0.000000 0.000000 0.467444 0.000000 0.000000 0.000000 0.000000 0.000000 0.469800 0.062756 0.000000 0.000000 0.000000 0.000000 0.000000 0.000000
 0.000000 0.000000 0.000000 0.000000 0.000000 0.000000 0.000000 0.017475 0.000000 0.000000 0.000000 0.000000 0.000000 0.000000 0.491172 0.000000 0.000000 0.000000 0.491353 0.000000
 0.000000 0.000000 0.000000 0.490933 0.000000 0.000000 0.000000 0.490810 0.000000 0.000000 0.000000 0.000000 0.000000 0.000000 0.018257 0.000000 0.000000 0.000000 0.000000 0.000000
 0.000000 0.000000 0.000000 0.000000 0.000000 0.000000 0.000000 0.000000 0.000000 0.000000 0.000000 0.000000 0.500000 0.000000 0.000000 0.000000 0.500000 0.000000 0.000000 0.000000
 0.288466 0.000000 0.354148 0.000000 0.000000 0.000003 0.000000 0.000000 0.000000 0.000000 0.356908 0.000000 0.000000 0.000476 0.000000 0.000000 0.000000 0.000000 0.000000 0.000000
the mean of prob-rank is 1.4210526315789473
the number of false negetive edges is 0
the number of probability greater than 0 is 3.4/edge
