20
 0.000000 0.000000 0.495771 0.000000 0.495773 0.000000 0.000000 0.000000 0.000000 0.000000 0.000000 0.000000 0.000000 0.000000 0.000064 0.000000 0.000000 0.008391 0.000000 0.000000
 0.000000 0.000000 0.000000 0.000000 0.000000 0.000000 0.000000 0.000000 0.000000 0.000000 0.000000 0.000000 0.500077 0.499902 0.000000 0.000000 0.000000 0.000000 0.000022 0.000000
 0.499990 0.000000 0.000000 0.000000 0.000000 0.000000 0.000000 0.000000 0.000000 0.000000 0.000000 0.000000 0.000000 0.000000 0.500005 0.000000 0.000001 0.000004 0.000000 0.000000
 0.000000 0.000000 0.000000 0.000000 0.000000 0.000000 0.418560 0.000000 0.173712 0.000000 0.000000 0.000000 0.000000 0.000000 0.000000 0.000876 0.000000 0.000000 0.000000 0.406852
 0.499688 0.000000 0.000000 0.000000 0.000000 0.000000 0.000000 0.000000 0.000000 0.499699 0.000000 0.000000 0.000000 0.000000 0.000000 0.000000 0.000613 0.000000 0.000000 0.000000
 0.000000 0.000000 0.000000 0.000000 0.000000 0.000000 0.000000 0.000000 0.430363 0.000000 0.000000 0.000000 0.000000 0.000000 0.000000 0.138917 0.430720 0.000000 0.000000 0.000000
 0.000000 0.000000 0.000000 0.499995 0.000000 0.000000 0.000000 0.000000 0.000000 0.000000 0.499995 0.000000 0.000000 0.000000 0.000000 0.000000 0.000000 0.000000 0.000000 0.000009
 0.000000 0.000000 0.000000 0.000000 0.000000 0.000000 0.000000 0.000000 0.000000 0.000000 0.500000 0.000000 0.000000 0.500000 0.000000 0.000000 0.000000 0.000000 0.000000 0.000000
 0.000000 0.000000 0.000000 0.147530 0.000000 0.355124 0.000000 0.000000 0.000000 0.000000 0.000000 0.000000 0.000000 0.000000 0.000000 0.346312 0.000000 0.000000 0.000000 0.151033
 0.000000 0.000000 0.000000 0.000000 0.500004 0.000000 0.000000 0.000000 0.000000 0.000000 0.000000 0.000000 0.000000 0.000000 0.000000 0.000000 0.499996 0.000000 0.000000 0.000000
 0.000000 0.000000 0.000000 0.000000 0.000000 0.000000 0.500000 0.500000 0.000000 0.000000 0.000000 0.000000 0.000000 0.000000 0.000000 0.000000 0.000000 0.000000 0.000000 0.000000
 0.000000 0.000000 0.000000 0.000000 0.000000 0.000000 0.000000 0.000000 0.000000 0.000000 0.000000 0.000000 0.000000 0.000000 0.006385 0.000000 0.000000 0.496808 0.496807 0.000000
 0.000000 0.500014 0.000000 0.000000 0.000000 0.000000 0.000000 0.000000 0.000000 0.000000 0.000000 0.000000 0.000000 0.000000 0.000000 0.000000 0.000000 0.000000 0.499986 0.000000
 0.000000 0.499912 0.000000 0.000000 0.000000 0.000000 0.000000 0.500088 0.000000 0.000000 0.000000 0.000000 0.000000 0.000000 0.000000 0.000000 0.000000 0.000000 0.000000 0.000000
 0.000065 0.000000 0.496790 0.000000 0.000000 0.000000 0.000000 0.000000 0.000000 0.000000 0.000000 0.006385 0.000000 0.000000 0.000000 0.000000 0.000000 0.496761 0.000000 0.000000
 0.000000 0.000000 0.000000 0.000911 0.000000 0.140279 0.000000 0.000000 0.423799 0.000000 0.000000 0.000000 0.000000 0.000000 0.000000 0.000000 0.000000 0.000000 0.000000 0.435012
 0.000000 0.000000 0.000001 0.000000 0.000613 0.499657 0.000000 0.000000 0.000000 0.499729 0.000000 0.000000 0.000000 0.000000 0.000000 0.000000 0.000000 0.000000 0.000000 0.000000
 0.008392 0.000000 0.000004 0.000000 0.000000 0.000000 0.000000 0.000000 0.000000 0.000000 0.000000 0.495816 0.000000 0.000000 0.495788 0.000000 0.000000 0.000000 0.000000 0.000000
 0.000000 0.000022 0.000000 0.000000 0.000000 0.000000 0.000000 0.000000 0.000000 0.000000 0.000000 0.500003 0.499975 0.000000 0.000000 0.000000 0.000000 0.000000 0.000000 0.000000
 0.000000 0.000000 0.000000 0.405532 0.000000 0.000000 0.000008 0.000000 0.177259 0.000000 0.000000 0.000000 0.000000 0.000000 0.000000 0.417201 0.000000 0.000000 0.000000 0.000000
the mean of prob-rank is 1.5263157894736843
the number of false negetive edges is 0
the number of probability greater than 0 is 3.1/edge
