20
 0.000000 0.000000 0.000000 0.000000 0.424345 0.000000 0.000000 0.152067 0.000000 0.000000 0.000000 0.000000 0.000000 0.000000 0.000000 0.000000 0.423588 0.000000 0.000000 0.000000
 0.000000 0.000000 0.422418 0.000000 0.000000 0.159547 0.000000 0.000000 0.000000 0.000000 0.000000 0.000000 0.000000 0.000000 0.000000 0.000000 0.418035 0.000000 0.000000 0.000000
 0.000000 0.500000 0.000000 0.000000 0.000000 0.000000 0.000000 0.000000 0.000000 0.000000 0.000000 0.000000 0.000000 0.000000 0.000000 0.000000 0.000000 0.000000 0.000000 0.500000
 0.000000 0.000000 0.000000 0.000000 0.000000 0.154421 0.000000 0.000000 0.000000 0.000000 0.289176 0.000000 0.000000 0.000000 0.000000 0.099410 0.175054 0.278647 0.003292 0.000000
 0.496278 0.000000 0.000000 0.000000 0.000000 0.000000 0.000000 0.495751 0.000000 0.000000 0.000000 0.000000 0.003822 0.000000 0.000000 0.000000 0.004148 0.000000 0.000000 0.000000
 0.000000 0.107594 0.000000 0.152120 0.000000 0.000000 0.000000 0.000000 0.000000 0.000000 0.178047 0.000000 0.000000 0.283633 0.000000 0.000000 0.000000 0.000000 0.278606 0.000000
 0.000000 0.000000 0.000000 0.000000 0.000000 0.000000 0.000000 0.000000 0.000000 0.000000 0.000000 0.000000 0.000000 0.000000 0.500000 0.500000 0.000000 0.000000 0.000000 0.000000
 0.152023 0.000000 0.000000 0.000000 0.423774 0.000000 0.000000 0.000000 0.000000 0.000000 0.000000 0.000000 0.424203 0.000000 0.000000 0.000000 0.000000 0.000000 0.000000 0.000000
 0.000000 0.000000 0.000000 0.000000 0.000000 0.000000 0.000000 0.000000 0.000000 0.499927 0.000000 0.000000 0.000000 0.000145 0.000000 0.000000 0.000000 0.000000 0.000000 0.499928
 0.000000 0.000000 0.000000 0.000000 0.000000 0.000000 0.000000 0.000000 0.500000 0.000000 0.000000 0.000000 0.000000 0.500000 0.000000 0.000000 0.000000 0.000000 0.000000 0.000000
 0.000000 0.000000 0.000000 0.316307 0.000000 0.197697 0.000000 0.000000 0.000000 0.000000 0.000000 0.000028 0.000000 0.000000 0.000000 0.281643 0.000001 0.000935 0.203389 0.000000
 0.000000 0.000000 0.000000 0.000000 0.000000 0.000000 0.000000 0.000000 0.000000 0.000000 0.000044 0.000000 0.000000 0.000000 0.499977 0.000000 0.000000 0.000000 0.499979 0.000000
 0.000000 0.000000 0.000000 0.000000 0.003836 0.000000 0.000000 0.498070 0.000000 0.000000 0.000000 0.000000 0.000000 0.000000 0.000000 0.000000 0.000000 0.498094 0.000000 0.000000
 0.000000 0.000000 0.000000 0.000000 0.000000 0.468286 0.000000 0.000000 0.000136 0.470325 0.000000 0.000000 0.000000 0.000000 0.000000 0.000000 0.000000 0.000000 0.061253 0.000000
 0.000000 0.000000 0.000000 0.000000 0.000000 0.000000 0.500001 0.000000 0.000000 0.000000 0.000000 0.499999 0.000000 0.000000 0.000000 0.000000 0.000000 0.000000 0.000000 0.000000
 0.000000 0.000000 0.000000 0.125765 0.000000 0.000000 0.365837 0.000000 0.000000 0.000000 0.325746 0.000000 0.000000 0.000000 0.000000 0.000000 0.000000 0.182652 0.000000 0.000000
 0.383699 0.380397 0.000000 0.232690 0.003213 0.000000 0.000000 0.000000 0.000000 0.000000 0.000001 0.000000 0.000000 0.000000 0.000000 0.000000 0.000000 0.000000 0.000000 0.000000
 0.000000 0.000000 0.000000 0.390779 0.000000 0.000000 0.000000 0.000000 0.000000 0.000000 0.001199 0.000000 0.405545 0.000000 0.000000 0.202477 0.000000 0.000000 0.000000 0.000000
 0.000000 0.000000 0.000000 0.004121 0.000000 0.354015 0.000000 0.000000 0.000000 0.000000 0.232751 0.361971 0.000000 0.047142 0.000000 0.000000 0.000000 0.000000 0.000000 0.000000
 0.000000 0.000000 0.500000 0.000000 0.000000 0.000000 0.000000 0.000000 0.500000 0.000000 0.000000 0.000000 0.000000 0.000000 0.000000 0.000000 0.000000 0.000000 0.000000 0.000000
the mean of prob-rank is 1.631578947368421
the number of false negetive edges is 0
the number of probability greater than 0 is 3.5/edge
