20
 0.000000 0.000000 0.000000 0.000000 0.284601 0.000000 0.251175 0.000000 0.174408 0.000000 0.000000 0.000000 0.000000 0.284213 0.000000 0.000000 0.000000 0.000000 0.000000 0.005603
 0.000000 0.000000 0.000000 0.499969 0.000000 0.000000 0.000000 0.000000 0.000000 0.499980 0.000000 0.000000 0.000000 0.000000 0.000000 0.000000 0.000051 0.000000 0.000000 0.000000
 0.000000 0.000000 0.000000 0.378201 0.000000 0.000000 0.000000 0.000000 0.000000 0.000000 0.000000 0.000000 0.000000 0.000000 0.389258 0.000000 0.000000 0.232540 0.000000 0.000000
 0.000000 0.375794 0.365128 0.000000 0.000000 0.000002 0.000000 0.000000 0.000000 0.000000 0.000000 0.000000 0.000000 0.000000 0.259076 0.000000 0.000000 0.000000 0.000000 0.000000
 0.242466 0.000000 0.000000 0.000000 0.000000 0.000000 0.210101 0.000000 0.002784 0.006692 0.000004 0.000000 0.194622 0.126539 0.000000 0.216688 0.000104 0.000000 0.000000 0.000000
 0.000000 0.000000 0.000001 0.000002 0.000000 0.000000 0.000000 0.000000 0.000000 0.000000 0.000000 0.000000 0.000000 0.000000 0.097364 0.000000 0.000000 0.451192 0.451442 0.000000
 0.297378 0.000000 0.000000 0.000000 0.291974 0.000000 0.000000 0.000000 0.000000 0.000000 0.000000 0.000000 0.000000 0.058795 0.000000 0.000000 0.000000 0.008184 0.343668 0.000000
 0.000000 0.000000 0.000000 0.000000 0.000000 0.000000 0.000000 0.000000 0.000000 0.000000 0.500000 0.500000 0.000000 0.000000 0.000000 0.000000 0.000000 0.000000 0.000000 0.000000
 0.226123 0.000000 0.000000 0.000000 0.004237 0.000000 0.000000 0.000000 0.000000 0.000000 0.000000 0.000000 0.373515 0.019673 0.000000 0.000091 0.000000 0.000000 0.000000 0.376361
 0.000000 0.493331 0.000000 0.000000 0.013349 0.000000 0.000000 0.000000 0.000000 0.000000 0.000000 0.000000 0.000000 0.000000 0.000000 0.000000 0.493320 0.000000 0.000000 0.000000
 0.000000 0.000000 0.000000 0.000000 0.000007 0.000000 0.000000 0.499996 0.000000 0.000000 0.000000 0.000000 0.000000 0.000000 0.000000 0.499996 0.000000 0.000000 0.000000 0.000000
 0.000000 0.000000 0.000000 0.000000 0.000000 0.000000 0.000000 0.500000 0.000000 0.000000 0.000000 0.000000 0.000000 0.000000 0.000000 0.000000 0.500000 0.000000 0.000000 0.000000
 0.000000 0.000000 0.000000 0.000000 0.285119 0.000000 0.000000 0.000000 0.359566 0.000000 0.000000 0.000000 0.000000 0.000000 0.000000 0.355315 0.000000 0.000000 0.000000 0.000000
 0.360739 0.000000 0.000000 0.000000 0.188520 0.000000 0.063032 0.000000 0.019259 0.000000 0.000000 0.000000 0.000000 0.000000 0.000000 0.000000 0.000000 0.000000 0.000000 0.368450
 0.000000 0.000000 0.354239 0.244209 0.000000 0.076400 0.000000 0.000000 0.000000 0.000000 0.000000 0.000000 0.000000 0.000000 0.000000 0.000000 0.000000 0.325151 0.000000 0.000000
 0.000000 0.000000 0.000000 0.000000 0.306664 0.000000 0.000000 0.000000 0.000084 0.000000 0.350004 0.000000 0.343248 0.000000 0.000000 0.000000 0.000000 0.000000 0.000000 0.000000
 0.000000 0.000051 0.000000 0.000000 0.000211 0.000000 0.000000 0.000000 0.000000 0.499860 0.000000 0.499878 0.000000 0.000000 0.000000 0.000000 0.000000 0.000000 0.000000 0.000000
 0.000000 0.000000 0.223201 0.000000 0.000000 0.373421 0.008897 0.000000 0.000000 0.000000 0.000000 0.000000 0.000000 0.000000 0.342945 0.000000 0.000000 0.000000 0.051536 0.000000
 0.000000 0.000000 0.000000 0.000000 0.000000 0.467752 0.467729 0.000000 0.000000 0.000000 0.000000 0.000000 0.000000 0.000000 0.000000 0.000000 0.000000 0.064519 0.000000 0.000000
 0.009558 0.000000 0.000000 0.000000 0.000000 0.000000 0.000000 0.000000 0.495219 0.000000 0.000000 0.000000 0.000000 0.495223 0.000000 0.000000 0.000000 0.000000 0.000000 0.000000
the mean of prob-rank is 1.4736842105263157
the number of false negetive edges is 0
the number of probability greater than 0 is 4.0/edge
