20
 0.000000 0.344071 0.000000 0.000000 0.000000 0.000000 0.000001 0.000000 0.000000 0.291606 0.000000 0.000000 0.000000 0.000645 0.004233 0.359445 0.000000 0.000000 0.000000 0.000000
 0.368865 0.000000 0.000000 0.000000 0.000000 0.000000 0.391861 0.000000 0.000000 0.000000 0.000000 0.000000 0.000000 0.000006 0.004199 0.235069 0.000000 0.000000 0.000000 0.000000
 0.000000 0.000000 0.000000 0.370749 0.000000 0.000000 0.000000 0.000000 0.000000 0.372008 0.000000 0.000000 0.000000 0.000000 0.000000 0.000000 0.000000 0.199453 0.000000 0.057790
 0.000000 0.000000 0.377214 0.000000 0.224716 0.000000 0.000000 0.000000 0.015359 0.000000 0.000000 0.000000 0.000000 0.000000 0.000000 0.000000 0.000000 0.000000 0.000000 0.382711
 0.000000 0.000000 0.000000 0.226930 0.000000 0.000000 0.000000 0.000000 0.386481 0.000000 0.000000 0.000000 0.000000 0.000000 0.000000 0.000000 0.000000 0.003786 0.000000 0.382803
 0.000000 0.000000 0.000000 0.000000 0.000000 0.000000 0.000000 0.000000 0.000000 0.000000 0.003678 0.343056 0.339873 0.000000 0.000000 0.000000 0.000000 0.000000 0.313393 0.000000
 0.000001 0.474229 0.000000 0.000000 0.000000 0.000000 0.000000 0.474201 0.000000 0.000000 0.000000 0.000000 0.000000 0.000000 0.000000 0.051568 0.000000 0.000000 0.000000 0.000000
 0.000000 0.000000 0.000000 0.000000 0.000000 0.000000 0.392679 0.000000 0.000000 0.000000 0.386598 0.220723 0.000000 0.000000 0.000000 0.000000 0.000000 0.000000 0.000000 0.000000
 0.000000 0.000000 0.000000 0.016566 0.412803 0.000000 0.000000 0.000000 0.000000 0.000000 0.000000 0.000000 0.161748 0.000000 0.000000 0.000000 0.000000 0.408882 0.000000 0.000000
 0.227276 0.000000 0.281747 0.000000 0.000000 0.000000 0.000000 0.000000 0.000000 0.000000 0.000000 0.000000 0.000000 0.046799 0.252989 0.191189 0.000000 0.000000 0.000000 0.000000
 0.000000 0.000000 0.000000 0.000000 0.000000 0.004350 0.000000 0.414345 0.000000 0.000000 0.000000 0.420879 0.000000 0.000001 0.150916 0.003941 0.005137 0.000000 0.000432 0.000000
 0.000000 0.000000 0.000000 0.000000 0.000000 0.381631 0.000000 0.222505 0.000000 0.000000 0.395864 0.000000 0.000000 0.000000 0.000000 0.000000 0.000000 0.000000 0.000000 0.000000
 0.000000 0.000000 0.000000 0.000000 0.000000 0.317772 0.000000 0.000000 0.130368 0.000000 0.000000 0.000000 0.000000 0.000000 0.000000 0.000000 0.222940 0.000000 0.328920 0.000000
 0.000815 0.000007 0.000000 0.000000 0.000000 0.000000 0.000000 0.000000 0.000000 0.075943 0.000001 0.000000 0.000000 0.000000 0.462289 0.460945 0.000000 0.000000 0.000000 0.000000
 0.002985 0.002762 0.000000 0.000000 0.000000 0.000000 0.000000 0.000000 0.000000 0.228885 0.092417 0.000000 0.000000 0.257737 0.000000 0.125058 0.143931 0.146225 0.000000 0.000000
 0.255108 0.155621 0.000000 0.000000 0.000000 0.000000 0.028210 0.000000 0.000000 0.174099 0.002429 0.000000 0.000000 0.258661 0.125872 0.000000 0.000000 0.000000 0.000000 0.000000
 0.000000 0.000000 0.000000 0.000000 0.000000 0.000000 0.000000 0.000000 0.000000 0.000000 0.003871 0.000000 0.212536 0.000000 0.177128 0.000000 0.000000 0.317169 0.289295 0.000000
 0.000000 0.000000 0.170028 0.000000 0.003141 0.000000 0.000000 0.000000 0.317614 0.000000 0.000000 0.000000 0.000000 0.000000 0.181921 0.000000 0.320638 0.000000 0.000000 0.006658
 0.000000 0.000000 0.000000 0.000000 0.000000 0.316522 0.000000 0.000000 0.000000 0.000000 0.000368 0.000000 0.355308 0.000000 0.000000 0.000000 0.327801 0.000000 0.000000 0.000000
 0.000000 0.000000 0.070967 0.461918 0.457523 0.000000 0.000000 0.000000 0.000000 0.000000 0.000000 0.000000 0.000000 0.000000 0.000000 0.000000 0.000000 0.009592 0.000000 0.000000
the mean of prob-rank is 1.6842105263157894
the number of false negetive edges is 0
the number of probability greater than 0 is 4.85/edge
