20
 0.000000 0.000000 0.500000 0.000000 0.000000 0.000000 0.000000 0.000000 0.000000 0.000000 0.000000 0.000000 0.000000 0.000000 0.500000 0.000000 0.000000 0.000000 0.000000 0.000000
 0.000000 0.000000 0.000000 0.102644 0.000000 0.310460 0.000110 0.000000 0.000000 0.169234 0.000000 0.317273 0.000000 0.100251 0.000000 0.000000 0.000000 0.000028 0.000000 0.000000
 0.500000 0.000000 0.000000 0.000000 0.000000 0.000000 0.000000 0.000000 0.000000 0.000000 0.000000 0.000000 0.000000 0.000000 0.000000 0.000000 0.000000 0.000000 0.500000 0.000000
 0.000000 0.106245 0.000000 0.000000 0.000000 0.089472 0.006934 0.000000 0.142004 0.325027 0.000000 0.000615 0.000000 0.329703 0.000000 0.000000 0.000000 0.000000 0.000000 0.000000
 0.000000 0.000000 0.000000 0.000000 0.000000 0.003197 0.000000 0.000000 0.000000 0.000000 0.000000 0.000000 0.000000 0.000000 0.000000 0.498455 0.000000 0.000000 0.000000 0.498347
 0.000000 0.283150 0.000000 0.078837 0.001864 0.000000 0.000046 0.037014 0.135332 0.001504 0.000000 0.171906 0.000000 0.290348 0.000000 0.000000 0.000000 0.000000 0.000000 0.000000
 0.000000 0.000165 0.000000 0.010011 0.000000 0.000075 0.000000 0.000000 0.041782 0.000000 0.000000 0.476176 0.000000 0.000000 0.000000 0.000000 0.471791 0.000000 0.000000 0.000000
 0.000000 0.000000 0.000000 0.000000 0.000000 0.048242 0.000000 0.000000 0.357603 0.000000 0.000000 0.000000 0.000000 0.000000 0.000000 0.000000 0.215376 0.000000 0.000000 0.378778
 0.000000 0.000000 0.000000 0.146914 0.000000 0.158900 0.029941 0.322151 0.000000 0.000000 0.000000 0.000000 0.000000 0.000867 0.000000 0.000000 0.341228 0.000000 0.000000 0.000000
 0.000000 0.210610 0.000000 0.390785 0.000000 0.002053 0.000000 0.000000 0.000000 0.000000 0.396552 0.000000 0.000000 0.000000 0.000000 0.000000 0.000000 0.000000 0.000000 0.000000
 0.000000 0.000000 0.000000 0.000000 0.000000 0.000000 0.000000 0.000000 0.000000 0.500000 0.000000 0.000000 0.000000 0.000000 0.000000 0.000000 0.000000 0.500000 0.000000 0.000000
 0.000000 0.383844 0.000000 0.000719 0.000000 0.228035 0.385507 0.000000 0.000000 0.000000 0.000000 0.000000 0.000000 0.001895 0.000000 0.000000 0.000000 0.000000 0.000000 0.000000
 0.000000 0.000000 0.000000 0.000000 0.000000 0.000000 0.000000 0.000001 0.000000 0.000000 0.000000 0.000000 0.000000 0.000000 0.000000 0.499982 0.000000 0.000000 0.500017 0.000000
 0.000000 0.135564 0.000000 0.430732 0.000000 0.430492 0.000000 0.000000 0.001094 0.000000 0.000000 0.002118 0.000000 0.000000 0.000000 0.000000 0.000000 0.000000 0.000000 0.000000
 0.500000 0.000000 0.000000 0.000000 0.000000 0.000000 0.000000 0.000000 0.000000 0.000000 0.000000 0.000000 0.000000 0.000000 0.000000 0.000000 0.000000 0.500000 0.000000 0.000000
 0.000000 0.000000 0.000000 0.000000 0.499611 0.000000 0.000000 0.000000 0.000000 0.000000 0.000000 0.000000 0.499564 0.000000 0.000000 0.000000 0.000000 0.000000 0.000826 0.000000
 0.000000 0.000000 0.000000 0.000000 0.000000 0.000000 0.387119 0.222164 0.390717 0.000000 0.000000 0.000000 0.000000 0.000000 0.000000 0.000000 0.000000 0.000000 0.000000 0.000000
 0.000000 0.000044 0.000000 0.000000 0.000000 0.000000 0.000000 0.000000 0.000000 0.000000 0.499978 0.000000 0.000000 0.000000 0.499978 0.000000 0.000000 0.000000 0.000000 0.000000
 0.000000 0.000000 0.499593 0.000000 0.000000 0.000000 0.000000 0.000000 0.000000 0.000000 0.000000 0.000000 0.499581 0.000000 0.000000 0.000826 0.000000 0.000000 0.000000 0.000000
 0.000000 0.000000 0.000000 0.000000 0.499946 0.000000 0.000000 0.500053 0.000000 0.000000 0.000000 0.000000 0.000000 0.000000 0.000000 0.000000 0.000000 0.000000 0.000000 0.000000
the mean of prob-rank is 1.4736842105263157
the number of false negetive edges is 0
the number of probability greater than 0 is 4.0/edge
