20
 0.000000 0.116251 0.000259 0.000000 0.000000 0.000000 0.000000 0.002235 0.000000 0.000000 0.000000 0.000000 0.000000 0.000000 0.058040 0.410740 0.412474 0.000000 0.000000 0.000000
 0.110886 0.000000 0.104689 0.000000 0.000000 0.000000 0.000000 0.391551 0.000000 0.000000 0.000000 0.000000 0.000000 0.000000 0.392873 0.000000 0.000000 0.000000 0.000000 0.000000
 0.000229 0.097074 0.000000 0.331993 0.000000 0.000000 0.000020 0.364888 0.182590 0.000000 0.000000 0.016042 0.000000 0.000000 0.007165 0.000000 0.000000 0.000000 0.000000 0.000000
 0.000000 0.000000 0.248630 0.000000 0.000000 0.000000 0.221697 0.003976 0.264983 0.000000 0.000000 0.000000 0.000000 0.000000 0.000000 0.000000 0.260715 0.000000 0.000000 0.000000
 0.000000 0.000000 0.000000 0.000000 0.000000 0.000000 0.000000 0.000000 0.000000 0.000000 0.000000 0.000000 0.498857 0.000000 0.000000 0.003849 0.000000 0.000000 0.000000 0.497294
 0.000000 0.000000 0.000000 0.000000 0.000000 0.000000 0.000000 0.000000 0.000000 0.000000 0.000000 0.000000 0.000000 0.500001 0.000000 0.000000 0.000000 0.000000 0.499999 0.000000
 0.000000 0.000000 0.000017 0.251911 0.000000 0.000000 0.000000 0.000000 0.310506 0.000000 0.000000 0.000000 0.000000 0.000000 0.000000 0.220541 0.217026 0.000000 0.000000 0.000000
 0.002598 0.477174 0.479564 0.006977 0.000000 0.000000 0.000000 0.000000 0.000000 0.000000 0.000000 0.000000 0.000000 0.000000 0.033687 0.000000 0.000000 0.000000 0.000000 0.000000
 0.000000 0.000000 0.202584 0.392574 0.000000 0.000000 0.404843 0.000000 0.000000 0.000000 0.000000 0.000000 0.000000 0.000000 0.000000 0.000000 0.000000 0.000000 0.000000 0.000000
 0.000000 0.000000 0.000000 0.000000 0.000000 0.000000 0.000000 0.000000 0.000000 0.000000 0.500021 0.000000 0.000000 0.499979 0.000000 0.000000 0.000000 0.000000 0.000000 0.000000
 0.000000 0.000000 0.000000 0.000000 0.000000 0.000000 0.000000 0.000000 0.000000 0.500141 0.000000 0.000000 0.000000 0.000000 0.000000 0.000000 0.000000 0.000000 0.000000 0.499859
 0.000000 0.000000 0.021521 0.000000 0.000000 0.000000 0.000000 0.000000 0.000000 0.000000 0.000000 0.000000 0.000000 0.000000 0.488959 0.000000 0.000000 0.489519 0.000000 0.000000
 0.000000 0.000000 0.000000 0.000000 0.422163 0.000000 0.000000 0.000000 0.000000 0.000000 0.000000 0.000000 0.000000 0.000000 0.000000 0.419904 0.000000 0.000000 0.000000 0.157933
 0.000000 0.000000 0.000000 0.000000 0.000000 0.500021 0.000000 0.000000 0.000000 0.499979 0.000000 0.000000 0.000000 0.000000 0.000000 0.000000 0.000000 0.000000 0.000000 0.000000
 0.063150 0.448147 0.008814 0.000000 0.000000 0.000000 0.000000 0.031531 0.000000 0.000000 0.000000 0.448358 0.000000 0.000000 0.000000 0.000000 0.000000 0.000000 0.000000 0.000000
 0.367620 0.000000 0.000000 0.000000 0.002849 0.000000 0.262257 0.000000 0.000000 0.000000 0.000000 0.000000 0.367257 0.000000 0.000000 0.000000 0.000018 0.000000 0.000000 0.000000
 0.376880 0.000000 0.000000 0.359638 0.000000 0.000000 0.263465 0.000000 0.000000 0.000000 0.000000 0.000000 0.000000 0.000000 0.000000 0.000018 0.000000 0.000000 0.000000 0.000000
 0.000000 0.000000 0.000000 0.000000 0.000000 0.000000 0.000000 0.000000 0.000000 0.000000 0.000000 0.499998 0.000000 0.000000 0.000000 0.000000 0.000000 0.000000 0.500002 0.000000
 0.000000 0.000000 0.000000 0.000000 0.000000 0.499999 0.000000 0.000000 0.000000 0.000000 0.000000 0.000000 0.000000 0.000000 0.000000 0.000000 0.000000 0.500001 0.000000 0.000000
 0.000000 0.000000 0.000000 0.000000 0.420543 0.000000 0.000000 0.000000 0.000000 0.000000 0.421635 0.000000 0.157822 0.000000 0.000000 0.000000 0.000000 0.000000 0.000000 0.000000
the mean of prob-rank is 1.6842105263157894
the number of false negetive edges is 0
the number of probability greater than 0 is 3.7/edge
