20
 0.000000 0.000000 0.499687 0.000000 0.000000 0.000000 0.000000 0.000000 0.000000 0.000000 0.000522 0.000000 0.000000 0.000000 0.499792 0.000000 0.000000 0.000000 0.000000 0.000000
 0.000000 0.000000 0.000000 0.000000 0.000003 0.000000 0.000000 0.000000 0.371972 0.000000 0.000000 0.363377 0.000000 0.138348 0.000000 0.000000 0.000000 0.000000 0.126300 0.000000
 0.499947 0.000000 0.000000 0.000000 0.000000 0.000000 0.500052 0.000001 0.000000 0.000000 0.000000 0.000000 0.000000 0.000000 0.000000 0.000000 0.000000 0.000000 0.000000 0.000000
 0.000000 0.000000 0.000000 0.000000 0.315985 0.000000 0.000000 0.000000 0.000000 0.000000 0.000000 0.000000 0.000000 0.280167 0.000000 0.148924 0.000000 0.000000 0.000000 0.254924
 0.000000 0.000002 0.000000 0.342533 0.000000 0.000000 0.000000 0.000000 0.000000 0.160099 0.000000 0.000000 0.331694 0.000290 0.000000 0.158748 0.000000 0.000000 0.000000 0.006633
 0.000000 0.000000 0.000000 0.000000 0.000000 0.000000 0.499959 0.000083 0.000000 0.000000 0.000000 0.000000 0.000000 0.000000 0.000000 0.000000 0.000000 0.000000 0.499958 0.000000
 0.000000 0.000000 0.500000 0.000000 0.000000 0.500000 0.000000 0.000000 0.000000 0.000000 0.000000 0.000000 0.000000 0.000000 0.000000 0.000000 0.000000 0.000000 0.000000 0.000000
 0.000000 0.000000 0.000001 0.000000 0.000000 0.000051 0.000000 0.000000 0.028745 0.000000 0.296076 0.260463 0.000000 0.000000 0.000000 0.000000 0.301393 0.000000 0.113272 0.000000
 0.000000 0.430847 0.000000 0.000000 0.000000 0.000000 0.000000 0.040241 0.000000 0.000000 0.000000 0.100729 0.000000 0.428104 0.000000 0.000000 0.000080 0.000000 0.000000 0.000000
 0.000000 0.000000 0.000000 0.000000 0.141543 0.000000 0.000000 0.000000 0.000000 0.000000 0.000000 0.000000 0.301926 0.000000 0.041301 0.291597 0.000000 0.223633 0.000000 0.000000
 0.000399 0.000000 0.000000 0.000000 0.000000 0.000000 0.000000 0.367544 0.000000 0.000000 0.000000 0.000000 0.000000 0.000000 0.249984 0.000001 0.000000 0.382073 0.000000 0.000000
 0.000000 0.324449 0.000000 0.000000 0.000000 0.000000 0.000000 0.281081 0.077648 0.000000 0.000000 0.000000 0.000000 0.000000 0.000000 0.000000 0.000000 0.000000 0.316822 0.000000
 0.000000 0.000000 0.000000 0.000000 0.354148 0.000000 0.000000 0.000000 0.000000 0.364629 0.000000 0.000000 0.000000 0.000000 0.000000 0.281223 0.000000 0.000000 0.000000 0.000000
 0.000000 0.107319 0.000000 0.255855 0.000244 0.000000 0.000000 0.000000 0.286709 0.000000 0.000000 0.000000 0.000000 0.000000 0.000000 0.000000 0.169203 0.000000 0.000000 0.180670
 0.360324 0.000000 0.000000 0.000000 0.000000 0.000000 0.000000 0.000000 0.000000 0.049142 0.235752 0.000000 0.000000 0.000000 0.000000 0.000000 0.000000 0.354782 0.000000 0.000000
 0.000000 0.000000 0.000000 0.127293 0.125173 0.000000 0.000000 0.000000 0.000000 0.260068 0.000000 0.000000 0.207685 0.000000 0.000000 0.000000 0.026026 0.000000 0.000000 0.253754
 0.000000 0.000000 0.000000 0.000000 0.000000 0.000000 0.000000 0.367843 0.000069 0.000000 0.000000 0.000000 0.000000 0.220260 0.000000 0.036198 0.000000 0.000000 0.000000 0.375630
 0.000000 0.000000 0.000000 0.000000 0.000000 0.000000 0.000000 0.000000 0.000000 0.271190 0.367228 0.000000 0.000000 0.000000 0.361582 0.000000 0.000000 0.000000 0.000000 0.000000
 0.000000 0.127571 0.000000 0.000000 0.000000 0.375740 0.000000 0.138283 0.000000 0.000000 0.000000 0.358406 0.000000 0.000000 0.000000 0.000000 0.000000 0.000000 0.000000 0.000000
 0.000000 0.000000 0.000000 0.237861 0.005709 0.000000 0.000000 0.000000 0.000000 0.000000 0.000000 0.000000 0.000000 0.184596 0.000000 0.277005 0.294828 0.000000 0.000000 0.000000
the mean of prob-rank is 2.0526315789473686
the number of false negetive edges is 0
the number of probability greater than 0 is 4.35/edge
