20
 0.000000 0.394064 0.401950 0.000000 0.000000 0.000000 0.000000 0.203981 0.000000 0.000000 0.000000 0.000000 0.000000 0.000000 0.000000 0.000000 0.000005 0.000000 0.000000 0.000000
 0.264840 0.000000 0.000000 0.009278 0.000000 0.000000 0.000000 0.001063 0.071705 0.191230 0.256225 0.000000 0.000000 0.000000 0.000000 0.000000 0.205659 0.000000 0.000000 0.000000
 0.500003 0.000000 0.000000 0.000000 0.000000 0.000000 0.000000 0.000000 0.000000 0.000000 0.000000 0.000000 0.499984 0.000000 0.000000 0.000000 0.000013 0.000000 0.000000 0.000000
 0.000000 0.012772 0.000000 0.000000 0.000000 0.000000 0.000000 0.000000 0.000000 0.000000 0.265039 0.000000 0.000016 0.000000 0.371850 0.000000 0.350324 0.000000 0.000000 0.000000
 0.000000 0.000000 0.000000 0.000000 0.000000 0.000000 0.000000 0.000000 0.000000 0.000000 0.000000 0.000000 0.000000 0.500000 0.000000 0.000000 0.000000 0.000000 0.000000 0.500000
 0.000000 0.000000 0.000000 0.000000 0.000000 0.000000 0.000000 0.000000 0.490105 0.000000 0.017968 0.491927 0.000000 0.000000 0.000000 0.000000 0.000000 0.000000 0.000000 0.000000
 0.000000 0.000000 0.000000 0.000000 0.000000 0.000000 0.000000 0.000000 0.000000 0.000000 0.000000 0.000000 0.000000 0.000000 0.000000 0.500000 0.000000 0.000000 0.500000 0.000000
 0.207134 0.001607 0.000000 0.000000 0.000000 0.000000 0.000000 0.000000 0.000000 0.383090 0.000008 0.000000 0.000000 0.000000 0.000000 0.000000 0.000000 0.000000 0.000000 0.408162
 0.000000 0.116845 0.000000 0.000000 0.000000 0.438473 0.000000 0.000000 0.000000 0.000000 0.004479 0.000000 0.000000 0.000000 0.440202 0.000000 0.000000 0.000000 0.000000 0.000000
 0.000000 0.267493 0.000000 0.000000 0.000000 0.000000 0.000000 0.354663 0.000000 0.000000 0.377842 0.000000 0.000000 0.000000 0.000000 0.000000 0.000000 0.000000 0.000000 0.000002
 0.000000 0.350271 0.000000 0.263215 0.000000 0.013486 0.000000 0.000007 0.003758 0.369263 0.000000 0.000000 0.000000 0.000000 0.000000 0.000000 0.000000 0.000000 0.000000 0.000000
 0.000000 0.000000 0.000000 0.000000 0.000000 0.499943 0.000000 0.000000 0.000000 0.000000 0.000000 0.000000 0.000000 0.000000 0.000000 0.000000 0.000000 0.000000 0.500057 0.000000
 0.000000 0.000000 0.500210 0.000022 0.000000 0.000000 0.000000 0.000000 0.000000 0.000000 0.000000 0.000000 0.000000 0.000000 0.000000 0.000000 0.499768 0.000000 0.000000 0.000000
 0.000000 0.000000 0.000000 0.000000 0.500000 0.000000 0.000000 0.000000 0.000000 0.000000 0.000000 0.000000 0.000000 0.000000 0.000000 0.000000 0.000000 0.500000 0.000000 0.000000
 0.000000 0.000000 0.000000 0.499997 0.000000 0.000000 0.000000 0.000000 0.500003 0.000000 0.000000 0.000000 0.000000 0.000000 0.000000 0.000000 0.000000 0.000000 0.000000 0.000000
 0.000000 0.000000 0.000000 0.000000 0.000000 0.000000 0.500000 0.000000 0.000000 0.000000 0.000000 0.000000 0.000000 0.000000 0.000000 0.000000 0.000000 0.500000 0.000000 0.000000
 0.000004 0.281701 0.000010 0.348601 0.000000 0.000000 0.000000 0.000000 0.000000 0.000000 0.000000 0.000000 0.369684 0.000000 0.000000 0.000000 0.000000 0.000000 0.000000 0.000000
 0.000000 0.000000 0.000000 0.000000 0.000000 0.000000 0.000000 0.000000 0.000000 0.000000 0.000000 0.000000 0.000000 0.500000 0.000000 0.500000 0.000000 0.000000 0.000000 0.000000
 0.000000 0.000000 0.000000 0.000000 0.000000 0.000000 0.500000 0.000000 0.000000 0.000000 0.000000 0.500000 0.000000 0.000000 0.000000 0.000000 0.000000 0.000000 0.000000 0.000000
 0.000000 0.000000 0.000000 0.000000 0.499999 0.000000 0.000000 0.499999 0.000000 0.000003 0.000000 0.000000 0.000000 0.000000 0.000000 0.000000 0.000000 0.000000 0.000000 0.000000
the mean of prob-rank is 1.631578947368421
the number of false negetive edges is 0
the number of probability greater than 0 is 3.4/edge
