20
 0.000000 0.352601 0.000000 0.000000 0.000000 0.000000 0.000000 0.000000 0.000000 0.351477 0.000000 0.000000 0.292840 0.000000 0.000000 0.000000 0.000000 0.000000 0.000000 0.003081
 0.351645 0.000000 0.000000 0.000000 0.000000 0.000000 0.000000 0.000000 0.312773 0.000000 0.000000 0.000000 0.335581 0.000000 0.000000 0.000000 0.000000 0.000000 0.000000 0.000000
 0.000000 0.000000 0.000000 0.000000 0.499989 0.000000 0.000000 0.000000 0.000000 0.000000 0.000000 0.500011 0.000000 0.000000 0.000000 0.000000 0.000000 0.000000 0.000000 0.000000
 0.000000 0.000000 0.000000 0.000000 0.000000 0.000000 0.000000 0.000000 0.000000 0.000000 0.500000 0.500000 0.000000 0.000000 0.000000 0.000000 0.000000 0.000000 0.000000 0.000000
 0.000000 0.000000 0.499989 0.000000 0.000000 0.000000 0.000000 0.000000 0.500011 0.000000 0.000000 0.000000 0.000000 0.000000 0.000000 0.000000 0.000000 0.000000 0.000000 0.000000
 0.000000 0.000000 0.000000 0.000000 0.000000 0.000000 0.000000 0.000000 0.000000 0.000000 0.500000 0.000000 0.000000 0.000000 0.000000 0.000000 0.500000 0.000000 0.000000 0.000000
 0.000000 0.000000 0.000000 0.000000 0.000000 0.000000 0.000000 0.474086 0.000000 0.000000 0.000000 0.000000 0.000000 0.000000 0.000000 0.000000 0.000000 0.051970 0.473944 0.000000
 0.000000 0.000000 0.000000 0.000000 0.000000 0.000000 0.491586 0.000000 0.000000 0.491014 0.000000 0.000000 0.000000 0.000000 0.000000 0.000000 0.000000 0.000000 0.017399 0.000000
 0.000000 0.310183 0.000000 0.000000 0.348741 0.000000 0.000000 0.000000 0.000000 0.000000 0.000000 0.000000 0.341075 0.000000 0.000000 0.000000 0.000000 0.000000 0.000000 0.000000
 0.348002 0.000000 0.000000 0.000000 0.000000 0.000000 0.000000 0.348717 0.000000 0.000000 0.000000 0.000000 0.299507 0.000000 0.000000 0.000000 0.000000 0.000000 0.000276 0.003498
 0.000000 0.000000 0.000000 0.500000 0.000000 0.500000 0.000000 0.000000 0.000000 0.000000 0.000000 0.000000 0.000000 0.000000 0.000000 0.000000 0.000000 0.000000 0.000000 0.000000
 0.000000 0.000000 0.500000 0.500000 0.000000 0.000000 0.000000 0.000000 0.000000 0.000000 0.000000 0.000000 0.000000 0.000000 0.000000 0.000000 0.000000 0.000000 0.000000 0.000000
 0.229375 0.263568 0.000000 0.000000 0.000000 0.000000 0.000000 0.000000 0.270119 0.236939 0.000000 0.000000 0.000000 0.000000 0.000000 0.000000 0.000000 0.000000 0.000000 0.000000
 0.000000 0.000000 0.000000 0.000000 0.000000 0.000000 0.000000 0.000000 0.000000 0.000000 0.000000 0.000000 0.000000 0.000000 0.500000 0.000000 0.500000 0.000000 0.000000 0.000000
 0.000000 0.000000 0.000000 0.000000 0.000000 0.000000 0.000000 0.000000 0.000000 0.000000 0.000000 0.000000 0.000000 0.483185 0.000000 0.034061 0.000000 0.482754 0.000000 0.000000
 0.000000 0.000000 0.000000 0.000000 0.000000 0.000000 0.000000 0.000000 0.000000 0.000000 0.000000 0.000000 0.000000 0.000000 0.034062 0.000000 0.000000 0.483198 0.000000 0.482740
 0.000000 0.000000 0.000000 0.000000 0.000000 0.500000 0.000000 0.000000 0.000000 0.000000 0.000000 0.000000 0.000000 0.500000 0.000000 0.000000 0.000000 0.000000 0.000000 0.000000
 0.000000 0.000000 0.000000 0.000000 0.000000 0.000000 0.051982 0.000000 0.000000 0.000000 0.000000 0.000000 0.000000 0.000000 0.473775 0.474198 0.000000 0.000000 0.000003 0.000041
 0.000000 0.000000 0.000000 0.000000 0.000000 0.000000 0.491040 0.017385 0.000000 0.000388 0.000000 0.000000 0.000000 0.000000 0.000000 0.000000 0.000000 0.000003 0.000000 0.491183
 0.004331 0.000000 0.000000 0.000000 0.000000 0.000000 0.000000 0.000000 0.000000 0.004965 0.000000 0.000000 0.000000 0.000000 0.000000 0.495097 0.000000 0.000043 0.495564 0.000000
the mean of prob-rank is 1.5263157894736843
the number of false negetive edges is 0
the number of probability greater than 0 is 3.1/edge
