20
 0.000000 0.000000 0.000000 0.000000 0.000000 0.000000 0.000000 0.000000 0.500000 0.000000 0.500000 0.000000 0.000000 0.000000 0.000000 0.000000 0.000000 0.000000 0.000000 0.000000
 0.000000 0.000000 0.000000 0.000000 0.000000 0.000000 0.000000 0.000000 0.000000 0.000000 0.000000 0.000000 0.000000 0.000000 0.000000 0.500000 0.000000 0.500000 0.000000 0.000000
 0.000000 0.000000 0.000000 0.000000 0.000001 0.004164 0.267517 0.000000 0.000000 0.000000 0.000000 0.000000 0.279385 0.156054 0.292879 0.000000 0.000000 0.000000 0.000000 0.000000
 0.000000 0.000000 0.000000 0.000000 0.000000 0.000000 0.000000 0.000000 0.000000 0.000000 0.500000 0.000000 0.000000 0.000000 0.000000 0.000000 0.000000 0.000000 0.000000 0.500000
 0.000000 0.000000 0.000002 0.000000 0.000000 0.000000 0.459147 0.000000 0.000000 0.459278 0.000000 0.000000 0.000000 0.081573 0.000000 0.000000 0.000000 0.000000 0.000000 0.000000
 0.000000 0.000000 0.006821 0.000000 0.000000 0.000000 0.030992 0.480788 0.000000 0.000000 0.000000 0.000001 0.481354 0.000000 0.000045 0.000000 0.000000 0.000000 0.000000 0.000000
 0.000000 0.000000 0.302242 0.000000 0.331908 0.021376 0.000000 0.000000 0.000000 0.000000 0.000000 0.000000 0.013135 0.331294 0.000044 0.000000 0.000000 0.000000 0.000000 0.000000
 0.000000 0.000000 0.000000 0.000000 0.000000 0.421722 0.000000 0.000000 0.000000 0.000000 0.000000 0.422219 0.156059 0.000000 0.000000 0.000000 0.000000 0.000000 0.000000 0.000000
 0.500000 0.000000 0.000000 0.000000 0.000000 0.000000 0.000000 0.000000 0.000000 0.000000 0.000000 0.000000 0.000000 0.000000 0.000000 0.000000 0.000000 0.500000 0.000000 0.000000
 0.000000 0.000000 0.000000 0.000000 0.499999 0.000000 0.000001 0.000000 0.000000 0.000000 0.000000 0.000000 0.000000 0.000004 0.000000 0.499996 0.000000 0.000000 0.000000 0.000000
 0.500000 0.000000 0.000000 0.500000 0.000000 0.000000 0.000000 0.000000 0.000000 0.000000 0.000000 0.000000 0.000000 0.000000 0.000000 0.000000 0.000000 0.000000 0.000000 0.000000
 0.000000 0.000000 0.000000 0.000000 0.000000 0.000001 0.000000 0.500000 0.000000 0.000000 0.000000 0.000000 0.000000 0.000000 0.000000 0.000000 0.000000 0.000000 0.499999 0.000000
 0.000000 0.000000 0.292063 0.000000 0.000000 0.307193 0.012154 0.113543 0.000000 0.000000 0.000000 0.000000 0.000000 0.000000 0.275048 0.000000 0.000000 0.000000 0.000000 0.000000
 0.000000 0.000000 0.196212 0.000000 0.065624 0.000000 0.368689 0.000000 0.000000 0.000003 0.000000 0.000000 0.000000 0.000000 0.369472 0.000000 0.000000 0.000000 0.000000 0.000000
 0.000000 0.000000 0.344601 0.000000 0.000000 0.000032 0.000046 0.000000 0.000000 0.000000 0.000000 0.000000 0.309573 0.345748 0.000000 0.000000 0.000000 0.000000 0.000000 0.000000
 0.000000 0.500002 0.000000 0.000000 0.000000 0.000000 0.000000 0.000000 0.000000 0.499998 0.000000 0.000000 0.000000 0.000000 0.000000 0.000000 0.000000 0.000000 0.000000 0.000000
 0.000000 0.000000 0.000000 0.000000 0.000000 0.000000 0.000000 0.000000 0.000000 0.000000 0.000000 0.000000 0.000000 0.000000 0.000000 0.000000 0.000000 0.000000 0.500000 0.500000
 0.000000 0.500000 0.000000 0.000000 0.000000 0.000000 0.000000 0.000000 0.500000 0.000000 0.000000 0.000000 0.000000 0.000000 0.000000 0.000000 0.000000 0.000000 0.000000 0.000000
 0.000000 0.000000 0.000000 0.000000 0.000000 0.000000 0.000000 0.000000 0.000000 0.000000 0.000000 0.500000 0.000000 0.000000 0.000000 0.000000 0.500000 0.000000 0.000000 0.000000
 0.000000 0.000000 0.000000 0.500000 0.000000 0.000000 0.000000 0.000000 0.000000 0.000000 0.000000 0.000000 0.000000 0.000000 0.000000 0.000000 0.500000 0.000000 0.000000 0.000000
the mean of prob-rank is 1.631578947368421
the number of false negetive edges is 0
the number of probability greater than 0 is 3.2/edge
