20
 0.000000 0.000000 0.000000 0.000000 0.000000 0.000000 0.000000 0.000000 0.500000 0.000000 0.000000 0.000000 0.000000 0.000000 0.500000 0.000000 0.000000 0.000000 0.000000 0.000000
 0.000000 0.000000 0.000000 0.000000 0.500000 0.000000 0.000000 0.000000 0.000000 0.000000 0.000000 0.000000 0.000000 0.000000 0.000000 0.000000 0.500000 0.000000 0.000000 0.000000
 0.000000 0.000000 0.000000 0.013011 0.000000 0.490323 0.006394 0.000000 0.000000 0.000000 0.000000 0.000000 0.000000 0.000000 0.000000 0.000001 0.000000 0.490271 0.000000 0.000000
 0.000000 0.000000 0.009398 0.000000 0.000000 0.000001 0.354205 0.000000 0.000000 0.000000 0.000000 0.000000 0.000000 0.287343 0.000000 0.349051 0.000000 0.000000 0.000000 0.000000
 0.000000 0.500000 0.000000 0.000000 0.000000 0.000000 0.000000 0.000000 0.000000 0.000000 0.000000 0.500000 0.000000 0.000000 0.000000 0.000000 0.000000 0.000000 0.000000 0.000000
 0.000000 0.000000 0.491059 0.000002 0.000000 0.000000 0.017847 0.000000 0.000000 0.000000 0.000000 0.000000 0.000000 0.000000 0.000000 0.491092 0.000000 0.000000 0.000000 0.000000
 0.000000 0.000000 0.004987 0.382400 0.000000 0.013897 0.000000 0.000000 0.000000 0.000000 0.000000 0.000000 0.000000 0.371720 0.000000 0.212702 0.000000 0.000000 0.000000 0.014294
 0.000000 0.000000 0.000000 0.000000 0.000000 0.000000 0.000000 0.000000 0.000000 0.000000 0.000000 0.000000 0.500000 0.000000 0.000000 0.000000 0.500000 0.000000 0.000000 0.000000
 0.500000 0.000000 0.000000 0.000000 0.000000 0.000000 0.000000 0.000000 0.000000 0.500000 0.000000 0.000000 0.000000 0.000000 0.000000 0.000000 0.000000 0.000000 0.000000 0.000000
 0.000000 0.000000 0.000000 0.000000 0.000000 0.000000 0.000000 0.000000 0.499992 0.000000 0.499972 0.000000 0.000000 0.000000 0.000000 0.000000 0.000000 0.000025 0.000011 0.000000
 0.000000 0.000000 0.000000 0.000000 0.000000 0.000000 0.000000 0.000000 0.000000 0.499841 0.000000 0.000000 0.000000 0.000000 0.000000 0.000000 0.000000 0.000297 0.499862 0.000000
 0.000000 0.000000 0.000000 0.000000 0.500000 0.000000 0.000000 0.000000 0.000000 0.000000 0.000000 0.000000 0.000000 0.000000 0.500000 0.000000 0.000000 0.000000 0.000000 0.000000
 0.000000 0.000000 0.000000 0.000000 0.000000 0.000000 0.000000 0.491521 0.000000 0.000000 0.000000 0.000000 0.000000 0.016959 0.000000 0.000000 0.000000 0.000000 0.000000 0.491520
 0.000000 0.000000 0.000000 0.287895 0.000000 0.000000 0.344974 0.000000 0.000000 0.000000 0.000000 0.000000 0.012245 0.000000 0.000000 0.000000 0.000000 0.000000 0.000000 0.354886
 0.500000 0.000000 0.000000 0.000000 0.000000 0.000000 0.000000 0.000000 0.000000 0.000000 0.000000 0.500000 0.000000 0.000000 0.000000 0.000000 0.000000 0.000000 0.000000 0.000000
 0.000000 0.000000 0.000001 0.387715 0.000000 0.393440 0.218843 0.000000 0.000000 0.000000 0.000000 0.000000 0.000000 0.000000 0.000000 0.000000 0.000000 0.000000 0.000000 0.000002
 0.000000 0.500000 0.000000 0.000000 0.000000 0.000000 0.000000 0.500000 0.000000 0.000000 0.000000 0.000000 0.000000 0.000000 0.000000 0.000000 0.000000 0.000000 0.000000 0.000000
 0.000000 0.000000 0.499842 0.000000 0.000000 0.000000 0.000000 0.000000 0.000000 0.000025 0.000297 0.000000 0.000000 0.000000 0.000000 0.000000 0.000000 0.000000 0.499835 0.000000
 0.000000 0.000000 0.000000 0.000000 0.000000 0.000000 0.000000 0.000000 0.000000 0.000011 0.500041 0.000000 0.000000 0.000000 0.000000 0.000000 0.000000 0.499948 0.000000 0.000000
 0.000000 0.000000 0.000000 0.000000 0.000000 0.000000 0.018347 0.000000 0.000000 0.000000 0.000000 0.000000 0.490826 0.490825 0.000000 0.000002 0.000000 0.000000 0.000000 0.000000
the mean of prob-rank is 1.5789473684210527
the number of false negetive edges is 0
the number of probability greater than 0 is 3.3/edge
