20
 0.000000 0.000000 0.500000 0.000000 0.000000 0.000000 0.000000 0.000000 0.000000 0.000000 0.000000 0.000000 0.000000 0.000000 0.000000 0.000000 0.000000 0.000000 0.000000 0.500000
 0.000000 0.000000 0.000000 0.000000 0.000000 0.092324 0.000000 0.000000 0.000000 0.163954 0.258672 0.000000 0.000000 0.000000 0.000000 0.000000 0.000000 0.215771 0.269278 0.000000
 0.500000 0.000000 0.000000 0.000000 0.000000 0.000000 0.000000 0.000000 0.500000 0.000000 0.000000 0.000000 0.000000 0.000000 0.000000 0.000000 0.000000 0.000000 0.000000 0.000000
 0.000000 0.000000 0.000000 0.000000 0.500000 0.000000 0.000000 0.000000 0.000000 0.000000 0.000000 0.000000 0.000000 0.500000 0.000000 0.000000 0.000000 0.000000 0.000000 0.000000
 0.000000 0.000000 0.000000 0.372262 0.000000 0.271515 0.000000 0.000000 0.000000 0.000000 0.354442 0.000000 0.000000 0.001781 0.000000 0.000000 0.000000 0.000000 0.000000 0.000000
 0.000000 0.111562 0.000000 0.000000 0.237337 0.000000 0.000000 0.000000 0.000000 0.289339 0.325377 0.000000 0.000000 0.000000 0.000000 0.000000 0.000000 0.000000 0.036385 0.000000
 0.000000 0.000000 0.000000 0.000000 0.000000 0.000000 0.000000 0.000000 0.000000 0.000000 0.000000 0.319051 0.044094 0.000000 0.000000 0.327999 0.000000 0.308856 0.000000 0.000000
 0.000000 0.000000 0.000000 0.000000 0.000000 0.000000 0.000000 0.000000 0.000000 0.000000 0.000000 0.000000 0.000000 0.000000 0.000000 0.000000 0.500000 0.000000 0.000000 0.500000
 0.000000 0.000000 0.500002 0.000000 0.000000 0.000000 0.000000 0.000000 0.000000 0.000000 0.000000 0.000000 0.000000 0.499998 0.000000 0.000000 0.000000 0.000000 0.000000 0.000000
 0.000000 0.180368 0.000000 0.000000 0.000000 0.263415 0.000000 0.000000 0.000000 0.000000 0.000000 0.000000 0.000000 0.000000 0.267030 0.000000 0.000000 0.000000 0.289188 0.000000
 0.000000 0.319775 0.000000 0.000000 0.316963 0.332873 0.000000 0.000000 0.000000 0.000000 0.000000 0.000000 0.000000 0.000000 0.000000 0.000000 0.000000 0.000000 0.030390 0.000000
 0.000000 0.000000 0.000000 0.000000 0.000000 0.000000 0.328725 0.000000 0.000000 0.000000 0.000000 0.000000 0.322338 0.000000 0.000000 0.010627 0.338310 0.000000 0.000000 0.000000
 0.000000 0.000000 0.000000 0.000000 0.000000 0.000000 0.047024 0.000000 0.000000 0.000000 0.000000 0.333636 0.000000 0.000000 0.269173 0.350168 0.000000 0.000000 0.000000 0.000000
 0.000000 0.000000 0.000000 0.498809 0.002387 0.000000 0.000000 0.000000 0.498805 0.000000 0.000000 0.000000 0.000000 0.000000 0.000000 0.000000 0.000000 0.000000 0.000000 0.000000
 0.000000 0.000000 0.000000 0.000000 0.000000 0.000000 0.000000 0.000000 0.000000 0.337603 0.000000 0.000000 0.287909 0.000000 0.000000 0.000000 0.000000 0.374487 0.000000 0.000000
 0.000000 0.000000 0.000000 0.000000 0.000000 0.000000 0.491998 0.000000 0.000000 0.000000 0.000000 0.015472 0.492530 0.000000 0.000000 0.000000 0.000000 0.000000 0.000000 0.000000
 0.000000 0.000000 0.000000 0.000000 0.000000 0.000000 0.000000 0.500000 0.000000 0.000000 0.000000 0.500000 0.000000 0.000000 0.000000 0.000000 0.000000 0.000000 0.000000 0.000000
 0.000000 0.237384 0.000000 0.000000 0.000000 0.000000 0.278670 0.000000 0.000000 0.000000 0.000000 0.000000 0.000000 0.000000 0.296218 0.000000 0.000000 0.000000 0.187728 0.000000
 0.000000 0.355492 0.000000 0.000000 0.000000 0.039751 0.000000 0.000000 0.000000 0.347034 0.032453 0.000000 0.000000 0.000000 0.000000 0.000000 0.000000 0.225268 0.000000 0.000000
 0.500000 0.000000 0.000000 0.000000 0.000000 0.000000 0.000000 0.500000 0.000000 0.000000 0.000000 0.000000 0.000000 0.000000 0.000000 0.000000 0.000000 0.000000 0.000000 0.000000
the mean of prob-rank is 1.631578947368421
the number of false negetive edges is 0
the number of probability greater than 0 is 3.3/edge
