20
 0.000000 0.000000 0.000000 0.000000 0.000000 0.000000 0.485153 0.030645 0.000000 0.000000 0.000000 0.000000 0.000000 0.000000 0.000000 0.484202 0.000000 0.000000 0.000000 0.000000
 0.000000 0.000000 0.000000 0.500000 0.000000 0.500000 0.000000 0.000000 0.000000 0.000000 0.000000 0.000000 0.000000 0.000000 0.000000 0.000000 0.000000 0.000000 0.000000 0.000000
 0.000000 0.000000 0.000000 0.000000 0.000000 0.000000 0.000000 0.000000 0.000000 0.017999 0.197582 0.000000 0.289563 0.035852 0.000000 0.000000 0.000000 0.001120 0.290258 0.167627
 0.000000 0.413680 0.000000 0.000000 0.406503 0.000000 0.000000 0.000000 0.000000 0.000000 0.000000 0.000000 0.000000 0.000000 0.000000 0.000000 0.000000 0.179816 0.000000 0.000000
 0.000000 0.000000 0.000000 0.393000 0.000000 0.000000 0.000000 0.000000 0.000000 0.000000 0.000000 0.207125 0.000000 0.000000 0.000000 0.000000 0.000000 0.399875 0.000000 0.000000
 0.000000 0.500000 0.000000 0.000000 0.000000 0.000000 0.000000 0.000000 0.000000 0.000000 0.000000 0.000000 0.000000 0.000000 0.500000 0.000000 0.000000 0.000000 0.000000 0.000000
 0.500000 0.000000 0.000000 0.000000 0.000000 0.000000 0.000000 0.000000 0.000000 0.000000 0.000000 0.000000 0.000000 0.000000 0.000000 0.000000 0.500000 0.000000 0.000000 0.000000
 0.030489 0.000000 0.000000 0.000000 0.000000 0.000000 0.000000 0.000000 0.000000 0.000000 0.004769 0.000000 0.000000 0.482065 0.000000 0.482678 0.000000 0.000000 0.000000 0.000000
 0.000000 0.000000 0.000000 0.000000 0.000000 0.000000 0.000000 0.000000 0.000000 0.000000 0.000000 0.000000 0.000000 0.000000 0.500000 0.000000 0.500000 0.000000 0.000000 0.000000
 0.000000 0.000000 0.029724 0.000000 0.000000 0.000000 0.000000 0.000000 0.000000 0.000000 0.000000 0.000000 0.485190 0.000000 0.000000 0.000000 0.000000 0.000000 0.000000 0.485085
 0.000000 0.000000 0.253240 0.000000 0.000000 0.000000 0.000000 0.003720 0.000000 0.000000 0.000000 0.000000 0.000000 0.376555 0.000000 0.000000 0.000000 0.000001 0.000000 0.366485
 0.000000 0.000000 0.000000 0.000000 0.205975 0.000000 0.000000 0.000000 0.000000 0.000000 0.000000 0.000000 0.000000 0.000000 0.000000 0.000000 0.000000 0.396307 0.397718 0.000000
 0.000000 0.000000 0.375376 0.000000 0.000000 0.000000 0.000000 0.000000 0.000000 0.380860 0.000000 0.000000 0.000000 0.000000 0.000000 0.000000 0.000000 0.000000 0.243764 0.000000
 0.000000 0.000000 0.050258 0.000000 0.000000 0.000000 0.000000 0.411321 0.000000 0.000000 0.411844 0.000000 0.000000 0.000000 0.000000 0.055066 0.000000 0.000000 0.000000 0.071511
 0.000000 0.000000 0.000000 0.000000 0.000000 0.500000 0.000000 0.000000 0.500000 0.000000 0.000000 0.000000 0.000000 0.000000 0.000000 0.000000 0.000000 0.000000 0.000000 0.000000
 0.468179 0.000000 0.000000 0.000000 0.000000 0.000000 0.000000 0.469100 0.000000 0.000000 0.000000 0.000000 0.000000 0.062721 0.000000 0.000000 0.000000 0.000000 0.000000 0.000000
 0.000000 0.000000 0.000000 0.000000 0.000000 0.000000 0.500000 0.000000 0.500000 0.000000 0.000000 0.000000 0.000000 0.000000 0.000000 0.000000 0.000000 0.000000 0.000000 0.000000
 0.000000 0.000000 0.001565 0.178491 0.410564 0.000000 0.000000 0.000000 0.000000 0.000000 0.000001 0.409174 0.000000 0.000000 0.000000 0.000000 0.000000 0.000000 0.000206 0.000000
 0.000000 0.000000 0.375866 0.000000 0.000000 0.000000 0.000000 0.000000 0.000000 0.000000 0.000000 0.380445 0.243498 0.000000 0.000000 0.000000 0.000000 0.000191 0.000000 0.000000
 0.000000 0.000000 0.209978 0.000000 0.000000 0.000000 0.000000 0.000000 0.000000 0.367941 0.358179 0.000000 0.000000 0.063902 0.000000 0.000000 0.000000 0.000000 0.000000 0.000000
the mean of prob-rank is 1.4736842105263157
the number of false negetive edges is 0
the number of probability greater than 0 is 3.3/edge
