20
 0.000000 0.023407 0.000000 0.144873 0.000000 0.000000 0.000000 0.000000 0.412773 0.000000 0.000000 0.000000 0.000000 0.000000 0.000000 0.000000 0.418815 0.000000 0.000000 0.000132
 0.025902 0.000000 0.000000 0.000000 0.463458 0.000000 0.000000 0.000000 0.000000 0.000000 0.000000 0.047500 0.000000 0.000457 0.000000 0.000000 0.462684 0.000000 0.000000 0.000000
 0.000000 0.000000 0.000000 0.000000 0.000000 0.000000 0.182245 0.000000 0.000000 0.000004 0.413983 0.000000 0.000000 0.000000 0.000000 0.000000 0.000000 0.000000 0.403768 0.000000
 0.135701 0.000000 0.000000 0.000000 0.000000 0.000000 0.000000 0.386946 0.391855 0.000000 0.000000 0.000000 0.000000 0.000000 0.000000 0.000000 0.027251 0.058247 0.000000 0.000000
 0.000000 0.486404 0.000000 0.000000 0.000000 0.000000 0.000701 0.000000 0.000000 0.000000 0.000000 0.000158 0.026496 0.486240 0.000000 0.000000 0.000000 0.000000 0.000000 0.000000
 0.000000 0.000000 0.000000 0.000000 0.000000 0.000000 0.029111 0.000000 0.000000 0.000000 0.000000 0.275635 0.238583 0.005888 0.000000 0.000000 0.000000 0.000000 0.171675 0.279108
 0.000000 0.000000 0.169877 0.000000 0.000556 0.040248 0.000000 0.000000 0.000000 0.000000 0.000000 0.000021 0.384161 0.000000 0.000000 0.000000 0.000000 0.000000 0.385787 0.019350
 0.000000 0.000000 0.000000 0.390862 0.000000 0.000000 0.000000 0.000000 0.054870 0.000000 0.000000 0.000000 0.000000 0.000000 0.000000 0.000001 0.000000 0.395710 0.000000 0.158558
 0.452520 0.000000 0.000000 0.458624 0.000000 0.000000 0.000000 0.063575 0.000000 0.000000 0.000000 0.000000 0.000000 0.000000 0.000000 0.000000 0.023926 0.000000 0.000000 0.001355
 0.000000 0.000000 0.000005 0.000000 0.000000 0.000000 0.000000 0.000000 0.000000 0.000000 0.499997 0.000000 0.000000 0.000000 0.000001 0.499997 0.000000 0.000000 0.000000 0.000000
 0.000000 0.000000 0.500001 0.000000 0.000000 0.000000 0.000000 0.000000 0.000000 0.499999 0.000000 0.000000 0.000000 0.000000 0.000000 0.000000 0.000000 0.000000 0.000000 0.000000
 0.000000 0.028422 0.000000 0.000000 0.000090 0.273866 0.000015 0.000000 0.000000 0.000000 0.000000 0.000000 0.204914 0.222057 0.000000 0.000000 0.000000 0.000000 0.000108 0.270528
 0.000000 0.000000 0.000000 0.000000 0.014768 0.231747 0.269897 0.000000 0.000000 0.000000 0.000000 0.200328 0.000000 0.238451 0.000000 0.000000 0.000000 0.000000 0.000000 0.044809
 0.000000 0.000365 0.000000 0.000000 0.369966 0.007808 0.000000 0.000000 0.000000 0.000000 0.000000 0.296344 0.325508 0.000000 0.000000 0.000000 0.000000 0.000000 0.000000 0.000010
 0.000000 0.000000 0.000000 0.000000 0.000000 0.000000 0.000000 0.000000 0.000000 0.000001 0.000000 0.000000 0.000000 0.000000 0.000000 0.500002 0.000000 0.499997 0.000000 0.000000
 0.000000 0.000000 0.000000 0.000000 0.000000 0.000000 0.000000 0.000001 0.000000 0.499999 0.000000 0.000000 0.000000 0.000000 0.500000 0.000000 0.000000 0.000000 0.000000 0.000000
 0.471700 0.470911 0.000000 0.032766 0.000000 0.000000 0.000000 0.000000 0.024580 0.000000 0.000000 0.000000 0.000000 0.000000 0.000000 0.000000 0.000000 0.000000 0.000000 0.000043
 0.000000 0.000000 0.000000 0.069153 0.000000 0.000000 0.000000 0.465097 0.000000 0.000000 0.000000 0.000000 0.000000 0.000000 0.465751 0.000000 0.000000 0.000000 0.000000 0.000000
 0.000000 0.000000 0.299225 0.000000 0.000000 0.188705 0.306715 0.000000 0.000000 0.000000 0.000000 0.000119 0.000000 0.000000 0.000000 0.000000 0.000000 0.000000 0.000000 0.205236
 0.000097 0.000000 0.000000 0.000000 0.000000 0.306427 0.015366 0.122609 0.000904 0.000000 0.000000 0.298925 0.050646 0.000008 0.000000 0.000000 0.000028 0.000000 0.204989 0.000000
the mean of prob-rank is 1.736842105263158
the number of false negetive edges is 0
the number of probability greater than 0 is 4.9/edge
