20
 0.000000 0.000000 0.000000 0.000000 0.000001 0.000000 0.000000 0.500041 0.000000 0.499959 0.000000 0.000000 0.000000 0.000000 0.000000 0.000000 0.000000 0.000000 0.000000 0.000000
 0.000000 0.000000 0.000000 0.000017 0.000000 0.000000 0.000000 0.000000 0.000000 0.000000 0.000000 0.497216 0.000000 0.005578 0.000000 0.497188 0.000000 0.000000 0.000000 0.000000
 0.000000 0.000000 0.000000 0.000000 0.000000 0.000014 0.007462 0.000000 0.000000 0.000000 0.000000 0.392082 0.008502 0.000000 0.000000 0.000000 0.000000 0.394975 0.000000 0.196964
 0.000000 0.000013 0.000000 0.000000 0.000000 0.000000 0.390402 0.000000 0.000000 0.000000 0.000000 0.033118 0.000000 0.387231 0.189236 0.000000 0.000000 0.000000 0.000000 0.000000
 0.000001 0.000000 0.000000 0.000000 0.000000 0.000000 0.000242 0.315426 0.000000 0.000000 0.000000 0.000000 0.324748 0.000000 0.000000 0.000000 0.000000 0.000000 0.359584 0.000000
 0.000000 0.000000 0.000017 0.000000 0.000000 0.000000 0.000000 0.056364 0.000000 0.000000 0.000000 0.000000 0.000000 0.000000 0.000000 0.000000 0.000000 0.472060 0.000000 0.471559
 0.000000 0.000000 0.006786 0.357803 0.000241 0.000000 0.000000 0.000000 0.000000 0.000000 0.000000 0.000000 0.090368 0.000000 0.357275 0.000000 0.000000 0.000000 0.187526 0.000000
 0.341033 0.000000 0.000000 0.000000 0.299150 0.040719 0.000000 0.000000 0.000000 0.000000 0.000000 0.000000 0.042900 0.000000 0.000000 0.000000 0.000000 0.000000 0.276198 0.000000
 0.000000 0.000000 0.000000 0.000000 0.000000 0.000000 0.000000 0.000000 0.000000 0.000000 0.500000 0.000000 0.000000 0.000000 0.500000 0.000000 0.000000 0.000000 0.000000 0.000000
 0.499956 0.000000 0.000000 0.000000 0.000000 0.000000 0.000000 0.000000 0.000000 0.000000 0.500038 0.000000 0.000000 0.000000 0.000000 0.000000 0.000000 0.000000 0.000007 0.000000
 0.000000 0.000000 0.000000 0.000000 0.000000 0.000000 0.000000 0.000000 0.500000 0.500000 0.000000 0.000000 0.000000 0.000000 0.000000 0.000000 0.000000 0.000000 0.000000 0.000000
 0.000000 0.481422 0.477896 0.040681 0.000000 0.000000 0.000000 0.000000 0.000000 0.000000 0.000000 0.000000 0.000000 0.000000 0.000000 0.000000 0.000000 0.000000 0.000000 0.000000
 0.000000 0.000000 0.006763 0.000000 0.283748 0.000000 0.079047 0.039523 0.000000 0.000000 0.000000 0.000000 0.000000 0.000000 0.000000 0.000000 0.000000 0.000000 0.276732 0.314188
 0.000000 0.004412 0.000000 0.388547 0.000000 0.000000 0.000000 0.000000 0.000000 0.000000 0.000000 0.000000 0.000000 0.000000 0.213796 0.000007 0.393238 0.000000 0.000000 0.000000
 0.000000 0.000000 0.000000 0.159382 0.000000 0.000000 0.328325 0.000000 0.330083 0.000000 0.000000 0.000000 0.000000 0.179457 0.000000 0.000000 0.002753 0.000000 0.000000 0.000000
 0.000000 0.499981 0.000000 0.000000 0.000000 0.000000 0.000000 0.000000 0.000000 0.000000 0.000000 0.000000 0.000000 0.000009 0.000000 0.000000 0.500009 0.000000 0.000000 0.000000
 0.000000 0.000000 0.000000 0.000000 0.000000 0.000000 0.000000 0.000000 0.000000 0.000000 0.000000 0.000000 0.000000 0.497919 0.004152 0.497929 0.000000 0.000000 0.000000 0.000000
 0.000000 0.000000 0.500006 0.000000 0.000000 0.499994 0.000000 0.000000 0.000000 0.000000 0.000000 0.000000 0.000000 0.000000 0.000000 0.000000 0.000000 0.000000 0.000000 0.000000
 0.000000 0.000000 0.000000 0.000000 0.311256 0.000000 0.162504 0.252085 0.000000 0.000004 0.000000 0.000000 0.274151 0.000000 0.000000 0.000000 0.000000 0.000000 0.000000 0.000000
 0.000000 0.000000 0.199663 0.000000 0.000000 0.399952 0.000000 0.000000 0.000000 0.000000 0.000000 0.000000 0.400385 0.000000 0.000000 0.000000 0.000000 0.000000 0.000000 0.000000
the mean of prob-rank is 1.5263157894736843
the number of false negetive edges is 0
the number of probability greater than 0 is 3.9/edge
