20
 0.000000 0.022364 0.271931 0.000000 0.000000 0.000000 0.000579 0.000000 0.000000 0.000000 0.000000 0.000000 0.000000 0.000000 0.000000 0.379032 0.000000 0.000000 0.325360 0.000733
 0.019865 0.000000 0.336719 0.000000 0.000000 0.000000 0.000000 0.000000 0.000000 0.000000 0.000000 0.000000 0.000000 0.000000 0.000000 0.000000 0.000000 0.000000 0.321466 0.321950
 0.264018 0.368049 0.000000 0.000000 0.000000 0.000000 0.000000 0.000000 0.000000 0.000000 0.000000 0.000000 0.000000 0.000000 0.000000 0.000000 0.000000 0.000000 0.365102 0.002830
 0.000000 0.000000 0.000000 0.000000 0.000000 0.000000 0.000000 0.000000 0.000000 0.489973 0.000000 0.002610 0.000000 0.489761 0.004211 0.000000 0.000000 0.013446 0.000000 0.000000
 0.000000 0.000000 0.000000 0.000000 0.000000 0.499999 0.000000 0.000000 0.000000 0.000000 0.000000 0.000000 0.000000 0.000000 0.000000 0.000000 0.000000 0.000000 0.000000 0.500000
 0.000000 0.000000 0.000000 0.000000 0.499544 0.000000 0.000000 0.000000 0.000000 0.000000 0.000000 0.000000 0.000000 0.000000 0.000000 0.000000 0.499544 0.000000 0.000000 0.000912
 0.000764 0.000000 0.000000 0.000000 0.000000 0.000000 0.000000 0.000000 0.000000 0.000000 0.000000 0.000000 0.499633 0.000000 0.000000 0.499562 0.000000 0.000000 0.000041 0.000000
 0.000000 0.000000 0.000000 0.000000 0.000000 0.000000 0.000000 0.000000 0.000000 0.000000 0.499851 0.000000 0.000000 0.499844 0.000305 0.000000 0.000000 0.000000 0.000000 0.000000
 0.000000 0.000000 0.000000 0.000000 0.000000 0.000000 0.000000 0.000000 0.000000 0.000000 0.000000 0.000039 0.499978 0.000000 0.499982 0.000000 0.000000 0.000001 0.000000 0.000000
 0.000000 0.000000 0.000000 0.472054 0.000000 0.000000 0.000000 0.000000 0.000000 0.000000 0.000000 0.052405 0.000000 0.003563 0.000000 0.000000 0.000000 0.471977 0.000000 0.000000
 0.000000 0.000000 0.000000 0.000000 0.000000 0.000000 0.000000 0.499996 0.000000 0.000000 0.000000 0.000000 0.000000 0.000000 0.000000 0.000000 0.500004 0.000000 0.000000 0.000000
 0.000000 0.000000 0.000000 0.002517 0.000000 0.000000 0.000000 0.000000 0.000037 0.052457 0.000000 0.000000 0.000000 0.000000 0.472469 0.000000 0.000000 0.472520 0.000000 0.000000
 0.000000 0.000000 0.000000 0.000000 0.000000 0.000000 0.499974 0.000000 0.499970 0.000000 0.000000 0.000000 0.000000 0.000000 0.000000 0.000000 0.000000 0.000055 0.000000 0.000000
 0.000000 0.000000 0.000000 0.497914 0.000000 0.000000 0.000000 0.498115 0.000000 0.003760 0.000000 0.000000 0.000000 0.000000 0.000210 0.000000 0.000000 0.000000 0.000000 0.000000
 0.000000 0.000000 0.000000 0.004277 0.000000 0.000000 0.000000 0.000304 0.497631 0.000000 0.000000 0.497578 0.000000 0.000210 0.000000 0.000000 0.000000 0.000001 0.000000 0.000000
 0.500004 0.000000 0.000000 0.000000 0.000000 0.000000 0.499996 0.000000 0.000000 0.000000 0.000000 0.000000 0.000000 0.000000 0.000000 0.000000 0.000000 0.000000 0.000000 0.000000
 0.000000 0.000000 0.000000 0.000000 0.000000 0.500000 0.000000 0.000000 0.000000 0.000000 0.500000 0.000000 0.000000 0.000000 0.000000 0.000000 0.000000 0.000000 0.000000 0.000000
 0.000000 0.000000 0.000000 0.013536 0.000000 0.000000 0.000000 0.000000 0.000001 0.493163 0.000000 0.493245 0.000055 0.000000 0.000001 0.000000 0.000000 0.000000 0.000000 0.000000
 0.305979 0.340349 0.353643 0.000000 0.000000 0.000000 0.000029 0.000000 0.000000 0.000000 0.000000 0.000000 0.000000 0.000000 0.000000 0.000000 0.000000 0.000000 0.000000 0.000000
 0.000983 0.485945 0.003908 0.000000 0.508237 0.000928 0.000000 0.000000 0.000000 0.000000 0.000000 0.000000 0.000000 0.000000 0.000000 0.000000 0.000000 0.000000 0.000000 0.000000
the mean of prob-rank is 1.4736842105263157
the number of false negetive edges is 0
the number of probability greater than 0 is 3.8/edge
