20
 0.000000 0.000000 0.000000 0.000000 0.482242 0.000000 0.000000 0.034668 0.000000 0.000000 0.000000 0.000102 0.000000 0.000000 0.000000 0.000000 0.000315 0.000000 0.000000 0.482672
 0.000000 0.000000 0.000000 0.000000 0.041329 0.000000 0.000000 0.479241 0.000000 0.000000 0.000000 0.000000 0.000000 0.000000 0.000000 0.000000 0.479430 0.000000 0.000000 0.000000
 0.000000 0.000000 0.000000 0.465150 0.000001 0.069880 0.000000 0.001856 0.000000 0.000000 0.000000 0.000000 0.000000 0.000000 0.000000 0.000906 0.000000 0.462206 0.000000 0.000000
 0.000000 0.000000 0.499678 0.000000 0.000000 0.000017 0.000000 0.000000 0.000000 0.000000 0.000000 0.000000 0.000000 0.000000 0.000000 0.000000 0.000000 0.000617 0.000000 0.499688
 0.479058 0.041344 0.000001 0.000000 0.000000 0.000000 0.000000 0.479597 0.000000 0.000000 0.000000 0.000000 0.000000 0.000000 0.000000 0.000000 0.000000 0.000000 0.000000 0.000000
 0.000000 0.000000 0.069969 0.000016 0.000000 0.000000 0.000000 0.000000 0.000000 0.000000 0.000000 0.000000 0.000000 0.000000 0.000000 0.464258 0.000000 0.465758 0.000000 0.000000
 0.000000 0.000000 0.000000 0.000000 0.000000 0.000000 0.000000 0.000000 0.499213 0.000000 0.500763 0.000000 0.000000 0.000000 0.000000 0.000024 0.000000 0.000000 0.000000 0.000000
 0.034600 0.481644 0.001923 0.000000 0.481834 0.000000 0.000000 0.000000 0.000000 0.000000 0.000000 0.000000 0.000000 0.000000 0.000000 0.000000 0.000000 0.000000 0.000000 0.000000
 0.000000 0.000000 0.000000 0.000000 0.000000 0.000000 0.392286 0.000000 0.000000 0.393504 0.205908 0.000000 0.000000 0.000000 0.008302 0.000000 0.000000 0.000000 0.000000 0.000000
 0.000000 0.000000 0.000000 0.000000 0.000000 0.000000 0.000000 0.000000 0.500000 0.000000 0.000000 0.000000 0.500000 0.000000 0.000000 0.000000 0.000000 0.000000 0.000000 0.000000
 0.000000 0.000000 0.000000 0.000000 0.000000 0.000000 0.409179 0.000000 0.214111 0.000000 0.000000 0.000000 0.000000 0.000000 0.376709 0.000000 0.000000 0.000000 0.000000 0.000000
 0.000106 0.000000 0.000000 0.000000 0.000000 0.000000 0.000000 0.000000 0.000000 0.000000 0.000000 0.000000 0.000000 0.499962 0.000000 0.000000 0.499932 0.000000 0.000000 0.000000
 0.000000 0.000000 0.000000 0.000000 0.000000 0.000000 0.000000 0.000000 0.000000 0.500000 0.000000 0.000000 0.000000 0.000000 0.000000 0.499999 0.000000 0.000000 0.000000 0.000000
 0.000000 0.000000 0.000000 0.000000 0.000000 0.000000 0.000000 0.000000 0.000000 0.000000 0.000000 0.500000 0.000000 0.000000 0.000000 0.000000 0.000000 0.000000 0.500000 0.000000
 0.000000 0.000000 0.000000 0.000000 0.000000 0.000000 0.000000 0.000000 0.010861 0.000000 0.473927 0.000000 0.000000 0.000000 0.000000 0.000000 0.000000 0.000000 0.514772 0.000440
 0.000000 0.000000 0.000921 0.000000 0.000000 0.471195 0.000022 0.000000 0.000000 0.000000 0.000000 0.000000 0.472716 0.000000 0.000000 0.000000 0.000000 0.055146 0.000000 0.000000
 0.000327 0.499852 0.000000 0.000000 0.000000 0.000000 0.000000 0.000000 0.000000 0.000000 0.000000 0.499822 0.000000 0.000000 0.000000 0.000000 0.000000 0.000000 0.000000 0.000000
 0.000000 0.000000 0.470577 0.000585 0.000000 0.473590 0.000000 0.000000 0.000000 0.000000 0.000000 0.000000 0.000000 0.000000 0.000000 0.055248 0.000000 0.000000 0.000000 0.000000
 0.000000 0.000000 0.000000 0.000000 0.000000 0.000000 0.000000 0.000000 0.000000 0.000000 0.000000 0.000000 0.000000 0.500002 0.499998 0.000000 0.000000 0.000000 0.000000 0.000000
 0.499732 0.000000 0.000000 0.499842 0.000000 0.000000 0.000000 0.000000 0.000000 0.000000 0.000000 0.000000 0.000000 0.000000 0.000427 0.000000 0.000000 0.000000 0.000000 0.000000
the mean of prob-rank is 1.5263157894736843
the number of false negetive edges is 0
the number of probability greater than 0 is 3.5/edge
