20
 0.000000 0.000000 0.000000 0.000000 0.000000 0.500000 0.000000 0.000000 0.000000 0.000000 0.000000 0.000000 0.000000 0.000000 0.000000 0.000000 0.500000 0.000000 0.000000 0.000000
 0.000000 0.000000 0.000000 0.000000 0.000000 0.000000 0.000000 0.434428 0.000000 0.000000 0.131314 0.000000 0.000000 0.434257 0.000000 0.000000 0.000000 0.000000 0.000000 0.000000
 0.000000 0.000000 0.000000 0.000000 0.000000 0.000000 0.000000 0.000000 0.000000 0.500000 0.000000 0.000000 0.000000 0.000000 0.000000 0.500000 0.000000 0.000000 0.000000 0.000000
 0.000000 0.000000 0.000000 0.000000 0.000005 0.000000 0.000000 0.000000 0.000006 0.000000 0.000001 0.000000 0.000000 0.499835 0.000000 0.000000 0.000000 0.500153 0.000000 0.000000
 0.000000 0.000000 0.000000 0.000005 0.000000 0.000000 0.000000 0.000000 0.499754 0.000000 0.000000 0.000000 0.000000 0.000000 0.000000 0.499741 0.000000 0.000500 0.000000 0.000000
 0.500000 0.000000 0.000000 0.000000 0.000000 0.000000 0.000000 0.000000 0.000000 0.500000 0.000000 0.000000 0.000000 0.000000 0.000000 0.000000 0.000000 0.000000 0.000000 0.000000
 0.000000 0.000000 0.000000 0.000000 0.000000 0.000000 0.000000 0.000000 0.000000 0.000000 0.000000 0.000000 0.000000 0.000000 0.000009 0.000000 0.000000 0.000000 0.499948 0.500043
 0.000000 0.444312 0.000000 0.000000 0.000000 0.000000 0.000000 0.000000 0.000000 0.000000 0.442974 0.000000 0.000000 0.112714 0.000000 0.000000 0.000000 0.000000 0.000000 0.000000
 0.000000 0.000000 0.000000 0.000006 0.500000 0.000000 0.000000 0.000000 0.000000 0.000000 0.000000 0.000000 0.000000 0.000000 0.000000 0.000000 0.000000 0.499994 0.000000 0.000000
 0.000000 0.000000 0.500000 0.000000 0.000000 0.500000 0.000000 0.000000 0.000000 0.000000 0.000000 0.000000 0.000000 0.000000 0.000000 0.000000 0.000000 0.000000 0.000000 0.000000
 0.000000 0.129853 0.000000 0.000001 0.000000 0.000000 0.000000 0.428302 0.000000 0.000000 0.000000 0.429444 0.000000 0.000000 0.012400 0.000000 0.000000 0.000000 0.000000 0.000000
 0.000000 0.000000 0.000000 0.000000 0.000000 0.000000 0.000000 0.000000 0.000000 0.000000 0.492763 0.000000 0.000000 0.000000 0.492924 0.000814 0.000000 0.000000 0.013499 0.000000
 0.000000 0.000000 0.000000 0.000000 0.000000 0.000000 0.000000 0.000000 0.000000 0.000000 0.000000 0.000000 0.000000 0.000000 0.000000 0.000000 0.492091 0.000000 0.015841 0.492068
 0.000000 0.443748 0.000000 0.443637 0.000000 0.000000 0.000000 0.112615 0.000000 0.000000 0.000000 0.000000 0.000000 0.000000 0.000000 0.000000 0.000000 0.000000 0.000000 0.000000
 0.000000 0.000000 0.000000 0.000000 0.000000 0.000000 0.000009 0.000000 0.000000 0.000000 0.014238 0.493258 0.000000 0.000000 0.000000 0.000000 0.000000 0.000000 0.492495 0.000000
 0.000000 0.000000 0.499594 0.000000 0.499581 0.000000 0.000000 0.000000 0.000000 0.000000 0.000000 0.000825 0.000000 0.000000 0.000000 0.000000 0.000000 0.000000 0.000000 0.000000
 0.500000 0.000000 0.000000 0.000000 0.000000 0.000000 0.000000 0.000000 0.000000 0.000000 0.000000 0.000000 0.500000 0.000000 0.000000 0.000000 0.000000 0.000000 0.000000 0.000000
 0.000000 0.000000 0.000000 0.499751 0.000500 0.000000 0.000000 0.000000 0.499749 0.000000 0.000000 0.000000 0.000000 0.000000 0.000000 0.000000 0.000000 0.000000 0.000000 0.000000
 0.000000 0.000000 0.000000 0.000000 0.000000 0.000000 0.482726 0.000000 0.000000 0.000000 0.000000 0.013222 0.015542 0.000000 0.482059 0.000000 0.000000 0.000000 0.000000 0.006451
 0.000000 0.000000 0.000000 0.000000 0.000000 0.000000 0.496693 0.000000 0.000000 0.000000 0.000000 0.000000 0.496670 0.000000 0.000000 0.000000 0.000000 0.000000 0.006636 0.000000
the mean of prob-rank is 1.631578947368421
the number of false negetive edges is 0
the number of probability greater than 0 is 3.1/edge
