20
 0.000000 0.000000 0.000000 0.000000 0.000000 0.000000 0.000000 0.000000 0.294362 0.000000 0.221324 0.289821 0.193753 0.000000 0.000000 0.000000 0.000000 0.000000 0.000000 0.000740
 0.000000 0.000000 0.000000 0.000000 0.000949 0.000000 0.498864 0.498840 0.000000 0.000000 0.000000 0.000000 0.000000 0.001347 0.000000 0.000000 0.000000 0.000000 0.000000 0.000000
 0.000000 0.000000 0.000000 0.000000 0.000000 0.500000 0.000000 0.000000 0.000000 0.000000 0.000000 0.000000 0.000000 0.000000 0.000000 0.000000 0.500000 0.000000 0.000000 0.000000
 0.000000 0.000000 0.000000 0.000000 0.000000 0.000000 0.000000 0.000000 0.000000 0.500000 0.000000 0.000000 0.000000 0.000000 0.000000 0.500000 0.000000 0.000000 0.000000 0.000000
 0.000000 0.000755 0.000000 0.000000 0.000000 0.000011 0.397315 0.000000 0.000000 0.000000 0.206718 0.000000 0.395200 0.000000 0.000000 0.000000 0.000000 0.000000 0.000000 0.000000
 0.000000 0.000000 0.499993 0.000000 0.000014 0.000000 0.000000 0.000000 0.000000 0.000000 0.000000 0.000000 0.000000 0.000000 0.499993 0.000000 0.000000 0.000000 0.000000 0.000000
 0.000000 0.499995 0.000000 0.000000 0.499974 0.000000 0.000000 0.000028 0.000000 0.000000 0.000004 0.000000 0.000000 0.000000 0.000000 0.000000 0.000000 0.000000 0.000000 0.000000
 0.000000 0.496495 0.000000 0.000000 0.000000 0.000000 0.000028 0.000000 0.002724 0.000000 0.004256 0.000000 0.000000 0.496498 0.000000 0.000000 0.000000 0.000000 0.000000 0.000000
 0.409314 0.000000 0.000000 0.000000 0.000000 0.000000 0.000000 0.002277 0.000000 0.000000 0.019461 0.153839 0.000000 0.000000 0.000000 0.000000 0.000000 0.000000 0.000000 0.415108
 0.000000 0.000000 0.000000 0.500000 0.000000 0.000000 0.000000 0.000000 0.000000 0.000000 0.000000 0.000000 0.000000 0.000000 0.000000 0.000000 0.500000 0.000000 0.000000 0.000000
 0.224376 0.000000 0.000000 0.000000 0.157456 0.000000 0.000002 0.002594 0.014189 0.000000 0.000000 0.000000 0.298738 0.000000 0.000000 0.000000 0.000000 0.000000 0.000000 0.302645
 0.328844 0.000000 0.000000 0.000000 0.000000 0.000000 0.000000 0.000000 0.125531 0.000000 0.000000 0.000000 0.206901 0.000000 0.000000 0.000000 0.000000 0.338724 0.000000 0.000000
 0.200219 0.000000 0.000000 0.000000 0.306837 0.000000 0.000000 0.000000 0.000000 0.000000 0.304509 0.188435 0.000000 0.000000 0.000000 0.000000 0.000000 0.000000 0.000000 0.000000
 0.000000 0.001348 0.000000 0.000000 0.000000 0.000000 0.000000 0.499315 0.000000 0.000000 0.000000 0.000000 0.000000 0.000000 0.000000 0.000000 0.000000 0.000000 0.499337 0.000000
 0.000000 0.000000 0.000000 0.000000 0.000000 0.500000 0.000000 0.000000 0.000000 0.000000 0.000000 0.000000 0.000000 0.000000 0.000000 0.000000 0.000000 0.000000 0.500000 0.000000
 0.000000 0.000000 0.000000 0.500000 0.000000 0.000000 0.000000 0.000000 0.000000 0.000000 0.000000 0.000000 0.000000 0.000000 0.000000 0.000000 0.000000 0.500000 0.000000 0.000000
 0.000000 0.000000 0.500000 0.000000 0.000000 0.000000 0.000000 0.000000 0.000000 0.500000 0.000000 0.000000 0.000000 0.000000 0.000000 0.000000 0.000000 0.000000 0.000000 0.000000
 0.000000 0.000000 0.000000 0.000000 0.000000 0.000000 0.000000 0.000000 0.000000 0.000000 0.000000 0.500000 0.000000 0.000000 0.000000 0.500000 0.000000 0.000000 0.000000 0.000000
 0.000000 0.000000 0.000000 0.000000 0.000000 0.000000 0.000000 0.000000 0.000000 0.000000 0.000000 0.000000 0.000000 0.500000 0.500000 0.000000 0.000000 0.000000 0.000000 0.000000
 0.001238 0.000000 0.000000 0.000000 0.000000 0.000000 0.000000 0.000000 0.499381 0.000000 0.499381 0.000000 0.000000 0.000000 0.000000 0.000000 0.000000 0.000000 0.000000 0.000000
the mean of prob-rank is 1.4210526315789473
the number of false negetive edges is 0
the number of probability greater than 0 is 3.4/edge
