20
 0.000000 0.000000 0.000000 0.000000 0.000000 0.000000 0.000000 0.000000 0.000000 0.000000 0.000000 0.000000 0.000000 0.000000 0.000000 0.000000 0.000000 0.500000 0.500000 0.000000
 0.000000 0.000000 0.048628 0.005466 0.000000 0.000000 0.000000 0.000000 0.368917 0.000000 0.000000 0.192566 0.025969 0.358454 0.000000 0.000000 0.000000 0.000000 0.000000 0.000000
 0.000000 0.049845 0.000000 0.200029 0.000000 0.000000 0.000000 0.000000 0.000002 0.000000 0.000000 0.000000 0.371975 0.000000 0.378150 0.000000 0.000000 0.000000 0.000000 0.000000
 0.000000 0.005842 0.208572 0.000000 0.000000 0.000000 0.000000 0.000000 0.394298 0.388083 0.000000 0.002521 0.000000 0.000617 0.000067 0.000000 0.000000 0.000000 0.000000 0.000000
 0.000000 0.000000 0.000000 0.000000 0.000000 0.000000 0.020630 0.000000 0.000000 0.000000 0.000000 0.000000 0.000000 0.000000 0.000000 0.000000 0.488108 0.000000 0.000000 0.491262
 0.000000 0.000000 0.000000 0.000000 0.000000 0.000000 0.000000 0.000000 0.000000 0.500000 0.000000 0.000000 0.000000 0.000000 0.000000 0.000000 0.000000 0.000000 0.500000 0.000000
 0.000000 0.000000 0.000000 0.000000 0.020570 0.000000 0.000000 0.000000 0.000000 0.000000 0.489608 0.000000 0.000000 0.000000 0.000000 0.000000 0.489822 0.000000 0.000000 0.000000
 0.000000 0.000000 0.000000 0.000000 0.000000 0.000000 0.000000 0.000000 0.000000 0.000000 0.000000 0.000000 0.168277 0.000000 0.414432 0.417290 0.000000 0.000000 0.000000 0.000000
 0.000000 0.499998 0.000003 0.500000 0.000000 0.000000 0.000000 0.000000 0.000000 0.000000 0.000000 0.000000 0.000000 0.000000 0.000000 0.000000 0.000000 0.000000 0.000000 0.000000
 0.000000 0.000000 0.000000 0.425596 0.000000 0.432413 0.000000 0.000000 0.000000 0.000000 0.000000 0.000000 0.000000 0.141991 0.000000 0.000000 0.000000 0.000000 0.000000 0.000000
 0.000000 0.000000 0.000000 0.000000 0.000000 0.000000 0.441084 0.000000 0.000000 0.000000 0.000000 0.000000 0.000000 0.000000 0.000000 0.000000 0.117641 0.441275 0.000000 0.000000
 0.000000 0.207417 0.000000 0.002540 0.000000 0.000000 0.000000 0.000000 0.000000 0.000000 0.000000 0.000000 0.392746 0.397297 0.000000 0.000000 0.000000 0.000000 0.000000 0.000000
 0.000000 0.023415 0.327215 0.000000 0.000000 0.000000 0.000000 0.133911 0.000000 0.000000 0.000000 0.328775 0.000000 0.000000 0.055639 0.131044 0.000000 0.000000 0.000000 0.000000
 0.000000 0.422195 0.000000 0.000680 0.000000 0.000000 0.000000 0.000000 0.000000 0.142683 0.000000 0.434441 0.000000 0.000000 0.000000 0.000000 0.000000 0.000000 0.000000 0.000000
 0.000000 0.000000 0.463207 0.000078 0.000000 0.000000 0.000000 0.459238 0.000000 0.000000 0.000000 0.000000 0.077477 0.000000 0.000000 0.000000 0.000000 0.000000 0.000000 0.000000
 0.000000 0.000000 0.000000 0.000000 0.000000 0.000000 0.000000 0.417311 0.000000 0.000000 0.000000 0.000000 0.164683 0.000000 0.000000 0.000000 0.000000 0.000000 0.000000 0.418006
 0.000000 0.000000 0.000000 0.000000 0.439604 0.000000 0.442444 0.000000 0.000000 0.000000 0.117952 0.000000 0.000000 0.000000 0.000000 0.000000 0.000000 0.000000 0.000000 0.000000
 0.500002 0.000000 0.000000 0.000000 0.000000 0.000000 0.000000 0.000000 0.000000 0.000000 0.499998 0.000000 0.000000 0.000000 0.000000 0.000000 0.000000 0.000000 0.000000 0.000000
 0.500000 0.000000 0.000000 0.000000 0.000000 0.500000 0.000000 0.000000 0.000000 0.000000 0.000000 0.000000 0.000000 0.000000 0.000000 0.000000 0.000000 0.000000 0.000000 0.000000
 0.000000 0.000000 0.000000 0.000000 0.500018 0.000000 0.000000 0.000000 0.000000 0.000000 0.000000 0.000000 0.000000 0.000000 0.000000 0.499982 0.000000 0.000000 0.000000 0.000000
the mean of prob-rank is 1.5263157894736843
the number of false negetive edges is 0
the number of probability greater than 0 is 3.5/edge
