20
 0.000000 0.000000 0.351116 0.000000 0.000000 0.000000 0.279168 0.000000 0.000000 0.000000 0.000000 0.363980 0.000000 0.000000 0.000000 0.000000 0.000000 0.000000 0.000000 0.005736
 0.000000 0.000000 0.000000 0.000000 0.000000 0.000000 0.000000 0.000000 0.500000 0.000000 0.000000 0.000000 0.000000 0.500000 0.000000 0.000000 0.000000 0.000000 0.000000 0.000000
 0.320482 0.000000 0.000000 0.000000 0.000000 0.000000 0.331578 0.000000 0.000000 0.000000 0.292640 0.000000 0.000000 0.000000 0.000000 0.000000 0.008406 0.000000 0.000000 0.046894
 0.000000 0.000000 0.000000 0.000000 0.499860 0.000000 0.000000 0.000000 0.000000 0.000000 0.000000 0.000000 0.000000 0.000000 0.499840 0.000000 0.000000 0.000300 0.000000 0.000000
 0.000000 0.000000 0.000000 0.500001 0.000000 0.000000 0.000000 0.000000 0.000000 0.000000 0.000000 0.000000 0.000000 0.000000 0.000000 0.499999 0.000000 0.000000 0.000000 0.000000
 0.000000 0.000000 0.000000 0.000000 0.000000 0.000000 0.000000 0.500000 0.000000 0.000000 0.000000 0.000000 0.000000 0.000000 0.000000 0.500000 0.000000 0.000000 0.000000 0.000000
 0.265040 0.000000 0.344888 0.000000 0.000000 0.000000 0.000000 0.000000 0.000000 0.000000 0.342927 0.000000 0.000000 0.000000 0.000000 0.000000 0.026868 0.000000 0.000000 0.020276
 0.000000 0.000000 0.000000 0.000000 0.000000 0.498302 0.000000 0.000000 0.000000 0.000000 0.000000 0.000000 0.000000 0.000000 0.000000 0.000000 0.003459 0.000000 0.000000 0.498239
 0.000000 0.500000 0.000000 0.000000 0.000000 0.000000 0.000000 0.000000 0.000000 0.000000 0.000000 0.000000 0.000000 0.000000 0.000000 0.000000 0.000000 0.000000 0.500000 0.000000
 0.000000 0.000000 0.000000 0.000000 0.000000 0.000000 0.000000 0.000000 0.000000 0.000000 0.000000 0.500000 0.000000 0.500000 0.000000 0.000000 0.000000 0.000000 0.000000 0.000000
 0.000000 0.000000 0.306421 0.000000 0.000000 0.000000 0.345219 0.000000 0.000000 0.000000 0.000000 0.000000 0.000000 0.000000 0.000000 0.000000 0.347871 0.000000 0.000000 0.000489
 0.499981 0.000000 0.000000 0.000000 0.000000 0.000000 0.000000 0.000000 0.000000 0.500019 0.000000 0.000000 0.000000 0.000000 0.000000 0.000000 0.000000 0.000000 0.000000 0.000000
 0.000000 0.000000 0.000000 0.000000 0.000000 0.000000 0.000000 0.000000 0.000000 0.000000 0.000000 0.000000 0.000000 0.000000 0.500000 0.000000 0.000000 0.500000 0.000000 0.000000
 0.000000 0.500000 0.000000 0.000000 0.000000 0.000000 0.000000 0.000000 0.000000 0.500000 0.000000 0.000000 0.000000 0.000000 0.000000 0.000000 0.000000 0.000000 0.000000 0.000000
 0.000000 0.000000 0.000000 0.499990 0.000000 0.000000 0.000000 0.000000 0.000000 0.000000 0.000000 0.000000 0.500010 0.000000 0.000000 0.000000 0.000000 0.000000 0.000000 0.000000
 0.000000 0.000000 0.000000 0.000000 0.499999 0.500001 0.000000 0.000000 0.000000 0.000000 0.000000 0.000000 0.000000 0.000000 0.000000 0.000000 0.000000 0.000000 0.000000 0.000000
 0.000000 0.000000 0.012002 0.000000 0.000000 0.000000 0.036883 0.003293 0.000000 0.000000 0.474361 0.000000 0.000000 0.000000 0.000000 0.000000 0.000000 0.000000 0.000000 0.473462
 0.000000 0.000000 0.000000 0.000300 0.000000 0.000000 0.000000 0.000000 0.000000 0.000000 0.000000 0.000000 0.499854 0.000000 0.000000 0.000000 0.000000 0.000000 0.499846 0.000000
 0.000000 0.000000 0.000000 0.000000 0.000000 0.000000 0.000000 0.000000 0.500004 0.000000 0.000000 0.000000 0.000000 0.000000 0.000000 0.000000 0.000000 0.499996 0.000000 0.000000
 0.007115 0.000000 0.063724 0.000000 0.000000 0.000000 0.026490 0.451432 0.000000 0.000000 0.000635 0.000000 0.000000 0.000000 0.000000 0.000000 0.450604 0.000000 0.000000 0.000000
the mean of prob-rank is 1.5789473684210527
the number of false negetive edges is 0
the number of probability greater than 0 is 3.0/edge
