20
 0.000000 0.000000 0.000000 0.000000 0.000000 0.000000 0.350529 0.001517 0.000000 0.000000 0.000000 0.000000 0.000000 0.369049 0.000000 0.000000 0.000000 0.278905 0.000000 0.000000
 0.000000 0.000000 0.000000 0.484262 0.031380 0.484358 0.000000 0.000000 0.000000 0.000000 0.000000 0.000000 0.000000 0.000000 0.000000 0.000000 0.000000 0.000000 0.000000 0.000000
 0.000000 0.000000 0.000000 0.000000 0.000000 0.000000 0.000000 0.386690 0.231401 0.000000 0.000000 0.000000 0.000000 0.000000 0.000000 0.000000 0.000001 0.000000 0.000000 0.381908
 0.000000 0.491868 0.000000 0.000000 0.491965 0.000000 0.000000 0.000000 0.000000 0.000000 0.000000 0.000000 0.000001 0.000000 0.000000 0.000000 0.016166 0.000000 0.000000 0.000000
 0.000000 0.030043 0.000000 0.463728 0.000000 0.000000 0.000000 0.000000 0.000000 0.000000 0.000000 0.000000 0.463654 0.000000 0.000000 0.000000 0.042575 0.000000 0.000000 0.000000
 0.000000 0.499229 0.000000 0.000000 0.000000 0.000000 0.000000 0.000000 0.000000 0.000000 0.000000 0.000000 0.000000 0.000000 0.499219 0.000000 0.000000 0.001552 0.000000 0.000000
 0.365033 0.000000 0.000000 0.000000 0.000000 0.000000 0.000000 0.001375 0.000000 0.000000 0.000000 0.000000 0.000000 0.249274 0.000000 0.000000 0.000000 0.000000 0.000000 0.384319
 0.001212 0.000000 0.294868 0.000000 0.000000 0.000000 0.001055 0.000000 0.272459 0.000000 0.000000 0.006286 0.000000 0.043503 0.000000 0.000000 0.207019 0.001210 0.000000 0.172389
 0.000000 0.000000 0.189762 0.000000 0.000000 0.000000 0.000000 0.293009 0.000000 0.187763 0.000000 0.000000 0.000000 0.000000 0.000000 0.000000 0.317105 0.000000 0.000000 0.012362
 0.000000 0.000000 0.000000 0.000000 0.000000 0.000000 0.000000 0.000000 0.229178 0.000000 0.387033 0.000000 0.000000 0.000000 0.000000 0.000000 0.383569 0.000000 0.000000 0.000220
 0.000000 0.000000 0.000000 0.000000 0.000000 0.000000 0.000000 0.000000 0.000000 0.499988 0.000000 0.000000 0.500012 0.000000 0.000000 0.000000 0.000000 0.000000 0.000000 0.000000
 0.000000 0.000000 0.000000 0.000000 0.000000 0.000000 0.000000 0.008494 0.000000 0.000000 0.000000 0.000000 0.000000 0.000000 0.000000 0.398479 0.133336 0.398348 0.061342 0.000000
 0.000000 0.000000 0.000000 0.000001 0.498584 0.000000 0.000000 0.000000 0.000000 0.000000 0.498662 0.000000 0.000000 0.000000 0.000000 0.000000 0.002754 0.000000 0.000000 0.000000
 0.359749 0.000000 0.000000 0.000000 0.000000 0.000000 0.233337 0.053075 0.000000 0.000000 0.000000 0.000000 0.000000 0.000000 0.000000 0.000000 0.000000 0.353839 0.000000 0.000000
 0.000000 0.000000 0.000000 0.000000 0.000000 0.493962 0.000000 0.000000 0.000000 0.000000 0.000000 0.000000 0.000000 0.000000 0.000000 0.016126 0.000000 0.000000 0.489912 0.000000
 0.000000 0.000000 0.000000 0.000000 0.000000 0.000000 0.000000 0.000000 0.000000 0.000000 0.000000 0.491962 0.000000 0.000000 0.016060 0.000000 0.000000 0.000007 0.491970 0.000000
 0.000000 0.000000 0.000001 0.010396 0.029046 0.000000 0.000000 0.222115 0.316367 0.313523 0.000000 0.105860 0.001747 0.000000 0.000000 0.000000 0.000000 0.000000 0.000946 0.000000
 0.275196 0.000000 0.000000 0.000000 0.000000 0.001132 0.000000 0.001495 0.000000 0.000000 0.000000 0.364014 0.000000 0.358158 0.000000 0.000005 0.000000 0.000000 0.000000 0.000000
 0.000000 0.000000 0.000000 0.000000 0.000000 0.000000 0.000000 0.000000 0.000000 0.000000 0.000000 0.071642 0.000000 0.000000 0.461571 0.465396 0.001392 0.000000 0.000000 0.000000
 0.000000 0.000000 0.378140 0.000000 0.000000 0.000000 0.382876 0.223841 0.014926 0.000218 0.000000 0.000000 0.000000 0.000000 0.000000 0.000000 0.000000 0.000000 0.000000 0.000000
the mean of prob-rank is 1.5789473684210527
the number of false negetive edges is 0
the number of probability greater than 0 is 4.35/edge
