20
 0.000000 0.000000 0.000000 0.000051 0.000000 0.000000 0.513130 0.000000 0.000001 0.000000 0.000000 0.000000 0.396104 0.000000 0.000000 0.090629 0.000000 0.000000 0.000000 0.000084
 0.000000 0.000000 0.000000 0.258892 0.000000 0.000000 0.018506 0.000000 0.015468 0.000000 0.333019 0.000000 0.000000 0.000000 0.000000 0.000000 0.000000 0.038305 0.335418 0.000392
 0.000000 0.000000 0.000000 0.000000 0.331051 0.355081 0.000000 0.000000 0.000000 0.000000 0.000000 0.000000 0.000000 0.000000 0.313867 0.000000 0.000000 0.000000 0.000000 0.000000
 0.000036 0.278179 0.000000 0.000000 0.000000 0.000000 0.005737 0.000000 0.355665 0.000000 0.000001 0.000000 0.000000 0.000000 0.000000 0.000000 0.000000 0.000000 0.000000 0.360382
 0.000000 0.000000 0.327347 0.000000 0.000000 0.005956 0.000000 0.000608 0.000000 0.351012 0.000000 0.011745 0.000000 0.300871 0.002460 0.000000 0.000000 0.000000 0.000000 0.000000
 0.000000 0.000000 0.495809 0.000000 0.008411 0.000000 0.000000 0.000000 0.000000 0.000000 0.000000 0.000000 0.000000 0.495780 0.000000 0.000000 0.000000 0.000000 0.000000 0.000000
 0.482822 0.026640 0.000000 0.007686 0.000000 0.000000 0.000000 0.000000 0.000000 0.000000 0.000000 0.000000 0.000000 0.000000 0.000000 0.000000 0.000000 0.000000 0.000000 0.482852
 0.000000 0.000000 0.000000 0.000000 0.000864 0.000000 0.000000 0.000000 0.000000 0.000042 0.000000 0.498728 0.000000 0.000000 0.498771 0.000031 0.001563 0.000000 0.000000 0.000000
 0.000001 0.015153 0.000000 0.324259 0.000000 0.000000 0.000000 0.000000 0.000000 0.000749 0.052019 0.000000 0.282181 0.000000 0.000000 0.000000 0.000015 0.325622 0.000001 0.000000
 0.000000 0.000000 0.000000 0.000000 0.267535 0.000000 0.000000 0.000022 0.000610 0.000000 0.088195 0.212087 0.000940 0.000000 0.000001 0.000000 0.046679 0.144948 0.238983 0.000000
 0.000000 0.394907 0.000000 0.000001 0.000000 0.000000 0.000000 0.000000 0.062970 0.131085 0.000000 0.000000 0.000015 0.000000 0.000000 0.000000 0.000000 0.397752 0.013270 0.000000
 0.000000 0.000000 0.000000 0.000000 0.011927 0.000000 0.000000 0.356516 0.000000 0.282569 0.000000 0.000000 0.008231 0.000000 0.000041 0.000008 0.340708 0.000000 0.000000 0.000000
 0.218815 0.000000 0.000000 0.000000 0.000000 0.000000 0.000000 0.000000 0.243450 0.000996 0.000011 0.006544 0.000000 0.000000 0.000000 0.263559 0.266625 0.000001 0.000000 0.000000
 0.000000 0.000000 0.000000 0.000000 0.305653 0.356667 0.000000 0.000000 0.000000 0.000000 0.000000 0.000000 0.000000 0.000000 0.000000 0.000000 0.000000 0.000000 0.337680 0.000000
 0.000000 0.000000 0.316149 0.000000 0.002506 0.000000 0.000000 0.357669 0.000000 0.000001 0.000000 0.000041 0.000000 0.000000 0.000000 0.323634 0.000000 0.000000 0.000000 0.000000
 0.059951 0.000000 0.000000 0.000000 0.000000 0.000000 0.000000 0.000021 0.000000 0.000000 0.000000 0.000007 0.315602 0.000000 0.307155 0.000000 0.317263 0.000000 0.000000 0.000000
 0.000000 0.000000 0.000000 0.000000 0.000000 0.000000 0.000000 0.001042 0.000015 0.057981 0.000000 0.317641 0.312644 0.000000 0.000000 0.310676 0.000000 0.000000 0.000000 0.000000
 0.000000 0.043146 0.000000 0.000000 0.000000 0.000000 0.000000 0.000000 0.374408 0.204635 0.377809 0.000000 0.000001 0.000000 0.000000 0.000000 0.000000 0.000000 0.000000 0.000000
 0.000000 0.348059 0.000000 0.000000 0.000000 0.000000 0.000000 0.000000 0.000001 0.310823 0.011612 0.000000 0.000000 0.329505 0.000000 0.000000 0.000000 0.000000 0.000000 0.000000
 0.000082 0.000584 0.000000 0.499651 0.000000 0.000000 0.499683 0.000000 0.000000 0.000000 0.000000 0.000000 0.000000 0.000000 0.000000 0.000000 0.000000 0.000000 0.000000 0.000000
the mean of prob-rank is 1.5789473684210527
the number of false negetive edges is 0
the number of probability greater than 0 is 5.45/edge
