20
 0.000000 0.000000 0.000000 0.000000 0.000000 0.500000 0.500000 0.000000 0.000000 0.000000 0.000000 0.000000 0.000000 0.000000 0.000000 0.000000 0.000000 0.000000 0.000000 0.000000
 0.000000 0.000000 0.000000 0.242308 0.363524 0.000000 0.000000 0.000000 0.000000 0.000000 0.360284 0.000000 0.000000 0.000000 0.000000 0.000000 0.000000 0.000000 0.033883 0.000000
 0.000000 0.000000 0.000000 0.000000 0.000000 0.000000 0.000000 0.000000 0.000000 0.000000 0.000000 0.500000 0.000000 0.000000 0.000000 0.000000 0.000000 0.500000 0.000000 0.000000
 0.000000 0.244224 0.000000 0.000000 0.045848 0.000000 0.000000 0.000000 0.342776 0.000000 0.000000 0.000000 0.367152 0.000000 0.000000 0.000000 0.000000 0.000000 0.000000 0.000000
 0.000000 0.469919 0.000000 0.058801 0.000000 0.000000 0.000000 0.000000 0.471280 0.000000 0.000000 0.000000 0.000000 0.000000 0.000000 0.000000 0.000000 0.000000 0.000000 0.000000
 0.407553 0.000000 0.000000 0.000000 0.000000 0.000000 0.000000 0.000000 0.000000 0.000000 0.164023 0.000000 0.000000 0.000000 0.000000 0.000000 0.407167 0.000000 0.000000 0.021257
 0.500000 0.000000 0.000000 0.000000 0.000000 0.000000 0.000000 0.000000 0.000000 0.000000 0.000000 0.500000 0.000000 0.000000 0.000000 0.000000 0.000000 0.000000 0.000000 0.000000
 0.000000 0.000000 0.000000 0.000000 0.000000 0.000000 0.000000 0.000000 0.000000 0.315674 0.000000 0.000000 0.060410 0.000000 0.303337 0.320579 0.000000 0.000000 0.000000 0.000000
 0.000000 0.000000 0.000000 0.331245 0.355098 0.000000 0.000000 0.000000 0.000000 0.000000 0.000000 0.000000 0.313656 0.000000 0.000000 0.000000 0.000000 0.000000 0.000000 0.000000
 0.000000 0.000000 0.000000 0.000000 0.000000 0.000000 0.000000 0.341138 0.000000 0.000000 0.000000 0.000000 0.000000 0.346770 0.312092 0.000000 0.000000 0.000000 0.000000 0.000000
 0.000000 0.413308 0.000000 0.000000 0.000000 0.168321 0.000000 0.000000 0.000000 0.000000 0.000000 0.000000 0.000000 0.000000 0.000000 0.000000 0.000011 0.000000 0.000130 0.418231
 0.000000 0.000000 0.500000 0.000000 0.000000 0.000000 0.500000 0.000000 0.000000 0.000000 0.000000 0.000000 0.000000 0.000000 0.000000 0.000000 0.000000 0.000000 0.000000 0.000000
 0.000000 0.000000 0.000000 0.345933 0.000000 0.000000 0.000000 0.065180 0.305816 0.000000 0.000000 0.000000 0.000000 0.000000 0.256736 0.026335 0.000000 0.000000 0.000000 0.000000
 0.000000 0.000000 0.000000 0.000000 0.000000 0.000000 0.000000 0.000000 0.000000 0.500000 0.000000 0.000000 0.000000 0.000000 0.000000 0.000000 0.000000 0.500000 0.000000 0.000000
 0.000000 0.000000 0.000000 0.000000 0.000000 0.000000 0.000000 0.263549 0.000000 0.250916 0.000000 0.000000 0.206738 0.000000 0.000000 0.278797 0.000000 0.000000 0.000000 0.000000
 0.000000 0.000000 0.000000 0.000000 0.000000 0.000000 0.000000 0.481441 0.000000 0.000000 0.000000 0.000000 0.036655 0.000000 0.481903 0.000000 0.000000 0.000000 0.000000 0.000000
 0.000000 0.000000 0.000000 0.000000 0.000000 0.412876 0.000000 0.000000 0.000000 0.000000 0.000011 0.000000 0.000000 0.000000 0.000000 0.000000 0.000000 0.000000 0.413267 0.173846
 0.000000 0.000000 0.500000 0.000000 0.000000 0.000000 0.000000 0.000000 0.000000 0.000000 0.000000 0.000000 0.000000 0.500000 0.000000 0.000000 0.000000 0.000000 0.000000 0.000000
 0.000000 0.044418 0.000000 0.000000 0.000000 0.000000 0.000000 0.000000 0.000000 0.000000 0.000148 0.000000 0.000000 0.000000 0.000000 0.000000 0.477930 0.000000 0.000000 0.477504
 0.000000 0.000000 0.000000 0.000000 0.000000 0.021100 0.000000 0.000000 0.000000 0.000000 0.404541 0.000000 0.000000 0.000000 0.000000 0.000000 0.170176 0.000000 0.404183 0.000000
the mean of prob-rank is 1.6842105263157894
the number of false negetive edges is 0
the number of probability greater than 0 is 3.3/edge
