20
 0.000000 0.000000 0.000000 0.000000 0.005798 0.016533 0.489668 0.000000 0.000000 0.000000 0.000000 0.000000 0.487998 0.000000 0.000000 0.000000 0.000003 0.000000 0.000000 0.000000
 0.000000 0.000000 0.008989 0.000000 0.000000 0.000000 0.000000 0.257612 0.000000 0.000000 0.363601 0.000000 0.000000 0.000000 0.000000 0.000000 0.000000 0.000000 0.000000 0.369797
 0.000000 0.006979 0.000000 0.000000 0.000000 0.003336 0.000000 0.000000 0.000000 0.261084 0.206687 0.000000 0.000000 0.000000 0.000000 0.000000 0.000000 0.235085 0.000000 0.286830
 0.000000 0.000000 0.000000 0.000000 0.000000 0.000000 0.000000 0.499988 0.000000 0.000000 0.000000 0.000000 0.000000 0.000000 0.000000 0.499986 0.000000 0.000000 0.000000 0.000026
 0.004408 0.000000 0.000000 0.000000 0.000000 0.356311 0.140325 0.000000 0.372303 0.000000 0.000000 0.000000 0.057554 0.000000 0.069004 0.000000 0.000094 0.000000 0.000000 0.000000
 0.012579 0.000000 0.004329 0.000000 0.356556 0.000000 0.000000 0.000000 0.000000 0.215179 0.000000 0.000000 0.372559 0.000000 0.038600 0.000000 0.000000 0.000196 0.000000 0.000000
 0.421915 0.000000 0.000000 0.000000 0.159025 0.000000 0.000000 0.000000 0.000033 0.000000 0.000000 0.000000 0.000001 0.000000 0.000000 0.000000 0.419027 0.000000 0.000000 0.000000
 0.000000 0.198648 0.000000 0.285156 0.000000 0.000000 0.000000 0.000000 0.000000 0.000000 0.233072 0.000000 0.000000 0.269722 0.000000 0.000000 0.000000 0.000000 0.000000 0.013403
 0.000000 0.000000 0.000000 0.000000 0.495232 0.000001 0.000038 0.000000 0.000000 0.000000 0.000000 0.000000 0.000000 0.000000 0.494193 0.000000 0.010537 0.000000 0.000000 0.000000
 0.000000 0.000000 0.226759 0.000000 0.000000 0.144014 0.000000 0.000000 0.000000 0.000000 0.000004 0.000000 0.000000 0.155059 0.224820 0.000000 0.000000 0.249345 0.000000 0.000000
 0.000000 0.272749 0.199710 0.000000 0.000000 0.000000 0.000000 0.226730 0.000000 0.000005 0.000000 0.000000 0.000000 0.238578 0.000000 0.000000 0.000000 0.062228 0.000000 0.000000
 0.000000 0.000000 0.000000 0.000000 0.000000 0.000000 0.000000 0.000000 0.000000 0.000000 0.000000 0.000000 0.000000 0.000000 0.000000 0.000000 0.500001 0.000000 0.499999 0.000000
 0.412481 0.000000 0.000000 0.000000 0.063983 0.413892 0.000001 0.000000 0.000000 0.000000 0.000000 0.000000 0.000000 0.000000 0.109642 0.000000 0.000000 0.000000 0.000000 0.000000
 0.000000 0.000000 0.000000 0.000000 0.000000 0.000000 0.000000 0.231252 0.000000 0.152037 0.210272 0.000000 0.000000 0.000000 0.174141 0.000000 0.000000 0.232299 0.000000 0.000000
 0.000000 0.000000 0.000000 0.000000 0.056011 0.031311 0.000000 0.000000 0.301567 0.272477 0.000000 0.000000 0.080055 0.215251 0.000000 0.000000 0.000001 0.043327 0.000000 0.000000
 0.000000 0.000000 0.000000 0.499999 0.000000 0.000000 0.000000 0.000000 0.000000 0.000000 0.000000 0.000000 0.000000 0.000000 0.000000 0.000000 0.000000 0.000000 0.500001 0.000000
 0.000003 0.000000 0.000000 0.000000 0.000125 0.000000 0.492956 0.000000 0.010560 0.000000 0.000000 0.496354 0.000000 0.000000 0.000001 0.000000 0.000000 0.000000 0.000000 0.000000
 0.000000 0.000000 0.261012 0.000000 0.000000 0.000168 0.000000 0.000000 0.000000 0.318751 0.071505 0.000000 0.000000 0.302863 0.045700 0.000000 0.000000 0.000000 0.000000 0.000000
 0.000000 0.000000 0.000000 0.000000 0.000000 0.000000 0.000000 0.000000 0.000000 0.000000 0.000000 0.499999 0.000000 0.000000 0.000000 0.500001 0.000000 0.000000 0.000000 0.000000
 0.000000 0.488722 0.488282 0.000026 0.000000 0.000000 0.000000 0.022970 0.000000 0.000000 0.000000 0.000000 0.000000 0.000000 0.000000 0.000000 0.000000 0.000000 0.000000 0.000000
the mean of prob-rank is 1.631578947368421
the number of false negetive edges is 0
the number of probability greater than 0 is 4.8/edge
