20
 0.000000 0.000000 0.000000 0.000000 0.000000 0.000000 0.000000 0.227727 0.000000 0.204907 0.000000 0.000000 0.000000 0.125362 0.000000 0.248720 0.000000 0.193283 0.000000 0.000000
 0.000000 0.000000 0.217888 0.000000 0.165778 0.000000 0.000000 0.000000 0.000000 0.000000 0.218034 0.000000 0.000000 0.209592 0.000000 0.000000 0.188708 0.000000 0.000000 0.000000
 0.000000 0.306227 0.000000 0.000000 0.000000 0.000000 0.000000 0.000000 0.000000 0.000000 0.000000 0.000000 0.245900 0.308681 0.000000 0.000000 0.139192 0.000000 0.000000 0.000000
 0.000000 0.000000 0.000000 0.000000 0.000000 0.000000 0.000000 0.349654 0.000000 0.093140 0.000000 0.000000 0.000000 0.000000 0.000000 0.000000 0.000000 0.193921 0.000000 0.363285
 0.000000 0.272425 0.000000 0.000000 0.000000 0.000000 0.000040 0.000000 0.000000 0.000000 0.371123 0.000000 0.000000 0.000000 0.000000 0.000000 0.356411 0.000000 0.000000 0.000000
 0.000000 0.000000 0.000000 0.000000 0.000000 0.000000 0.000000 0.000000 0.000000 0.000000 0.000000 0.299305 0.354263 0.000000 0.016990 0.000000 0.000000 0.000000 0.329443 0.000000
 0.000000 0.000000 0.000000 0.000000 0.000038 0.000000 0.000000 0.000000 0.349602 0.000000 0.300687 0.000000 0.000000 0.332879 0.000000 0.000000 0.000000 0.000000 0.000000 0.016794
 0.214720 0.000000 0.000000 0.231283 0.000000 0.000000 0.000000 0.000000 0.000000 0.214851 0.000000 0.000000 0.000000 0.142734 0.000000 0.000018 0.000000 0.195512 0.000000 0.000882
 0.000000 0.000000 0.000000 0.000000 0.000000 0.000000 0.392629 0.000000 0.000000 0.000000 0.000000 0.000000 0.000000 0.218550 0.000000 0.000000 0.000000 0.000000 0.000000 0.388821
 0.230774 0.000000 0.000000 0.073589 0.000000 0.000000 0.000000 0.256630 0.000000 0.000000 0.000000 0.000000 0.000000 0.000000 0.000000 0.152036 0.000000 0.286971 0.000000 0.000000
 0.000000 0.341686 0.000000 0.000000 0.353916 0.000000 0.304398 0.000000 0.000000 0.000000 0.000000 0.000000 0.000000 0.000000 0.000000 0.000000 0.000000 0.000000 0.000000 0.000000
 0.000000 0.000000 0.000000 0.000000 0.000000 0.233463 0.000000 0.000000 0.000000 0.000000 0.000000 0.000000 0.000000 0.000000 0.274054 0.270441 0.000000 0.000000 0.222042 0.000000
 0.000000 0.000000 0.278494 0.000000 0.000000 0.359472 0.000000 0.000000 0.000000 0.000000 0.000000 0.000000 0.000000 0.000000 0.000042 0.000000 0.351602 0.000000 0.010389 0.000000
 0.079547 0.150081 0.157272 0.000000 0.000000 0.000000 0.153979 0.096056 0.090015 0.000000 0.000000 0.000000 0.000000 0.000000 0.106279 0.070667 0.000000 0.000000 0.007808 0.088296
 0.000000 0.000000 0.000000 0.000000 0.000000 0.017781 0.000000 0.000000 0.000000 0.000000 0.000000 0.367717 0.000044 0.243673 0.000000 0.000011 0.000000 0.000000 0.370773 0.000000
 0.303286 0.000000 0.000000 0.000000 0.000000 0.000000 0.000000 0.000023 0.000000 0.164611 0.000000 0.304142 0.000000 0.135801 0.000009 0.000000 0.000000 0.092129 0.000000 0.000000
 0.000000 0.260098 0.136505 0.000000 0.298936 0.000000 0.000000 0.000000 0.000000 0.000000 0.000000 0.000000 0.304461 0.000000 0.000000 0.000000 0.000000 0.000000 0.000000 0.000000
 0.222924 0.000000 0.000000 0.156904 0.000000 0.000000 0.000000 0.239153 0.000000 0.293880 0.000000 0.000000 0.000000 0.000000 0.000000 0.087140 0.000000 0.000000 0.000000 0.000000
 0.000000 0.000000 0.000000 0.000000 0.000000 0.330862 0.000000 0.000000 0.000000 0.000000 0.000000 0.285889 0.010283 0.017179 0.355788 0.000000 0.000000 0.000000 0.000000 0.000000
 0.000000 0.000000 0.000000 0.386398 0.000000 0.000000 0.018562 0.001419 0.382649 0.000000 0.000000 0.000000 0.000000 0.210972 0.000000 0.000000 0.000000 0.000000 0.000000 0.000000
the mean of prob-rank is 1.5789473684210527
the number of false negetive edges is 0
the number of probability greater than 0 is 5.0/edge
