20
 0.000000 0.500000 0.000000 0.000000 0.000000 0.000000 0.500000 0.000000 0.000000 0.000000 0.000000 0.000000 0.000000 0.000000 0.000000 0.000000 0.000000 0.000000 0.000000 0.000000
 0.500000 0.000000 0.000000 0.000000 0.000000 0.000000 0.000000 0.000000 0.000000 0.000000 0.000000 0.500000 0.000000 0.000000 0.000000 0.000000 0.000000 0.000000 0.000000 0.000000
 0.000000 0.000000 0.000000 0.000000 0.000000 0.000000 0.000000 0.000000 0.000000 0.500000 0.000000 0.500000 0.000000 0.000000 0.000000 0.000000 0.000000 0.000000 0.000000 0.000000
 0.000000 0.000000 0.000000 0.000000 0.000000 0.000000 0.000000 0.000000 0.000000 0.000000 0.399107 0.000000 0.198216 0.000000 0.000000 0.000000 0.000000 0.000000 0.000110 0.402568
 0.000000 0.000000 0.000000 0.000000 0.000000 0.000000 0.000000 0.006334 0.014437 0.000000 0.000000 0.000000 0.000000 0.000000 0.002309 0.486189 0.000000 0.487008 0.000202 0.003521
 0.000000 0.000000 0.000000 0.000000 0.000000 0.000000 0.000000 0.000000 0.000000 0.000000 0.000000 0.000000 0.000000 0.500000 0.500000 0.000000 0.000000 0.000000 0.000000 0.000000
 0.500000 0.000000 0.000000 0.000000 0.000000 0.000000 0.000000 0.000000 0.000000 0.000000 0.000000 0.000000 0.000000 0.500000 0.000000 0.000000 0.000000 0.000000 0.000000 0.000000
 0.000000 0.000000 0.000000 0.000000 0.006461 0.000000 0.000000 0.000000 0.000000 0.000000 0.000000 0.000000 0.000000 0.000000 0.000000 0.000000 0.496771 0.000000 0.000000 0.496769
 0.000000 0.000000 0.000000 0.000000 0.013797 0.000000 0.000000 0.000000 0.000000 0.000000 0.000041 0.000000 0.000000 0.000000 0.056625 0.464035 0.000000 0.000151 0.465351 0.000000
 0.000000 0.000000 0.500000 0.000000 0.000000 0.000000 0.000000 0.000000 0.000000 0.000000 0.000000 0.000000 0.000000 0.000000 0.000000 0.000000 0.500000 0.000000 0.000000 0.000000
 0.000000 0.000000 0.000000 0.391207 0.000000 0.000000 0.000000 0.000000 0.000035 0.000000 0.000000 0.000000 0.392317 0.000000 0.000000 0.000000 0.000000 0.000000 0.214744 0.001697
 0.000000 0.500000 0.500000 0.000000 0.000000 0.000000 0.000000 0.000000 0.000000 0.000000 0.000000 0.000000 0.000000 0.000000 0.000000 0.000000 0.000000 0.000000 0.000000 0.000000
 0.000000 0.000000 0.000000 0.198872 0.000000 0.000000 0.000000 0.000000 0.000000 0.000000 0.401564 0.000000 0.000000 0.000000 0.000000 0.000000 0.000000 0.000000 0.399334 0.000230
 0.000000 0.000000 0.000000 0.000000 0.000000 0.500000 0.500000 0.000000 0.000000 0.000000 0.000000 0.000000 0.000000 0.000000 0.000000 0.000000 0.000000 0.000000 0.000000 0.000000
 0.000000 0.000000 0.000000 0.000000 0.002223 0.468910 0.000000 0.000000 0.057051 0.000000 0.000001 0.000000 0.000000 0.000000 0.000000 0.003279 0.000000 0.468537 0.000000 0.000000
 0.000000 0.000000 0.000000 0.000000 0.476540 0.000000 0.000000 0.000000 0.475930 0.000000 0.000000 0.000000 0.000000 0.000000 0.003338 0.000000 0.000000 0.043083 0.000985 0.000124
 0.000000 0.000000 0.000000 0.000000 0.000000 0.000000 0.000000 0.500000 0.000000 0.500000 0.000000 0.000000 0.000000 0.000000 0.000000 0.000000 0.000000 0.000000 0.000000 0.000000
 0.000000 0.000000 0.000000 0.000000 0.478518 0.000000 0.000000 0.000000 0.000155 0.000000 0.000000 0.000000 0.000000 0.000000 0.478138 0.043189 0.000000 0.000000 0.000000 0.000000
 0.000000 0.000000 0.000000 0.000108 0.000164 0.000000 0.000000 0.000000 0.394791 0.000000 0.214467 0.000000 0.389635 0.000000 0.000000 0.000815 0.000000 0.000000 0.000000 0.000021
 0.000000 0.000000 0.000000 0.496442 0.003596 0.000000 0.000000 0.497389 0.000000 0.000000 0.002134 0.000000 0.000282 0.000000 0.000000 0.000129 0.000000 0.000000 0.000026 0.000000
the mean of prob-rank is 1.631578947368421
the number of false negetive edges is 0
the number of probability greater than 0 is 3.8/edge
