20
 0.000000 0.000000 0.000000 0.497996 0.000000 0.000000 0.000000 0.000000 0.000000 0.000000 0.004120 0.000000 0.000000 0.000000 0.000000 0.000000 0.497885 0.000000 0.000000 0.000000
 0.000000 0.000000 0.000000 0.000000 0.084284 0.000000 0.457432 0.000000 0.000000 0.000000 0.000000 0.000000 0.000000 0.000000 0.000000 0.458284 0.000000 0.000000 0.000000 0.000000
 0.000000 0.000000 0.000000 0.474111 0.000000 0.000000 0.000000 0.000000 0.000010 0.000000 0.000000 0.474117 0.000000 0.000000 0.000000 0.000000 0.000000 0.000000 0.051762 0.000000
 0.500004 0.000000 0.499996 0.000000 0.000000 0.000000 0.000000 0.000000 0.000000 0.000000 0.000000 0.000000 0.000000 0.000000 0.000000 0.000000 0.000000 0.000000 0.000000 0.000000
 0.000000 0.084217 0.000000 0.000000 0.000000 0.000000 0.457919 0.000000 0.457864 0.000000 0.000000 0.000000 0.000000 0.000000 0.000000 0.000000 0.000000 0.000000 0.000000 0.000000
 0.000000 0.000000 0.000000 0.000000 0.000000 0.000000 0.000000 0.000027 0.000000 0.000000 0.000000 0.000000 0.000000 0.499986 0.499987 0.000000 0.000000 0.000000 0.000000 0.000000
 0.000000 0.488766 0.000000 0.000000 0.489677 0.000000 0.000000 0.000000 0.021556 0.000000 0.000000 0.000000 0.000000 0.000000 0.000000 0.000000 0.000000 0.000000 0.000000 0.000000
 0.000000 0.000000 0.000000 0.000000 0.000000 0.000027 0.000000 0.000000 0.000000 0.000000 0.000000 0.000000 0.500032 0.000000 0.499940 0.000000 0.000000 0.000000 0.000000 0.000000
 0.000000 0.000000 0.000010 0.000000 0.489212 0.000000 0.021538 0.000000 0.000000 0.000000 0.000000 0.000022 0.000000 0.000000 0.000000 0.000000 0.000000 0.000000 0.489217 0.000000
 0.000000 0.000000 0.000000 0.000000 0.000000 0.000000 0.000000 0.000000 0.000000 0.000000 0.493514 0.000000 0.000000 0.000000 0.000000 0.000000 0.012962 0.493524 0.000000 0.000000
 0.004119 0.000000 0.000000 0.000000 0.000000 0.000000 0.000000 0.000000 0.000000 0.497935 0.000000 0.000000 0.000000 0.000000 0.000000 0.000000 0.497945 0.000000 0.000000 0.000000
 0.000000 0.000000 0.499988 0.000000 0.000000 0.000000 0.000000 0.000000 0.000023 0.000000 0.000000 0.000000 0.000000 0.000000 0.000000 0.000000 0.000000 0.000000 0.499989 0.000000
 0.000000 0.000000 0.000000 0.000000 0.000000 0.000000 0.000000 0.500000 0.000000 0.000000 0.000000 0.000000 0.000000 0.000000 0.000000 0.000000 0.000000 0.500000 0.000000 0.000000
 0.000000 0.000000 0.000000 0.000000 0.000000 0.500000 0.000000 0.000000 0.000000 0.000000 0.000000 0.000000 0.000000 0.000000 0.000000 0.000000 0.000000 0.000000 0.000000 0.500000
 0.000000 0.000000 0.000000 0.000000 0.000000 0.500046 0.000000 0.499954 0.000000 0.000000 0.000000 0.000000 0.000000 0.000000 0.000000 0.000000 0.000000 0.000000 0.000000 0.000000
 0.000000 0.500001 0.000000 0.000000 0.000000 0.000000 0.000000 0.000000 0.000000 0.000000 0.000000 0.000000 0.000000 0.000000 0.000000 0.000000 0.000000 0.000000 0.000000 0.499999
 0.493463 0.000000 0.000000 0.000000 0.000000 0.000000 0.000000 0.000000 0.000000 0.012963 0.493574 0.000000 0.000000 0.000000 0.000000 0.000000 0.000000 0.000000 0.000000 0.000000
 0.000000 0.000000 0.000000 0.000000 0.000000 0.000000 0.000000 0.000000 0.000000 0.500000 0.000000 0.000000 0.500000 0.000000 0.000000 0.000000 0.000000 0.000000 0.000000 0.000000
 0.000000 0.000000 0.051765 0.000000 0.000000 0.000000 0.000000 0.000000 0.474092 0.000000 0.000000 0.474143 0.000000 0.000000 0.000000 0.000000 0.000000 0.000000 0.000000 0.000000
 0.000000 0.000000 0.000000 0.000000 0.000000 0.000000 0.000000 0.000000 0.000000 0.000000 0.000000 0.000000 0.000000 0.500001 0.000000 0.499999 0.000000 0.000000 0.000000 0.000000
the mean of prob-rank is 1.5263157894736843
the number of false negetive edges is 0
the number of probability greater than 0 is 2.8/edge
