20
 0.000000 0.000000 0.000000 0.000000 0.000000 0.344569 0.000000 0.000000 0.000000 0.000000 0.000000 0.000000 0.000000 0.000000 0.000000 0.000000 0.000000 0.307511 0.000000 0.347920
 0.000000 0.000000 0.371447 0.216922 0.000000 0.000000 0.000000 0.000000 0.000000 0.000000 0.000000 0.000000 0.000000 0.000000 0.000000 0.374365 0.000000 0.037267 0.000000 0.000000
 0.000000 0.390211 0.000000 0.216521 0.000000 0.000000 0.000000 0.000000 0.393269 0.000000 0.000000 0.000000 0.000000 0.000000 0.000000 0.000000 0.000000 0.000000 0.000000 0.000000
 0.000000 0.188728 0.179320 0.000000 0.000005 0.000000 0.000000 0.307358 0.000000 0.000000 0.000000 0.000000 0.000000 0.000000 0.000000 0.324590 0.000000 0.000000 0.000000 0.000000
 0.000000 0.000000 0.000000 0.000006 0.000000 0.000000 0.000000 0.124933 0.002056 0.000000 0.000001 0.000000 0.438229 0.434775 0.000000 0.000000 0.000000 0.000000 0.000000 0.000000
 0.421583 0.000000 0.000000 0.000000 0.000000 0.000000 0.000000 0.000000 0.000000 0.425684 0.000000 0.000000 0.000000 0.000000 0.000000 0.000000 0.000000 0.000000 0.000000 0.152733
 0.000000 0.000000 0.000000 0.000000 0.000000 0.000000 0.000000 0.000000 0.000000 0.500032 0.000000 0.000000 0.000000 0.000000 0.000000 0.000000 0.499932 0.000000 0.000035 0.000000
 0.000000 0.000000 0.000000 0.318398 0.096189 0.000000 0.000000 0.000000 0.000000 0.000000 0.000564 0.000000 0.336328 0.000000 0.000006 0.248515 0.000000 0.000000 0.000000 0.000000
 0.000000 0.000000 0.482380 0.000000 0.002263 0.000000 0.000000 0.000000 0.000000 0.000000 0.000000 0.000000 0.000000 0.033147 0.000000 0.000000 0.000000 0.482210 0.000000 0.000000
 0.000000 0.000000 0.000000 0.000000 0.000000 0.500000 0.500000 0.000000 0.000000 0.000000 0.000000 0.000000 0.000000 0.000000 0.000000 0.000000 0.000000 0.000000 0.000000 0.000000
 0.000000 0.000000 0.000000 0.000000 0.000001 0.000000 0.000000 0.000824 0.000000 0.000000 0.000000 0.492566 0.014187 0.492422 0.000000 0.000000 0.000000 0.000000 0.000000 0.000000
 0.000000 0.000000 0.000000 0.000000 0.000000 0.000000 0.000000 0.000000 0.000000 0.000000 0.499840 0.000000 0.000000 0.000319 0.499841 0.000000 0.000000 0.000000 0.000000 0.000000
 0.000000 0.000000 0.000000 0.000000 0.415153 0.000000 0.000000 0.413830 0.000000 0.000000 0.011957 0.000000 0.000000 0.159060 0.000000 0.000000 0.000000 0.000000 0.000000 0.000000
 0.000000 0.000000 0.000000 0.000000 0.397396 0.000000 0.000000 0.000000 0.027524 0.000000 0.400439 0.000256 0.153467 0.000000 0.000003 0.000000 0.020915 0.000000 0.000000 0.000000
 0.000000 0.000000 0.000000 0.000000 0.000000 0.000000 0.000000 0.000008 0.000000 0.000000 0.000000 0.500008 0.000000 0.000004 0.000000 0.000000 0.000000 0.000000 0.499980 0.000000
 0.000000 0.365852 0.000000 0.364598 0.000000 0.000000 0.000000 0.269467 0.000000 0.000000 0.000000 0.000000 0.000000 0.000000 0.000000 0.000000 0.000000 0.000083 0.000000 0.000000
 0.000000 0.000000 0.000000 0.000000 0.000000 0.000000 0.487228 0.000000 0.000000 0.000000 0.000000 0.000000 0.000000 0.025446 0.000000 0.000000 0.000000 0.000000 0.487326 0.000000
 0.299679 0.033752 0.000000 0.000000 0.000000 0.000000 0.000000 0.000000 0.338932 0.000000 0.000000 0.000000 0.000000 0.000000 0.000000 0.000077 0.000000 0.000000 0.000000 0.327560
 0.000000 0.000000 0.000000 0.000000 0.000000 0.000000 0.000035 0.000000 0.000000 0.000000 0.000000 0.000000 0.000000 0.000000 0.499968 0.000000 0.499996 0.000000 0.000000 0.000000
 0.430130 0.000000 0.000000 0.000000 0.000000 0.154328 0.000000 0.000000 0.000000 0.000000 0.000000 0.000000 0.000000 0.000000 0.000000 0.000000 0.000000 0.415542 0.000000 0.000000
the mean of prob-rank is 1.631578947368421
the number of false negetive edges is 0
the number of probability greater than 0 is 3.95/edge
