20
 0.000000 0.000000 0.002991 0.000000 0.000008 0.000000 0.000000 0.000000 0.000000 0.000000 0.375710 0.114032 0.000000 0.000000 0.386833 0.000000 0.000000 0.000000 0.000000 0.120426
 0.000000 0.000000 0.000000 0.000000 0.000000 0.000000 0.036765 0.000000 0.481608 0.000000 0.000000 0.000000 0.000000 0.000000 0.000000 0.000000 0.481626 0.000000 0.000000 0.000000
 0.002837 0.000000 0.000000 0.000000 0.249460 0.000000 0.000000 0.000000 0.017603 0.000000 0.000000 0.000000 0.004780 0.000000 0.361098 0.000000 0.000000 0.000000 0.000000 0.364223
 0.000000 0.000000 0.000000 0.000000 0.000000 0.000000 0.000003 0.000000 0.000000 0.000000 0.499968 0.000000 0.000000 0.000000 0.000014 0.000000 0.000000 0.000000 0.500015 0.000000
 0.000008 0.000000 0.273757 0.000000 0.000000 0.000000 0.000000 0.000000 0.000000 0.000000 0.000000 0.323508 0.000039 0.000000 0.000000 0.000000 0.000000 0.000000 0.000000 0.402688
 0.000000 0.000000 0.000000 0.000000 0.000000 0.000000 0.000000 0.000000 0.000000 0.000000 0.000000 0.495777 0.008415 0.000000 0.000000 0.000000 0.000000 0.495808 0.000000 0.000000
 0.000000 0.036820 0.000000 0.000003 0.000000 0.000000 0.000000 0.480623 0.000000 0.000000 0.000000 0.000000 0.000000 0.000000 0.000000 0.000000 0.000199 0.000000 0.482356 0.000000
 0.000000 0.000000 0.000000 0.000000 0.000000 0.000000 0.494153 0.000000 0.000000 0.000000 0.000000 0.000000 0.000000 0.009908 0.000000 0.495939 0.000000 0.000000 0.000000 0.000000
 0.000000 0.488272 0.023424 0.000000 0.000000 0.000000 0.000000 0.000000 0.000000 0.000000 0.000000 0.000000 0.488304 0.000000 0.000000 0.000000 0.000000 0.000000 0.000000 0.000000
 0.000000 0.000000 0.000000 0.000000 0.000000 0.000000 0.000000 0.000000 0.000000 0.000000 0.000000 0.000000 0.495288 0.000000 0.000000 0.009160 0.000000 0.495552 0.000000 0.000000
 0.413498 0.000000 0.000000 0.425810 0.000000 0.000000 0.000000 0.000000 0.000000 0.000000 0.000000 0.000000 0.000000 0.000000 0.160692 0.000000 0.000000 0.000000 0.000000 0.000000
 0.123006 0.000000 0.000000 0.000000 0.335301 0.417355 0.000000 0.000000 0.000000 0.000000 0.000000 0.000000 0.000833 0.000000 0.000000 0.000000 0.000000 0.000000 0.000000 0.123505
 0.000000 0.000000 0.006412 0.000000 0.000048 0.008355 0.000000 0.000000 0.492233 0.491971 0.000000 0.000982 0.000000 0.000000 0.000000 0.000000 0.000000 0.000000 0.000000 0.000000
 0.000000 0.000000 0.000000 0.000000 0.000000 0.000000 0.000000 0.009894 0.000000 0.000000 0.000000 0.000000 0.000000 0.000000 0.000000 0.494900 0.495206 0.000000 0.000000 0.000000
 0.423416 0.000000 0.416757 0.000012 0.000000 0.000000 0.000000 0.000000 0.000000 0.000000 0.159815 0.000000 0.000000 0.000000 0.000000 0.000000 0.000000 0.000000 0.000000 0.000000
 0.000000 0.000000 0.000000 0.000000 0.000000 0.000000 0.000000 0.495573 0.000000 0.009161 0.000000 0.000000 0.000000 0.495267 0.000000 0.000000 0.000000 0.000000 0.000000 0.000000
 0.000000 0.499890 0.000000 0.000000 0.000000 0.000000 0.000206 0.000000 0.000000 0.000000 0.000000 0.000000 0.000000 0.499904 0.000000 0.000000 0.000000 0.000000 0.000000 0.000000
 0.000000 0.000000 0.000000 0.000000 0.000000 0.500000 0.000000 0.000000 0.000000 0.500000 0.000000 0.000000 0.000000 0.000000 0.000000 0.000000 0.000000 0.000000 0.000000 0.000000
 0.000000 0.000000 0.000000 0.500002 0.000000 0.000000 0.499998 0.000000 0.000000 0.000000 0.000000 0.000000 0.000000 0.000000 0.000000 0.000000 0.000000 0.000000 0.000000 0.000000
 0.119722 0.000000 0.381798 0.000000 0.384655 0.000000 0.000000 0.000000 0.000000 0.000000 0.000000 0.113825 0.000000 0.000000 0.000000 0.000000 0.000000 0.000000 0.000000 0.000000
the mean of prob-rank is 1.631578947368421
the number of false negetive edges is 0
the number of probability greater than 0 is 3.8/edge
