20
 0.000000 0.000000 0.000000 0.000000 0.416998 0.000000 0.000000 0.416371 0.166631 0.000000 0.000000 0.000000 0.000000 0.000000 0.000000 0.000000 0.000000 0.000000 0.000000 0.000000
 0.000000 0.000000 0.000000 0.000000 0.000000 0.493646 0.000000 0.000000 0.000000 0.000000 0.000000 0.493583 0.000000 0.000000 0.000000 0.000000 0.000000 0.000000 0.000000 0.012771
 0.000000 0.000000 0.000000 0.000000 0.000000 0.000000 0.000000 0.000000 0.000000 0.423398 0.000000 0.000000 0.000000 0.000000 0.420884 0.155718 0.000000 0.000000 0.000000 0.000000
 0.000000 0.000000 0.000000 0.000000 0.000000 0.000000 0.000000 0.000000 0.000000 0.000000 0.110675 0.017069 0.000000 0.000000 0.121422 0.000000 0.000000 0.375396 0.000000 0.375439
 0.499877 0.000000 0.000000 0.000000 0.000000 0.000000 0.000000 0.000001 0.000025 0.000000 0.000000 0.000000 0.000000 0.000000 0.000000 0.000000 0.500098 0.000000 0.000000 0.000000
 0.000000 0.500000 0.000000 0.000000 0.000000 0.000000 0.000000 0.000000 0.000000 0.000000 0.000000 0.000000 0.500000 0.000000 0.000000 0.000000 0.000000 0.000000 0.000000 0.000000
 0.000000 0.000000 0.000000 0.000000 0.000000 0.000000 0.000000 0.000000 0.500000 0.500000 0.000000 0.000000 0.000000 0.000000 0.000000 0.000000 0.000000 0.000000 0.000000 0.000000
 0.455722 0.000000 0.000000 0.000000 0.000001 0.000000 0.000000 0.000000 0.016611 0.000000 0.000000 0.000000 0.000000 0.000000 0.000000 0.000000 0.071316 0.000000 0.456351 0.000000
 0.163948 0.000000 0.000000 0.000000 0.000020 0.000000 0.410464 0.014932 0.000000 0.000000 0.000000 0.000000 0.000000 0.000000 0.001252 0.000000 0.000000 0.000000 0.409384 0.000000
 0.000000 0.000000 0.500000 0.000000 0.000000 0.000000 0.500000 0.000000 0.000000 0.000000 0.000000 0.000000 0.000000 0.000000 0.000000 0.000000 0.000000 0.000000 0.000000 0.000000
 0.000000 0.000000 0.000000 0.128121 0.000000 0.000000 0.000000 0.000000 0.000000 0.000000 0.000000 0.000000 0.000000 0.000000 0.000000 0.000000 0.434583 0.437296 0.000000 0.000000
 0.000000 0.488923 0.000000 0.022095 0.000000 0.000000 0.000000 0.000000 0.000000 0.000000 0.000000 0.000000 0.000000 0.000000 0.000000 0.000000 0.000000 0.000000 0.000000 0.488982
 0.000000 0.000000 0.000000 0.000000 0.000000 0.500000 0.000000 0.000000 0.000000 0.000000 0.000000 0.000000 0.000000 0.500000 0.000000 0.000000 0.000000 0.000000 0.000000 0.000000
 0.000000 0.000000 0.000000 0.000000 0.000000 0.000000 0.000000 0.000000 0.000000 0.000000 0.000000 0.000000 0.500000 0.000000 0.000000 0.500000 0.000000 0.000000 0.000000 0.000000
 0.000000 0.000000 0.381905 0.123491 0.000000 0.000000 0.000000 0.000000 0.001171 0.000000 0.000000 0.000000 0.000000 0.000000 0.000000 0.381598 0.000000 0.000000 0.111834 0.000000
 0.000000 0.000000 0.155771 0.000000 0.000000 0.000000 0.000000 0.000000 0.000000 0.000000 0.000000 0.000000 0.000000 0.423542 0.420687 0.000000 0.000000 0.000000 0.000000 0.000000
 0.000000 0.000000 0.000000 0.000000 0.465120 0.000000 0.000000 0.072645 0.000000 0.000000 0.462235 0.000000 0.000000 0.000000 0.000000 0.000000 0.000000 0.000000 0.000000 0.000000
 0.000000 0.000000 0.000000 0.417579 0.000000 0.000000 0.000000 0.000000 0.000000 0.000000 0.420197 0.000000 0.000000 0.000000 0.000000 0.000000 0.000000 0.000000 0.000000 0.162224
 0.000000 0.000000 0.000000 0.000000 0.000000 0.000000 0.000000 0.436835 0.435933 0.000000 0.000000 0.000000 0.000000 0.000000 0.127231 0.000000 0.000000 0.000000 0.000000 0.000000
 0.000000 0.010753 0.000000 0.413117 0.000000 0.000000 0.000000 0.000000 0.000000 0.000000 0.000000 0.415657 0.000000 0.000000 0.000000 0.000000 0.000000 0.160472 0.000000 0.000000
the mean of prob-rank is 1.5789473684210527
the number of false negetive edges is 0
the number of probability greater than 0 is 3.2/edge
