20
 0.000000 0.000000 0.000000 0.000000 0.000000 0.000000 0.000000 0.000000 0.049954 0.000000 0.001140 0.000000 0.473943 0.000000 0.000000 0.000000 0.000000 0.000000 0.000000 0.474964
 0.000000 0.000000 0.000000 0.000000 0.000000 0.000000 0.000000 0.500000 0.000000 0.000000 0.000000 0.000000 0.000000 0.000000 0.000000 0.000000 0.500000 0.000000 0.000000 0.000000
 0.000000 0.000000 0.000000 0.000001 0.000141 0.000000 0.000000 0.000000 0.000000 0.267819 0.000000 0.000000 0.000000 0.306072 0.277397 0.148571 0.000000 0.000000 0.000000 0.000000
 0.000000 0.000000 0.000001 0.000000 0.011264 0.287679 0.000000 0.000000 0.000000 0.000001 0.000000 0.000000 0.090662 0.000000 0.308167 0.000010 0.000000 0.000000 0.302216 0.000000
 0.000000 0.000000 0.000140 0.010867 0.000000 0.262546 0.000228 0.000000 0.000000 0.000000 0.000000 0.000000 0.000000 0.179032 0.000001 0.242941 0.000000 0.304246 0.000000 0.000000
 0.000000 0.000000 0.000000 0.256316 0.242469 0.000000 0.243302 0.000000 0.000000 0.000000 0.000000 0.000000 0.000000 0.000000 0.000000 0.000000 0.000000 0.257914 0.000000 0.000000
 0.000000 0.000000 0.000000 0.000000 0.000276 0.318986 0.000000 0.000000 0.000000 0.000000 0.000000 0.368385 0.000000 0.000000 0.000000 0.000000 0.000000 0.312353 0.000000 0.000000
 0.000000 0.500000 0.000000 0.000000 0.000000 0.000000 0.000000 0.000000 0.000000 0.000000 0.000000 0.500000 0.000000 0.000000 0.000000 0.000000 0.000000 0.000000 0.000000 0.000000
 0.049962 0.000000 0.000000 0.000000 0.000000 0.000000 0.000000 0.000000 0.000000 0.000000 0.000000 0.000000 0.474917 0.000000 0.000000 0.000000 0.475121 0.000000 0.000000 0.000000
 0.000000 0.000000 0.313308 0.000001 0.000000 0.000000 0.000000 0.000000 0.000000 0.000000 0.328612 0.000000 0.000000 0.000000 0.000000 0.000000 0.000000 0.000000 0.358057 0.000022
 0.000792 0.000000 0.000000 0.000000 0.000000 0.000000 0.000000 0.000000 0.000000 0.302967 0.000000 0.000000 0.097304 0.000000 0.000000 0.000000 0.000000 0.000000 0.268833 0.330104
 0.000000 0.000000 0.000000 0.000000 0.000000 0.000000 0.499999 0.500001 0.000000 0.000000 0.000000 0.000000 0.000000 0.000000 0.000000 0.000000 0.000000 0.000000 0.000000 0.000000
 0.386774 0.000000 0.000000 0.111450 0.000000 0.000000 0.000000 0.000000 0.387505 0.000000 0.114269 0.000000 0.000000 0.000000 0.000000 0.000000 0.000000 0.000000 0.000001 0.000000
 0.000000 0.000000 0.325839 0.000000 0.191738 0.000000 0.000000 0.000000 0.000000 0.000000 0.000000 0.000000 0.000000 0.000000 0.178147 0.304277 0.000000 0.000000 0.000000 0.000000
 0.000000 0.000000 0.265056 0.285782 0.000001 0.000000 0.000000 0.000000 0.000000 0.000000 0.000000 0.000000 0.000000 0.159894 0.000000 0.289267 0.000000 0.000000 0.000000 0.000000
 0.000000 0.000000 0.151366 0.000010 0.248996 0.000000 0.000000 0.000000 0.000000 0.000000 0.000000 0.000000 0.000000 0.291195 0.308432 0.000000 0.000000 0.000000 0.000000 0.000000
 0.000000 0.500000 0.000000 0.000000 0.000000 0.000000 0.000000 0.000000 0.500000 0.000000 0.000000 0.000000 0.000001 0.000000 0.000000 0.000000 0.000000 0.000000 0.000000 0.000000
 0.000000 0.000000 0.000000 0.000000 0.361558 0.331878 0.306565 0.000000 0.000000 0.000000 0.000000 0.000000 0.000000 0.000000 0.000000 0.000000 0.000000 0.000000 0.000000 0.000000
 0.000000 0.000000 0.000000 0.345628 0.000000 0.000000 0.000000 0.000000 0.000000 0.360661 0.293710 0.000000 0.000001 0.000000 0.000000 0.000000 0.000000 0.000000 0.000000 0.000000
 0.499951 0.000000 0.000000 0.000000 0.000000 0.000000 0.000000 0.000000 0.000000 0.000031 0.500018 0.000000 0.000000 0.000000 0.000000 0.000000 0.000000 0.000000 0.000000 0.000000
the mean of prob-rank is 1.736842105263158
the number of false negetive edges is 0
the number of probability greater than 0 is 3.8/edge
