20
 0.000000 0.000000 0.000000 0.000000 0.000000 0.000000 0.000000 0.499999 0.000000 0.000000 0.000000 0.000000 0.000000 0.000000 0.000000 0.500001 0.000000 0.000000 0.000000 0.000000
 0.000000 0.000000 0.008168 0.000000 0.000000 0.000000 0.000000 0.000000 0.213696 0.387880 0.000000 0.000000 0.000000 0.000000 0.000000 0.000000 0.000000 0.390257 0.000000 0.000000
 0.000000 0.007116 0.000000 0.000001 0.339977 0.000000 0.007439 0.000000 0.000058 0.330597 0.000167 0.000000 0.000000 0.078923 0.000000 0.000000 0.000000 0.235723 0.000000 0.000000
 0.000000 0.000000 0.000001 0.000000 0.000000 0.000000 0.499995 0.000000 0.000000 0.000000 0.000000 0.000000 0.000000 0.000000 0.000000 0.000000 0.000000 0.000000 0.000000 0.500004
 0.000000 0.000000 0.384766 0.000000 0.000000 0.000000 0.000000 0.000000 0.000000 0.230592 0.000000 0.000000 0.000000 0.384642 0.000000 0.000000 0.000000 0.000000 0.000000 0.000000
 0.000000 0.000000 0.000000 0.000000 0.000000 0.000000 0.000000 0.000000 0.000000 0.000000 0.000001 0.499999 0.000000 0.000000 0.000000 0.000000 0.000000 0.000000 0.500000 0.000000
 0.000000 0.000000 0.010820 0.494506 0.000000 0.000000 0.000000 0.000000 0.000000 0.000000 0.000001 0.000000 0.000000 0.000000 0.000000 0.000000 0.494503 0.000000 0.000000 0.000171
 0.499999 0.000000 0.000000 0.000000 0.000000 0.000000 0.000000 0.000000 0.500001 0.000000 0.000000 0.000000 0.000000 0.000000 0.000000 0.000000 0.000000 0.000000 0.000000 0.000000
 0.000000 0.219217 0.000068 0.000000 0.000000 0.000000 0.000000 0.400341 0.000000 0.000000 0.000000 0.000000 0.000000 0.000000 0.000000 0.000000 0.000000 0.380374 0.000000 0.000000
 0.000000 0.352695 0.345065 0.000000 0.212667 0.000000 0.000000 0.000000 0.000000 0.000000 0.000000 0.000000 0.006359 0.008811 0.000000 0.000000 0.000000 0.074403 0.000000 0.000000
 0.000000 0.000000 0.000246 0.000000 0.000000 0.000001 0.000001 0.000000 0.000000 0.000000 0.000000 0.000000 0.499821 0.000000 0.000000 0.000000 0.499932 0.000000 0.000000 0.000000
 0.000000 0.000000 0.000000 0.000000 0.000000 0.499941 0.000000 0.000000 0.000000 0.000000 0.000000 0.000000 0.000000 0.000000 0.499942 0.000000 0.000000 0.000000 0.000117 0.000000
 0.000000 0.000000 0.000000 0.000000 0.000000 0.000000 0.000000 0.000000 0.000000 0.008881 0.495505 0.000000 0.000000 0.495614 0.000000 0.000000 0.000000 0.000000 0.000000 0.000000
 0.000000 0.000000 0.102870 0.000000 0.442992 0.000000 0.000000 0.000000 0.000000 0.011003 0.000000 0.000000 0.443135 0.000000 0.000000 0.000000 0.000000 0.000000 0.000000 0.000000
 0.000000 0.000000 0.000000 0.000000 0.000000 0.000000 0.000000 0.000000 0.000000 0.000000 0.000000 0.500000 0.000000 0.000000 0.000000 0.500000 0.000000 0.000000 0.000000 0.000000
 0.500000 0.000000 0.000000 0.000000 0.000000 0.000000 0.000000 0.000000 0.000000 0.000000 0.000000 0.000000 0.000000 0.000000 0.500000 0.000000 0.000000 0.000000 0.000000 0.000000
 0.000000 0.000000 0.000000 0.000000 0.000000 0.000000 0.499986 0.000000 0.000000 0.000000 0.499999 0.000000 0.000000 0.000000 0.000000 0.000000 0.000000 0.000000 0.000000 0.000015
 0.000000 0.350491 0.243012 0.000000 0.000000 0.000000 0.000000 0.000000 0.333010 0.073487 0.000000 0.000000 0.000000 0.000000 0.000000 0.000000 0.000000 0.000000 0.000000 0.000000
 0.000000 0.000000 0.000000 0.000000 0.000000 0.499949 0.000000 0.000000 0.000000 0.000000 0.000000 0.000117 0.000000 0.000000 0.000000 0.000000 0.000000 0.000000 0.000000 0.499934
 0.000000 0.000000 0.000000 0.499914 0.000000 0.000000 0.000172 0.000000 0.000000 0.000000 0.000000 0.000000 0.000000 0.000000 0.000000 0.000000 0.000015 0.000000 0.499899 0.000000
the mean of prob-rank is 1.4736842105263157
the number of false negetive edges is 0
the number of probability greater than 0 is 3.4/edge
