20
 0.000000 0.488160 0.488356 0.000000 0.000000 0.000000 0.000000 0.000000 0.000000 0.000000 0.000000 0.000000 0.000000 0.000000 0.000000 0.000000 0.000000 0.023484 0.000000 0.000000
 0.410970 0.000000 0.000000 0.000000 0.000000 0.000000 0.000000 0.011474 0.000000 0.000000 0.000000 0.000000 0.000000 0.000000 0.000000 0.137808 0.000000 0.410314 0.029202 0.000231
 0.500000 0.000000 0.000000 0.000000 0.000000 0.000000 0.000000 0.000000 0.000000 0.000000 0.000000 0.000000 0.000000 0.000000 0.000000 0.000000 0.500000 0.000000 0.000000 0.000000
 0.000000 0.000000 0.000000 0.000000 0.001542 0.000000 0.000000 0.000000 0.000000 0.000000 0.000000 0.024486 0.000000 0.487042 0.486930 0.000000 0.000000 0.000000 0.000000 0.000000
 0.000000 0.000000 0.000000 0.001581 0.000000 0.000000 0.000000 0.000000 0.000000 0.000000 0.000000 0.499209 0.000000 0.000000 0.499211 0.000000 0.000000 0.000000 0.000000 0.000000
 0.000000 0.000000 0.000000 0.000000 0.000000 0.000000 0.000000 0.000000 0.480680 0.037868 0.480885 0.000000 0.000000 0.000000 0.000000 0.000000 0.000000 0.000000 0.000000 0.000567
 0.000000 0.000000 0.000000 0.000000 0.000000 0.000000 0.000000 0.410969 0.000000 0.000000 0.000000 0.000000 0.000000 0.000000 0.183589 0.000000 0.000000 0.405442 0.000000 0.000000
 0.000000 0.011103 0.000000 0.000000 0.000000 0.000000 0.397839 0.000000 0.000000 0.000000 0.000000 0.000000 0.000001 0.000000 0.000001 0.066916 0.000000 0.127921 0.396219 0.000000
 0.000000 0.000000 0.000000 0.000000 0.000000 0.468454 0.000000 0.000000 0.000000 0.468655 0.000000 0.000000 0.000219 0.000000 0.000000 0.000000 0.000000 0.000000 0.000000 0.062672
 0.000000 0.000000 0.000000 0.000000 0.000000 0.037992 0.000000 0.000000 0.482470 0.000000 0.000000 0.000000 0.000000 0.479538 0.000000 0.000000 0.000000 0.000000 0.000000 0.000000
 0.000000 0.000000 0.000000 0.000000 0.000000 0.499956 0.000000 0.000000 0.000000 0.000000 0.000000 0.000000 0.000000 0.000000 0.000000 0.000000 0.499959 0.000000 0.000000 0.000084
 0.000000 0.000000 0.000000 0.022541 0.448349 0.000000 0.000000 0.000000 0.000000 0.000000 0.000000 0.000000 0.448345 0.080765 0.000000 0.000000 0.000000 0.000000 0.000000 0.000000
 0.000000 0.000000 0.000000 0.000000 0.000000 0.000000 0.000000 0.000001 0.000224 0.000000 0.000000 0.478983 0.000000 0.028318 0.000000 0.004650 0.000000 0.000000 0.008998 0.478826
 0.000000 0.000000 0.000000 0.447792 0.000000 0.000000 0.000000 0.000000 0.000000 0.445070 0.000000 0.080664 0.026474 0.000000 0.000000 0.000000 0.000000 0.000000 0.000000 0.000000
 0.000000 0.000000 0.000000 0.408654 0.408749 0.000000 0.182596 0.000001 0.000000 0.000000 0.000000 0.000000 0.000000 0.000000 0.000000 0.000000 0.000000 0.000000 0.000000 0.000000
 0.000000 0.133290 0.000000 0.000000 0.000000 0.000000 0.000000 0.066885 0.000000 0.000000 0.000000 0.000000 0.003860 0.000000 0.000000 0.000000 0.000000 0.003915 0.397654 0.394396
 0.000000 0.000000 0.500000 0.000000 0.000000 0.000000 0.000000 0.000000 0.000000 0.000000 0.500000 0.000000 0.000000 0.000000 0.000000 0.000000 0.000000 0.000000 0.000000 0.000000
 0.019797 0.410860 0.000000 0.000000 0.000000 0.000000 0.406145 0.132372 0.000000 0.000000 0.000000 0.000000 0.000000 0.000000 0.000000 0.004053 0.000000 0.000000 0.026773 0.000000
 0.000000 0.025448 0.000000 0.000000 0.000000 0.000000 0.000000 0.356820 0.000000 0.000000 0.000000 0.000000 0.006730 0.000000 0.000000 0.358280 0.000000 0.023301 0.000000 0.229421
 0.000000 0.000203 0.000000 0.000000 0.000000 0.000426 0.000000 0.000000 0.048321 0.000000 0.000061 0.000000 0.361222 0.000000 0.000000 0.358384 0.000000 0.000000 0.231383 0.000000
the mean of prob-rank is 1.5789473684210527
the number of false negetive edges is 0
the number of probability greater than 0 is 4.3/edge
