20
 0.000000 0.000000 0.000000 0.000000 0.000000 0.000000 0.314919 0.000001 0.360679 0.000000 0.000000 0.000000 0.324381 0.000000 0.000000 0.000000 0.000000 0.000000 0.000020 0.000000
 0.000000 0.000000 0.000000 0.000000 0.000000 0.000000 0.000000 0.000000 0.000000 0.000000 0.000000 0.000000 0.000000 0.000000 0.000000 0.500001 0.000000 0.499999 0.000000 0.000000
 0.000000 0.000000 0.000000 0.000000 0.000000 0.000000 0.000000 0.000000 0.000000 0.000000 0.000000 0.000000 0.000000 0.000000 0.000000 0.000000 0.500000 0.500000 0.000000 0.000000
 0.000000 0.000000 0.000000 0.000000 0.000000 0.000000 0.476652 0.000000 0.000000 0.000000 0.000000 0.000000 0.000000 0.046027 0.477321 0.000000 0.000000 0.000000 0.000000 0.000000
 0.000000 0.000000 0.000000 0.000000 0.000000 0.000000 0.320234 0.000000 0.000000 0.000000 0.358495 0.000000 0.000000 0.059982 0.000000 0.000000 0.000000 0.000000 0.000000 0.261288
 0.000000 0.000000 0.000000 0.000000 0.000000 0.000000 0.000000 0.000000 0.000000 0.000000 0.500000 0.000000 0.000000 0.000000 0.000000 0.000000 0.500000 0.000000 0.000000 0.000000
 0.315726 0.000000 0.000000 0.361097 0.323011 0.000000 0.000000 0.000000 0.000000 0.000000 0.000000 0.000000 0.000000 0.000000 0.000166 0.000000 0.000000 0.000000 0.000000 0.000000
 0.000001 0.000000 0.000000 0.000000 0.000000 0.000000 0.000000 0.000000 0.463639 0.029853 0.000000 0.000000 0.044525 0.000000 0.000000 0.000000 0.000000 0.000000 0.002786 0.459196
 0.500008 0.000000 0.000000 0.000000 0.000000 0.000000 0.000000 0.499992 0.000000 0.000000 0.000000 0.000000 0.000000 0.000000 0.000000 0.000000 0.000000 0.000000 0.000000 0.000000
 0.000000 0.000000 0.000000 0.000000 0.000000 0.000000 0.000000 0.023084 0.000000 0.000000 0.000000 0.354810 0.020856 0.000000 0.000000 0.356194 0.000000 0.000000 0.245056 0.000000
 0.000000 0.000000 0.000000 0.000000 0.500000 0.500000 0.000000 0.000000 0.000000 0.000000 0.000000 0.000000 0.000000 0.000000 0.000000 0.000000 0.000000 0.000000 0.000000 0.000000
 0.000000 0.000000 0.000000 0.000000 0.000000 0.000000 0.000000 0.000000 0.000000 0.327717 0.000000 0.000000 0.273104 0.000000 0.000000 0.069954 0.000000 0.000000 0.329225 0.000000
 0.312302 0.000000 0.000000 0.000000 0.000000 0.000000 0.000000 0.033347 0.000000 0.020200 0.000000 0.286384 0.000000 0.000000 0.000000 0.000542 0.000000 0.000000 0.347226 0.000000
 0.000000 0.000000 0.000000 0.042598 0.073914 0.000000 0.000000 0.000000 0.000000 0.000000 0.000000 0.000000 0.000000 0.000000 0.441751 0.000000 0.000000 0.000000 0.000000 0.441736
 0.000000 0.000000 0.000000 0.499890 0.000000 0.000000 0.000230 0.000000 0.000000 0.000000 0.000000 0.000000 0.000000 0.499880 0.000000 0.000000 0.000000 0.000000 0.000000 0.000000
 0.000000 0.453217 0.000000 0.000000 0.000000 0.000000 0.000000 0.000000 0.000000 0.450275 0.000000 0.095742 0.000707 0.000000 0.000000 0.000000 0.000000 0.000000 0.000058 0.000000
 0.000000 0.000000 0.500000 0.000000 0.000000 0.500000 0.000000 0.000000 0.000000 0.000000 0.000000 0.000000 0.000000 0.000000 0.000000 0.000000 0.000000 0.000000 0.000000 0.000000
 0.000000 0.499999 0.500001 0.000000 0.000000 0.000000 0.000000 0.000000 0.000000 0.000000 0.000000 0.000000 0.000000 0.000000 0.000000 0.000000 0.000000 0.000000 0.000000 0.000000
 0.000021 0.000000 0.000000 0.000000 0.000000 0.000000 0.000000 0.002239 0.000000 0.254678 0.000000 0.370438 0.372576 0.000000 0.000000 0.000048 0.000000 0.000000 0.000000 0.000000
 0.000000 0.000000 0.000000 0.000000 0.268040 0.000000 0.000000 0.364223 0.000000 0.000000 0.000000 0.000000 0.000000 0.367738 0.000000 0.000000 0.000000 0.000000 0.000000 0.000000
the mean of prob-rank is 1.7894736842105263
the number of false negetive edges is 0
the number of probability greater than 0 is 3.5/edge
