20
 0.000000 0.000000 0.000000 0.000000 0.500000 0.000000 0.000000 0.000000 0.500000 0.000000 0.000000 0.000000 0.000000 0.000000 0.000000 0.000000 0.000000 0.000000 0.000000 0.000000
 0.000000 0.000000 0.000000 0.000225 0.000000 0.000000 0.000053 0.000000 0.000000 0.104438 0.024418 0.438098 0.000039 0.000001 0.000000 0.000000 0.000000 0.432728 0.000000 0.000000
 0.000000 0.000000 0.000000 0.000000 0.000000 0.000000 0.000000 0.500000 0.000000 0.000000 0.000000 0.000000 0.000000 0.000000 0.000000 0.000000 0.500000 0.000000 0.000000 0.000000
 0.000000 0.000195 0.000000 0.000000 0.000000 0.000000 0.246705 0.000000 0.000000 0.000000 0.000000 0.000001 0.000000 0.379729 0.000000 0.000000 0.000000 0.373370 0.000000 0.000000
 0.500000 0.000000 0.000000 0.000000 0.000000 0.000000 0.000000 0.000000 0.000000 0.000000 0.000000 0.000000 0.000000 0.000000 0.000000 0.000000 0.000000 0.000000 0.500000 0.000000
 0.000000 0.000000 0.000000 0.000000 0.000000 0.000000 0.000000 0.500000 0.500000 0.000000 0.000000 0.000000 0.000000 0.000000 0.000000 0.000000 0.000000 0.000000 0.000000 0.000000
 0.000000 0.000037 0.000000 0.199153 0.000000 0.000000 0.000000 0.000000 0.000000 0.043917 0.288884 0.000000 0.000000 0.306600 0.161406 0.000000 0.000000 0.000003 0.000000 0.000000
 0.000000 0.000000 0.500000 0.000000 0.000000 0.500000 0.000000 0.000000 0.000000 0.000000 0.000000 0.000000 0.000000 0.000000 0.000000 0.000000 0.000000 0.000000 0.000000 0.000000
 0.500000 0.000000 0.000000 0.000000 0.000000 0.500000 0.000000 0.000000 0.000000 0.000000 0.000000 0.000000 0.000000 0.000000 0.000000 0.000000 0.000000 0.000000 0.000000 0.000000
 0.000000 0.094580 0.000000 0.000000 0.000000 0.000000 0.056835 0.000000 0.000000 0.000000 0.396760 0.000014 0.000000 0.062692 0.389118 0.000000 0.000000 0.000002 0.000000 0.000000
 0.000000 0.019933 0.000000 0.000000 0.000000 0.000000 0.337007 0.000000 0.000000 0.357651 0.000000 0.004329 0.272027 0.009047 0.000005 0.000000 0.000000 0.000000 0.000000 0.000000
 0.000000 0.404753 0.000000 0.000001 0.000000 0.000000 0.000000 0.000000 0.000000 0.000014 0.004900 0.000000 0.195812 0.000000 0.000000 0.000000 0.000000 0.394521 0.000000 0.000000
 0.000000 0.000040 0.000000 0.000000 0.000000 0.000000 0.000000 0.000000 0.000000 0.000000 0.338927 0.215568 0.000000 0.000000 0.000000 0.000000 0.000000 0.000000 0.000000 0.445465
 0.000000 0.000001 0.000000 0.457958 0.000000 0.000000 0.458052 0.000000 0.000000 0.072372 0.011586 0.000000 0.000000 0.000000 0.000000 0.000000 0.000000 0.000032 0.000000 0.000000
 0.000000 0.000000 0.000000 0.000000 0.000000 0.000000 0.209977 0.000000 0.000000 0.391155 0.000006 0.000000 0.000000 0.000000 0.000000 0.000000 0.000000 0.000000 0.398863 0.000000
 0.000000 0.000000 0.000000 0.000000 0.000000 0.000000 0.000000 0.000000 0.000000 0.000000 0.000000 0.000000 0.000000 0.000000 0.000000 0.000000 0.500000 0.000000 0.000000 0.500000
 0.000000 0.000000 0.500000 0.000000 0.000000 0.000000 0.000000 0.000000 0.000000 0.000000 0.000000 0.000000 0.000000 0.000000 0.000000 0.500000 0.000000 0.000000 0.000000 0.000000
 0.000000 0.335299 0.000000 0.333742 0.000000 0.000000 0.000003 0.000000 0.000000 0.000001 0.000000 0.330879 0.000000 0.000023 0.000000 0.000000 0.000000 0.000000 0.000000 0.000052
 0.000000 0.000000 0.000000 0.000000 0.500000 0.000000 0.000000 0.000000 0.000000 0.000000 0.000000 0.000000 0.000000 0.000000 0.500000 0.000000 0.000000 0.000000 0.000000 0.000000
 0.000000 0.000000 0.000000 0.000000 0.000000 0.000000 0.000000 0.000000 0.000000 0.000000 0.000000 0.000000 0.499866 0.000000 0.000000 0.500057 0.000000 0.000077 0.000000 0.000000
the mean of prob-rank is 1.631578947368421
the number of false negetive edges is 0
the number of probability greater than 0 is 3.9/edge
