20
 0.000000 0.000000 0.000000 0.000000 0.000000 0.500004 0.000000 0.000000 0.000000 0.499996 0.000000 0.000000 0.000000 0.000000 0.000000 0.000000 0.000000 0.000000 0.000000 0.000000
 0.000000 0.000000 0.475239 0.000000 0.475922 0.000000 0.000000 0.000000 0.000000 0.000000 0.000000 0.000001 0.000000 0.048839 0.000000 0.000000 0.000000 0.000000 0.000000 0.000000
 0.000000 0.471304 0.000000 0.000000 0.054564 0.000000 0.000000 0.000000 0.000000 0.000000 0.000000 0.474132 0.000000 0.000000 0.000000 0.000000 0.000000 0.000000 0.000000 0.000000
 0.000000 0.000000 0.000000 0.000000 0.000000 0.000000 0.000000 0.000000 0.000000 0.000000 0.000000 0.000000 0.499999 0.000000 0.000000 0.000000 0.500001 0.000000 0.000000 0.000000
 0.000000 0.447735 0.051761 0.000000 0.000000 0.000026 0.000000 0.040034 0.000000 0.000000 0.000000 0.012381 0.000000 0.448059 0.000000 0.000000 0.000000 0.000004 0.000000 0.000000
 0.499979 0.000000 0.000000 0.000000 0.000029 0.000000 0.000000 0.499990 0.000000 0.000001 0.000000 0.000000 0.000000 0.000000 0.000000 0.000000 0.000000 0.000000 0.000000 0.000000
 0.000000 0.000000 0.000000 0.000000 0.000000 0.000000 0.000000 0.000000 0.000000 0.000000 0.000000 0.000000 0.000000 0.000000 0.500000 0.000000 0.000000 0.000000 0.000000 0.500000
 0.000000 0.000000 0.000000 0.000000 0.042458 0.478248 0.000000 0.000000 0.000000 0.000000 0.001044 0.000000 0.000000 0.000000 0.000000 0.000000 0.000000 0.478250 0.000000 0.000000
 0.000000 0.000000 0.000000 0.000000 0.000000 0.000000 0.000000 0.000000 0.000000 0.000000 0.000000 0.000000 0.000000 0.000000 0.500000 0.000000 0.000000 0.000000 0.500000 0.000000
 0.499988 0.000000 0.000000 0.000000 0.000000 0.000001 0.000000 0.000000 0.000000 0.000000 0.000000 0.000000 0.000000 0.500010 0.000000 0.000000 0.000000 0.000000 0.000000 0.000000
 0.000000 0.000000 0.000000 0.000000 0.000000 0.000000 0.000000 0.001091 0.000000 0.000000 0.000000 0.000000 0.000000 0.000000 0.000000 0.499443 0.499467 0.000000 0.000000 0.000000
 0.000000 0.000001 0.492582 0.000000 0.013559 0.000000 0.000000 0.000000 0.000000 0.000000 0.000000 0.000000 0.000000 0.000000 0.000000 0.000000 0.000000 0.000002 0.493856 0.000000
 0.000000 0.000000 0.000000 0.499999 0.000000 0.000000 0.000000 0.000000 0.000000 0.000000 0.000000 0.000000 0.000000 0.000000 0.000000 0.000000 0.000000 0.000000 0.000000 0.500001
 0.000000 0.048623 0.000000 0.000000 0.474165 0.000000 0.000000 0.000000 0.000000 0.477212 0.000000 0.000000 0.000000 0.000000 0.000000 0.000000 0.000000 0.000000 0.000000 0.000000
 0.000000 0.000000 0.000000 0.000000 0.000000 0.000000 0.500000 0.000000 0.500000 0.000000 0.000000 0.000000 0.000000 0.000000 0.000000 0.000000 0.000000 0.000000 0.000000 0.000000
 0.000000 0.000000 0.000000 0.000000 0.000000 0.000000 0.000000 0.000000 0.000000 0.000000 0.499988 0.000000 0.000000 0.000000 0.000000 0.000000 0.000000 0.500012 0.000000 0.000000
 0.000000 0.000000 0.000000 0.500000 0.000000 0.000000 0.000000 0.000000 0.000000 0.000000 0.500000 0.000000 0.000000 0.000000 0.000000 0.000000 0.000000 0.000000 0.000000 0.000000
 0.000000 0.000000 0.000000 0.000000 0.000005 0.000000 0.000000 0.499996 0.000000 0.000000 0.000000 0.000002 0.000000 0.000000 0.000000 0.499998 0.000000 0.000000 0.000000 0.000000
 0.000000 0.000000 0.000000 0.000000 0.000000 0.000000 0.000000 0.000000 0.500000 0.000000 0.000000 0.500000 0.000000 0.000000 0.000000 0.000000 0.000000 0.000000 0.000000 0.000000
 0.000000 0.000000 0.000000 0.000000 0.000000 0.000000 0.500000 0.000000 0.000000 0.000000 0.000000 0.000000 0.500000 0.000000 0.000000 0.000000 0.000000 0.000000 0.000000 0.000000
the mean of prob-rank is 1.4736842105263157
the number of false negetive edges is 0
the number of probability greater than 0 is 2.9/edge
