20
 0.000000 0.000000 0.000000 0.000000 0.000000 0.000000 0.000000 0.000000 0.000000 0.000000 0.000000 0.000000 0.000000 0.500004 0.000000 0.000000 0.000000 0.000000 0.000000 0.499996
 0.000000 0.000000 0.332769 0.000000 0.283709 0.000000 0.000000 0.000000 0.000000 0.000081 0.183614 0.000000 0.000000 0.000000 0.000046 0.199781 0.000000 0.000000 0.000000 0.000000
 0.000000 0.307744 0.000000 0.000000 0.000000 0.000000 0.000000 0.000000 0.000000 0.235957 0.000000 0.167915 0.000000 0.000000 0.000000 0.284018 0.004366 0.000000 0.000000 0.000000
 0.000000 0.000000 0.000000 0.000000 0.000000 0.000000 0.000000 0.000000 0.000000 0.000000 0.000000 0.310554 0.356228 0.333218 0.000000 0.000000 0.000000 0.000000 0.000000 0.000000
 0.000000 0.306597 0.000000 0.000000 0.000000 0.000000 0.000000 0.000000 0.000000 0.000000 0.333749 0.000000 0.000000 0.000000 0.359642 0.000000 0.000000 0.000000 0.000011 0.000000
 0.000000 0.000000 0.000000 0.000000 0.000000 0.000000 0.423079 0.000000 0.000000 0.000000 0.000000 0.000001 0.000000 0.000000 0.145697 0.000000 0.000000 0.425273 0.000003 0.005948
 0.000000 0.000000 0.000000 0.000000 0.000000 0.320666 0.000000 0.319058 0.000000 0.073220 0.000014 0.017281 0.000000 0.003512 0.085983 0.000000 0.004172 0.000003 0.176089 0.000002
 0.000000 0.000000 0.000000 0.000000 0.000000 0.000000 0.334472 0.000000 0.000000 0.288281 0.000005 0.035309 0.000000 0.000000 0.000000 0.000000 0.005571 0.000000 0.336362 0.000000
 0.000000 0.000000 0.000000 0.000000 0.000000 0.000000 0.000000 0.000000 0.000000 0.000000 0.000000 0.000000 0.500001 0.000000 0.000000 0.499999 0.000000 0.000000 0.000000 0.000000
 0.000000 0.000062 0.194050 0.000000 0.000000 0.000000 0.057493 0.215927 0.000000 0.000000 0.004417 0.138994 0.000000 0.134248 0.000000 0.000000 0.253067 0.000000 0.001741 0.000000
 0.000000 0.161552 0.000000 0.000000 0.271725 0.000000 0.000012 0.000004 0.000000 0.005110 0.000000 0.000000 0.000000 0.000000 0.276151 0.000000 0.000000 0.000000 0.285446 0.000000
 0.000000 0.000000 0.173391 0.277056 0.000000 0.000000 0.017038 0.033207 0.000000 0.174523 0.000000 0.000000 0.000000 0.005253 0.000000 0.001915 0.317613 0.000000 0.000005 0.000000
 0.000000 0.000000 0.000000 0.499999 0.000000 0.000000 0.000000 0.000000 0.500001 0.000000 0.000000 0.000000 0.000000 0.000000 0.000000 0.000000 0.000000 0.000000 0.000000 0.000000
 0.378093 0.000000 0.000000 0.353670 0.000000 0.000000 0.004119 0.000000 0.000000 0.200542 0.000000 0.006250 0.000000 0.000000 0.000000 0.000000 0.021605 0.035722 0.000000 0.000000
 0.000000 0.000036 0.000000 0.000000 0.262749 0.090013 0.070087 0.000000 0.000000 0.000000 0.247804 0.000000 0.000000 0.000000 0.000000 0.000000 0.000000 0.000000 0.180635 0.148677
 0.000000 0.237356 0.364876 0.000000 0.000000 0.000000 0.000000 0.000000 0.395386 0.000000 0.000000 0.002382 0.000000 0.000000 0.000000 0.000000 0.000000 0.000000 0.000000 0.000000
 0.000000 0.000000 0.006756 0.000000 0.000000 0.000000 0.006163 0.007851 0.000000 0.476117 0.000000 0.475903 0.000000 0.027210 0.000000 0.000000 0.000000 0.000000 0.000000 0.000000
 0.000000 0.000000 0.000000 0.000000 0.000000 0.477468 0.000004 0.000000 0.000000 0.000000 0.000000 0.000000 0.000000 0.045114 0.000000 0.000000 0.000000 0.000000 0.000000 0.477414
 0.000000 0.000000 0.000000 0.000000 0.000010 0.000002 0.170129 0.310001 0.000000 0.002143 0.303606 0.000005 0.000000 0.000000 0.214104 0.000000 0.000000 0.000000 0.000000 0.000000
 0.387641 0.000000 0.000000 0.000000 0.000000 0.005421 0.000002 0.000000 0.000000 0.000000 0.000000 0.000000 0.000000 0.000000 0.219350 0.000000 0.000000 0.387585 0.000000 0.000000
the mean of prob-rank is 1.8421052631578947
the number of false negetive edges is 0
the number of probability greater than 0 is 5.6/edge
