20
 0.000000 0.500000 0.000000 0.000000 0.000000 0.000000 0.000000 0.000000 0.000000 0.000000 0.000000 0.000000 0.000000 0.000000 0.000000 0.500000 0.000000 0.000000 0.000000 0.000000
 0.500002 0.000000 0.000000 0.000000 0.000000 0.000000 0.000000 0.000000 0.000000 0.000000 0.000000 0.000000 0.000000 0.000000 0.000000 0.000000 0.499998 0.000000 0.000000 0.000000
 0.000000 0.000000 0.000000 0.000000 0.375720 0.264266 0.000000 0.000001 0.000000 0.000000 0.360013 0.000000 0.000000 0.000000 0.000000 0.000000 0.000000 0.000000 0.000000 0.000000
 0.000000 0.000000 0.000000 0.000000 0.000000 0.000000 0.000000 0.000000 0.000000 0.000000 0.000000 0.499996 0.500004 0.000000 0.000000 0.000000 0.000000 0.000000 0.000000 0.000000
 0.000000 0.000000 0.379514 0.000000 0.000000 0.336695 0.000000 0.000000 0.000000 0.275202 0.008589 0.000000 0.000000 0.000000 0.000000 0.000000 0.000000 0.000000 0.000000 0.000000
 0.000000 0.000000 0.211016 0.000000 0.266162 0.000000 0.000000 0.241485 0.000000 0.261393 0.019944 0.000000 0.000000 0.000000 0.000000 0.000000 0.000000 0.000000 0.000000 0.000000
 0.000000 0.000000 0.000000 0.000000 0.000000 0.000000 0.000000 0.000000 0.000000 0.000000 0.000000 0.000000 0.000000 0.500000 0.500000 0.000000 0.000000 0.000000 0.000000 0.000000
 0.000000 0.000000 0.000001 0.000000 0.000000 0.280529 0.000000 0.000000 0.316694 0.348546 0.042996 0.000000 0.000000 0.000000 0.000000 0.000000 0.000000 0.000005 0.011228 0.000000
 0.000000 0.000000 0.000000 0.000000 0.000000 0.000000 0.000000 0.312428 0.000000 0.000001 0.327532 0.000000 0.009389 0.000000 0.000000 0.000000 0.000000 0.001114 0.005712 0.343824
 0.000000 0.000000 0.000000 0.000000 0.217944 0.261866 0.000000 0.300578 0.000000 0.000000 0.000000 0.000000 0.000000 0.000000 0.000000 0.000000 0.219612 0.000000 0.000000 0.000000
 0.000000 0.000000 0.318245 0.000000 0.007517 0.022079 0.000000 0.040974 0.316392 0.000000 0.000000 0.000000 0.294535 0.000000 0.000000 0.000000 0.000000 0.000000 0.000256 0.000002
 0.000000 0.000000 0.000000 0.499996 0.000000 0.000000 0.000000 0.000000 0.000000 0.000000 0.000000 0.000000 0.000000 0.000000 0.500004 0.000000 0.000000 0.000000 0.000000 0.000000
 0.000000 0.000000 0.000000 0.352822 0.000000 0.000000 0.000000 0.000000 0.009634 0.000000 0.312854 0.000000 0.000000 0.000000 0.000000 0.000000 0.000000 0.317198 0.000515 0.006977
 0.000000 0.000000 0.000000 0.000000 0.000000 0.000000 0.500000 0.000000 0.000000 0.000000 0.000000 0.000000 0.000000 0.000000 0.000000 0.500000 0.000000 0.000000 0.000000 0.000000
 0.000000 0.000000 0.000000 0.000000 0.000000 0.000000 0.500000 0.000000 0.000000 0.000000 0.000000 0.500000 0.000000 0.000000 0.000000 0.000000 0.000000 0.000000 0.000000 0.000000
 0.500000 0.000000 0.000000 0.000000 0.000000 0.000000 0.000000 0.000000 0.000000 0.000000 0.000000 0.000000 0.000000 0.500000 0.000000 0.000000 0.000000 0.000000 0.000000 0.000000
 0.000000 0.295543 0.000000 0.000000 0.000000 0.000000 0.000000 0.000000 0.000000 0.215931 0.000000 0.000000 0.000000 0.000000 0.000000 0.000000 0.000000 0.210490 0.278035 0.000000
 0.000000 0.000000 0.000000 0.000000 0.000000 0.000000 0.000000 0.000004 0.000937 0.000000 0.000000 0.000000 0.260125 0.000000 0.000000 0.000000 0.206070 0.000000 0.289339 0.243524
 0.000000 0.000000 0.000000 0.000000 0.000000 0.000000 0.000000 0.010932 0.005637 0.000000 0.000261 0.000000 0.000495 0.000000 0.000000 0.000000 0.319246 0.339352 0.000000 0.324077
 0.000000 0.000000 0.000000 0.000000 0.000000 0.000000 0.000000 0.000000 0.355037 0.000000 0.000003 0.000000 0.007022 0.000000 0.000000 0.000000 0.000000 0.298849 0.339089 0.000000
the mean of prob-rank is 1.5789473684210527
the number of false negetive edges is 0
the number of probability greater than 0 is 4.0/edge
