20
 0.000000 0.000000 0.000000 0.000000 0.000000 0.000000 0.498162 0.000000 0.000000 0.498154 0.003684 0.000000 0.000000 0.000000 0.000000 0.000000 0.000000 0.000000 0.000000 0.000000
 0.000000 0.000000 0.000000 0.000000 0.000000 0.000000 0.000000 0.000000 0.000000 0.000000 0.000000 0.000000 0.000000 0.000000 0.000000 0.000000 0.000000 0.000000 0.500000 0.500000
 0.000000 0.000000 0.000000 0.000000 0.000000 0.000504 0.000000 0.349768 0.023527 0.000000 0.000000 0.023015 0.055067 0.163077 0.029105 0.000000 0.000016 0.355919 0.000000 0.000000
 0.000000 0.000000 0.000000 0.000000 0.000000 0.079675 0.000000 0.000000 0.000000 0.000000 0.000000 0.000000 0.457435 0.000965 0.000000 0.000000 0.000000 0.000000 0.000000 0.461925
 0.000000 0.000000 0.000000 0.000000 0.000000 0.000000 0.000000 0.000000 0.000000 0.000000 0.492923 0.000000 0.000000 0.000000 0.000000 0.000000 0.014142 0.000000 0.492935 0.000000
 0.000000 0.000000 0.000564 0.068850 0.000000 0.000000 0.000000 0.146874 0.000000 0.000000 0.000000 0.000000 0.000442 0.385570 0.000000 0.000000 0.397699 0.000000 0.000000 0.000000
 0.499876 0.000000 0.000000 0.000000 0.000000 0.000000 0.000000 0.000000 0.000000 0.000259 0.000000 0.000000 0.000000 0.000000 0.000000 0.000000 0.000000 0.499865 0.000000 0.000000
 0.000000 0.000000 0.418368 0.000000 0.000000 0.157082 0.000000 0.000000 0.000001 0.000000 0.000000 0.000002 0.000000 0.424330 0.000000 0.000000 0.000217 0.000000 0.000000 0.000000
 0.000000 0.000000 0.031745 0.000000 0.000000 0.000000 0.000000 0.000001 0.000000 0.000000 0.000000 0.475186 0.000000 0.011259 0.000225 0.481584 0.000000 0.000000 0.000000 0.000000
 0.499867 0.000000 0.000000 0.000000 0.000000 0.000000 0.000259 0.000000 0.000000 0.000000 0.000000 0.499875 0.000000 0.000000 0.000000 0.000000 0.000000 0.000000 0.000000 0.000000
 0.003680 0.000000 0.000000 0.000000 0.497645 0.000000 0.000000 0.000000 0.000000 0.000000 0.000000 0.000000 0.000000 0.000000 0.000000 0.000000 0.497657 0.001018 0.000000 0.000000
 0.000000 0.000000 0.031437 0.000000 0.000000 0.000000 0.000000 0.000002 0.481042 0.487519 0.000000 0.000000 0.000000 0.000000 0.000000 0.000000 0.000000 0.000000 0.000000 0.000000
 0.000000 0.000000 0.063383 0.406808 0.000000 0.000455 0.000000 0.000000 0.000000 0.000000 0.000000 0.000000 0.000000 0.095161 0.410762 0.023431 0.000000 0.000000 0.000000 0.000000
 0.000000 0.000000 0.170540 0.000780 0.000000 0.360528 0.000000 0.370987 0.008726 0.000000 0.000000 0.000000 0.086460 0.000000 0.001977 0.000000 0.000000 0.000000 0.000000 0.000000
 0.000000 0.000000 0.039083 0.000000 0.000000 0.000000 0.000000 0.000000 0.000224 0.000000 0.000000 0.000000 0.479212 0.002539 0.000000 0.478942 0.000000 0.000000 0.000000 0.000000
 0.000000 0.000000 0.000000 0.000000 0.000000 0.000000 0.000000 0.000000 0.486296 0.000000 0.000000 0.000000 0.027736 0.000000 0.485968 0.000000 0.000000 0.000000 0.000000 0.000000
 0.000000 0.000000 0.000022 0.000000 0.013542 0.470282 0.000000 0.000240 0.000000 0.000000 0.472023 0.000000 0.000000 0.000001 0.000000 0.000000 0.000000 0.043890 0.000002 0.000000
 0.000000 0.000000 0.476630 0.000000 0.000000 0.000000 0.477950 0.000000 0.000000 0.000000 0.000977 0.000000 0.000000 0.000000 0.000000 0.000000 0.044442 0.000000 0.000000 0.000000
 0.000000 0.499997 0.000000 0.000000 0.499997 0.000000 0.000000 0.000000 0.000000 0.000000 0.000000 0.000000 0.000000 0.000000 0.000000 0.000000 0.000002 0.000000 0.000000 0.000005
 0.000000 0.500001 0.000000 0.499994 0.000000 0.000000 0.000000 0.000000 0.000000 0.000000 0.000000 0.000000 0.000000 0.000000 0.000000 0.000000 0.000000 0.000000 0.000005 0.000000
the mean of prob-rank is 1.5263157894736843
the number of false negetive edges is 0
the number of probability greater than 0 is 4.5/edge
