20
 0.000000 0.000000 0.000000 0.000000 0.000000 0.000000 0.000000 0.000000 0.000000 0.000000 0.000000 0.000000 0.000000 0.000000 0.000000 0.000000 0.000000 0.000000 0.500000 0.500000
 0.000000 0.000000 0.000000 0.258124 0.000000 0.000000 0.000000 0.000459 0.000000 0.000000 0.370920 0.000000 0.000000 0.000000 0.370497 0.000000 0.000000 0.000000 0.000000 0.000000
 0.000000 0.000000 0.000000 0.000000 0.405548 0.000000 0.000000 0.000000 0.000000 0.408802 0.000000 0.000000 0.000000 0.000000 0.000000 0.000000 0.000000 0.185649 0.000000 0.000000
 0.000000 0.180767 0.000000 0.000000 0.000000 0.000000 0.000000 0.241742 0.000000 0.000000 0.000000 0.000000 0.000000 0.000000 0.186369 0.140079 0.000000 0.000000 0.251043 0.000000
 0.000000 0.000000 0.390552 0.000000 0.000000 0.393686 0.000000 0.000000 0.000000 0.215763 0.000000 0.000000 0.000000 0.000000 0.000000 0.000000 0.000000 0.000000 0.000000 0.000000
 0.000000 0.000000 0.000000 0.000000 0.500000 0.000000 0.000000 0.000000 0.500000 0.000000 0.000000 0.000000 0.000000 0.000000 0.000000 0.000000 0.000000 0.000000 0.000000 0.000000
 0.000000 0.000000 0.000000 0.000000 0.000000 0.000000 0.000000 0.000000 0.410999 0.000000 0.000000 0.180768 0.000000 0.000000 0.000000 0.000000 0.408233 0.000000 0.000000 0.000000
 0.000000 0.000468 0.000000 0.352149 0.000000 0.000000 0.000000 0.000000 0.000000 0.000000 0.378323 0.000000 0.000000 0.000000 0.000000 0.000000 0.000000 0.000000 0.269060 0.000000
 0.000000 0.000000 0.000000 0.000000 0.000000 0.500000 0.500000 0.000000 0.000000 0.000000 0.000000 0.000000 0.000000 0.000000 0.000000 0.000000 0.000000 0.000000 0.000000 0.000000
 0.000000 0.000000 0.393658 0.000000 0.215748 0.000000 0.000000 0.000000 0.000000 0.000000 0.000000 0.000000 0.000000 0.000000 0.000000 0.000000 0.000000 0.390594 0.000000 0.000000
 0.000000 0.500048 0.000000 0.000000 0.000000 0.000000 0.000000 0.499952 0.000000 0.000000 0.000000 0.000000 0.000000 0.000000 0.000000 0.000000 0.000000 0.000000 0.000000 0.000000
 0.000000 0.000000 0.000000 0.000000 0.000000 0.000000 0.180468 0.000000 0.000000 0.000000 0.000000 0.000000 0.409214 0.000000 0.000000 0.000000 0.410318 0.000000 0.000000 0.000000
 0.000000 0.000000 0.000000 0.000000 0.000000 0.000000 0.000000 0.000000 0.000000 0.000000 0.000000 0.419120 0.000000 0.420248 0.000000 0.000000 0.160632 0.000000 0.000000 0.000000
 0.000000 0.000000 0.000000 0.000000 0.000000 0.000000 0.000000 0.000000 0.000000 0.000000 0.000000 0.000000 0.499999 0.000000 0.000000 0.000000 0.000000 0.000000 0.000000 0.500001
 0.000000 0.367972 0.000000 0.264309 0.000000 0.000000 0.000000 0.000000 0.000000 0.000000 0.000000 0.000000 0.000000 0.000000 0.000000 0.367720 0.000000 0.000000 0.000000 0.000000
 0.000000 0.000000 0.000000 0.212523 0.000000 0.000000 0.000000 0.000000 0.000000 0.000000 0.000000 0.000000 0.000000 0.000000 0.393379 0.000000 0.000000 0.394098 0.000000 0.000000
 0.000000 0.000000 0.000000 0.000000 0.000000 0.000000 0.418132 0.000000 0.000000 0.000000 0.000000 0.420964 0.160904 0.000000 0.000000 0.000000 0.000000 0.000000 0.000000 0.000000
 0.000000 0.000000 0.185636 0.000000 0.000000 0.000000 0.000000 0.000000 0.000000 0.405591 0.000000 0.000000 0.000000 0.000000 0.000000 0.408773 0.000000 0.000000 0.000000 0.000000
 0.373483 0.000000 0.000000 0.360949 0.000000 0.000000 0.000000 0.265568 0.000000 0.000000 0.000000 0.000000 0.000000 0.000000 0.000000 0.000000 0.000000 0.000000 0.000000 0.000000
 0.500000 0.000000 0.000000 0.000000 0.000000 0.000000 0.000000 0.000000 0.000000 0.000000 0.000000 0.000000 0.000000 0.500000 0.000000 0.000000 0.000000 0.000000 0.000000 0.000000
the mean of prob-rank is 1.5263157894736843
the number of false negetive edges is 0
the number of probability greater than 0 is 2.9/edge
