20
 0.000000 0.000000 0.500019 0.000000 0.000000 0.000000 0.000000 0.000000 0.000000 0.000000 0.000000 0.000000 0.499981 0.000000 0.000000 0.000000 0.000000 0.000000 0.000000 0.000000
 0.000000 0.000000 0.000000 0.000000 0.000000 0.000000 0.007920 0.000000 0.363099 0.016240 0.000000 0.000000 0.000000 0.000000 0.000006 0.232423 0.000000 0.000000 0.000000 0.380312
 0.499996 0.000000 0.000000 0.000000 0.000000 0.000000 0.000000 0.499994 0.000000 0.000000 0.000000 0.000000 0.000010 0.000000 0.000000 0.000000 0.000000 0.000000 0.000000 0.000000
 0.000000 0.000000 0.000000 0.000000 0.479364 0.000000 0.000626 0.000000 0.000000 0.000000 0.000000 0.479317 0.000000 0.000000 0.000001 0.040692 0.000000 0.000000 0.000000 0.000000
 0.000000 0.000000 0.000000 0.465010 0.000000 0.000851 0.001119 0.000000 0.000000 0.000000 0.000000 0.067876 0.000000 0.000000 0.000000 0.000000 0.465143 0.000000 0.000000 0.000000
 0.000000 0.000000 0.000000 0.000000 0.000885 0.000000 0.482046 0.000000 0.018192 0.000000 0.000000 0.000000 0.000000 0.000000 0.000000 0.014978 0.483899 0.000000 0.000000 0.000000
 0.000000 0.009298 0.000000 0.000583 0.001074 0.444770 0.000000 0.000000 0.083280 0.000000 0.000000 0.000000 0.000000 0.000000 0.000000 0.441485 0.003593 0.000000 0.000000 0.015918
 0.000000 0.000000 0.499999 0.000000 0.000000 0.000000 0.000000 0.000000 0.000000 0.000000 0.000000 0.000000 0.000000 0.000000 0.000000 0.000000 0.000000 0.000000 0.500001 0.000000
 0.000000 0.313968 0.000000 0.000000 0.000000 0.012363 0.061340 0.000000 0.000000 0.000000 0.000000 0.000000 0.328388 0.000000 0.000000 0.103158 0.000000 0.000000 0.000000 0.180783
 0.000000 0.020909 0.000000 0.000000 0.000000 0.000000 0.000000 0.000000 0.000000 0.000000 0.489454 0.000000 0.000000 0.000000 0.000000 0.000000 0.000000 0.489637 0.000000 0.000000
 0.000000 0.000000 0.000000 0.000000 0.000000 0.000000 0.000000 0.000000 0.000000 0.449702 0.000000 0.100427 0.000000 0.000000 0.449871 0.000000 0.000000 0.000000 0.000000 0.000000
 0.000000 0.000000 0.000000 0.421558 0.061540 0.000000 0.000000 0.000000 0.000000 0.000000 0.094187 0.000000 0.000000 0.000000 0.421887 0.000829 0.000000 0.000000 0.000000 0.000000
 0.500329 0.000000 0.000010 0.000000 0.000000 0.000000 0.000000 0.000000 0.499661 0.000000 0.000000 0.000000 0.000000 0.000000 0.000000 0.000000 0.000000 0.000000 0.000000 0.000000
 0.000000 0.000000 0.000000 0.000000 0.000000 0.000000 0.000000 0.000000 0.000000 0.000000 0.000000 0.000000 0.000000 0.000000 0.000000 0.000000 0.000000 0.500014 0.499986 0.000000
 0.000000 0.000008 0.000000 0.000001 0.000000 0.000000 0.000000 0.000000 0.000000 0.000000 0.496461 0.496427 0.000000 0.000000 0.000000 0.007104 0.000000 0.000000 0.000000 0.000000
 0.000000 0.201603 0.000000 0.027982 0.000000 0.010211 0.326190 0.000000 0.103481 0.000000 0.000000 0.000648 0.000000 0.000000 0.004720 0.000000 0.000000 0.000000 0.000000 0.325166
 0.000000 0.000000 0.000000 0.000000 0.497880 0.498112 0.004009 0.000000 0.000000 0.000000 0.000000 0.000000 0.000000 0.000000 0.000000 0.000000 0.000000 0.000000 0.000000 0.000000
 0.000000 0.000000 0.000000 0.000000 0.000000 0.000000 0.000000 0.000000 0.000000 0.500000 0.000000 0.000000 0.000000 0.500000 0.000000 0.000000 0.000000 0.000000 0.000000 0.000000
 0.000000 0.000000 0.000000 0.000000 0.000000 0.000000 0.000000 0.500014 0.000000 0.000000 0.000000 0.000000 0.000000 0.499986 0.000000 0.000000 0.000000 0.000000 0.000000 0.000000
 0.000000 0.388939 0.000000 0.000000 0.000000 0.000000 0.013866 0.000000 0.213815 0.000000 0.000000 0.000000 0.000000 0.000000 0.000000 0.383380 0.000000 0.000000 0.000000 0.000000
the mean of prob-rank is 1.5789473684210527
the number of false negetive edges is 0
the number of probability greater than 0 is 4.0/edge
