20
 0.000000 0.000000 0.000000 0.000000 0.000000 0.000000 0.000000 0.000000 0.000000 0.000000 0.000000 0.000000 0.500000 0.000000 0.000000 0.500000 0.000000 0.000000 0.000000 0.000000
 0.000000 0.000000 0.000080 0.216343 0.000000 0.000000 0.000000 0.000000 0.383641 0.384052 0.000000 0.000000 0.000000 0.000000 0.000000 0.000000 0.015885 0.000000 0.000000 0.000000
 0.000000 0.000045 0.000000 0.204729 0.000000 0.000000 0.098352 0.000000 0.000000 0.163368 0.166958 0.000000 0.000000 0.000002 0.000000 0.000000 0.000000 0.003346 0.216947 0.146251
 0.000000 0.190322 0.316870 0.000000 0.022179 0.000000 0.000000 0.000000 0.000000 0.012959 0.119724 0.000000 0.000000 0.000000 0.000023 0.000000 0.337922 0.000000 0.000000 0.000000
 0.000000 0.000000 0.000000 0.031783 0.000000 0.000000 0.000000 0.000000 0.484270 0.000000 0.000000 0.000000 0.000000 0.000000 0.000000 0.000000 0.483946 0.000000 0.000000 0.000000
 0.000000 0.000000 0.000000 0.000000 0.000000 0.000000 0.000000 0.500000 0.000000 0.000000 0.000000 0.000000 0.000000 0.000000 0.000000 0.000000 0.000000 0.500000 0.000000 0.000000
 0.000000 0.000000 0.160497 0.000000 0.000000 0.000000 0.000000 0.000000 0.000000 0.000000 0.296408 0.000000 0.000000 0.181046 0.000000 0.000000 0.000000 0.005750 0.356300 0.000000
 0.000000 0.000000 0.000000 0.000000 0.000000 0.500002 0.000000 0.000000 0.000000 0.000000 0.000000 0.000000 0.000000 0.000000 0.000000 0.000000 0.000000 0.000000 0.000000 0.499998
 0.000000 0.483980 0.000000 0.000000 0.484611 0.000000 0.000000 0.000000 0.000000 0.021426 0.000000 0.000000 0.000000 0.000000 0.000000 0.000000 0.000700 0.000000 0.000000 0.009282
 0.000000 0.354416 0.265245 0.013594 0.000000 0.000000 0.000000 0.000000 0.015673 0.000000 0.000000 0.000000 0.000000 0.000000 0.000000 0.000000 0.000000 0.000000 0.000000 0.351071
 0.000000 0.000000 0.259139 0.120062 0.000000 0.000000 0.281926 0.000000 0.000000 0.000000 0.000000 0.000000 0.000000 0.000000 0.338852 0.000000 0.000000 0.000000 0.000020 0.000000
 0.000000 0.000000 0.000000 0.000000 0.000000 0.000000 0.000000 0.000000 0.000000 0.000000 0.000000 0.000000 0.000000 0.499999 0.000000 0.500001 0.000000 0.000000 0.000000 0.000000
 0.500000 0.000000 0.000000 0.000000 0.000000 0.000000 0.000000 0.000000 0.000000 0.000000 0.000000 0.000000 0.000000 0.000000 0.500000 0.000000 0.000000 0.000000 0.000000 0.000000
 0.000000 0.000000 0.000004 0.000000 0.000000 0.000000 0.198311 0.000000 0.000000 0.000000 0.000000 0.390277 0.000000 0.000000 0.000000 0.000000 0.000000 0.387722 0.023685 0.000000
 0.000000 0.000000 0.000000 0.000035 0.000000 0.000000 0.000000 0.000000 0.000000 0.000000 0.499953 0.000000 0.500013 0.000000 0.000000 0.000000 0.000000 0.000000 0.000000 0.000000
 0.500000 0.000000 0.000000 0.000000 0.000000 0.000000 0.000000 0.000000 0.000000 0.000000 0.000000 0.500000 0.000000 0.000000 0.000000 0.000000 0.000000 0.000000 0.000000 0.000000
 0.000000 0.020249 0.000000 0.489674 0.489370 0.000000 0.000000 0.000000 0.000707 0.000000 0.000000 0.000000 0.000000 0.000000 0.000000 0.000000 0.000000 0.000000 0.000000 0.000000
 0.000000 0.000000 0.006086 0.000000 0.000000 0.397126 0.006409 0.000000 0.000000 0.000000 0.000000 0.000000 0.000000 0.394524 0.000000 0.000000 0.000000 0.000000 0.195855 0.000000
 0.000000 0.000000 0.390029 0.000000 0.000000 0.000000 0.392535 0.000000 0.000000 0.000000 0.000024 0.000000 0.000000 0.023822 0.000000 0.000000 0.000000 0.193591 0.000000 0.000000
 0.000000 0.000000 0.250001 0.000000 0.000000 0.000000 0.000000 0.373229 0.007149 0.369621 0.000000 0.000000 0.000000 0.000000 0.000000 0.000000 0.000000 0.000000 0.000000 0.000000
the mean of prob-rank is 1.9473684210526316
the number of false negetive edges is 0
the number of probability greater than 0 is 4.1/edge
