20
 0.000000 0.000000 0.500000 0.000000 0.000000 0.000000 0.000000 0.000000 0.000000 0.000000 0.000000 0.000000 0.000000 0.000000 0.000000 0.000000 0.000000 0.000000 0.000000 0.500000
 0.000000 0.000000 0.000000 0.000000 0.495400 0.493916 0.000000 0.000000 0.000000 0.000000 0.000000 0.000000 0.000000 0.000000 0.000000 0.010684 0.000000 0.000000 0.000000 0.000000
 0.500000 0.000000 0.000000 0.000000 0.000000 0.000000 0.000000 0.000000 0.000000 0.000000 0.000000 0.000000 0.000000 0.000000 0.000000 0.000000 0.000000 0.000000 0.500000 0.000000
 0.000000 0.000000 0.000000 0.000000 0.000000 0.000000 0.000066 0.017468 0.000000 0.000000 0.000000 0.000000 0.000000 0.297829 0.000000 0.000000 0.342021 0.342558 0.000059 0.000000
 0.000000 0.481821 0.000000 0.000000 0.000000 0.020164 0.000000 0.000000 0.000000 0.000000 0.000000 0.000000 0.016928 0.000000 0.000000 0.481087 0.000000 0.000000 0.000000 0.000000
 0.000000 0.488859 0.000000 0.000000 0.020520 0.000000 0.000000 0.000000 0.490621 0.000000 0.000000 0.000000 0.000000 0.000000 0.000000 0.000000 0.000000 0.000000 0.000000 0.000000
 0.000000 0.000000 0.000000 0.000095 0.000000 0.000000 0.000000 0.013635 0.000000 0.491319 0.491277 0.000000 0.000000 0.000000 0.000000 0.000000 0.003674 0.000000 0.000000 0.000000
 0.000000 0.000000 0.000000 0.024207 0.000000 0.000000 0.013204 0.000000 0.000000 0.472316 0.001452 0.000000 0.000000 0.000000 0.000000 0.000000 0.013057 0.475765 0.000000 0.000000
 0.000000 0.000000 0.000000 0.000000 0.000000 0.500002 0.000000 0.000000 0.000000 0.000000 0.000000 0.000000 0.000000 0.000000 0.000000 0.000000 0.000000 0.000000 0.000000 0.499998
 0.000000 0.000000 0.000000 0.000000 0.000000 0.000000 0.406649 0.403701 0.000000 0.000000 0.000000 0.000000 0.000000 0.000000 0.000000 0.000000 0.189650 0.000000 0.000000 0.000000
 0.000000 0.000000 0.000000 0.000000 0.000000 0.000000 0.494657 0.001510 0.000000 0.000000 0.000000 0.494699 0.000000 0.000000 0.000000 0.000000 0.000000 0.009135 0.000000 0.000000
 0.000000 0.000000 0.000000 0.000000 0.000000 0.000000 0.000000 0.000000 0.000000 0.000000 0.500004 0.000000 0.499996 0.000000 0.000000 0.000000 0.000000 0.000000 0.000000 0.000000
 0.000000 0.000000 0.000000 0.000000 0.017253 0.000000 0.000000 0.000000 0.000000 0.000000 0.000000 0.491370 0.000000 0.000000 0.000000 0.491377 0.000000 0.000000 0.000000 0.000000
 0.000000 0.000000 0.000000 0.309464 0.000000 0.000000 0.000000 0.000000 0.000000 0.000000 0.000000 0.000000 0.000000 0.000000 0.356714 0.000000 0.333810 0.000012 0.000000 0.000000
 0.000000 0.000000 0.000000 0.000000 0.000000 0.000000 0.000000 0.000000 0.000000 0.000000 0.000000 0.000000 0.000000 0.500000 0.000000 0.000000 0.000000 0.000000 0.500000 0.000000
 0.000000 0.010673 0.000000 0.000000 0.494139 0.000000 0.000000 0.000000 0.000000 0.000000 0.000000 0.000000 0.495188 0.000000 0.000000 0.000000 0.000000 0.000000 0.000000 0.000000
 0.000000 0.000000 0.000000 0.409341 0.000000 0.000000 0.003073 0.011276 0.000000 0.191621 0.000000 0.000000 0.000000 0.384493 0.000000 0.000000 0.000000 0.000196 0.000000 0.000000
 0.000000 0.000000 0.000000 0.494757 0.000000 0.000000 0.000000 0.495834 0.000000 0.000000 0.009156 0.000000 0.000000 0.000017 0.000000 0.000000 0.000236 0.000000 0.000001 0.000000
 0.000000 0.000000 0.499957 0.000086 0.000000 0.000000 0.000000 0.000000 0.000000 0.000000 0.000000 0.000000 0.000000 0.000000 0.499957 0.000000 0.000000 0.000001 0.000000 0.000000
 0.500002 0.000000 0.000000 0.000000 0.000000 0.000000 0.000000 0.000000 0.499998 0.000000 0.000000 0.000000 0.000000 0.000000 0.000000 0.000000 0.000000 0.000000 0.000000 0.000000
the mean of prob-rank is 1.5789473684210527
the number of false negetive edges is 0
the number of probability greater than 0 is 3.5/edge
