20
 0.000000 0.000000 0.348783 0.000000 0.000000 0.000648 0.000000 0.000000 0.000000 0.000000 0.326179 0.000000 0.000000 0.000000 0.000000 0.000000 0.000000 0.000000 0.324389 0.000000
 0.000000 0.000000 0.000000 0.000000 0.000788 0.000000 0.000000 0.210972 0.000000 0.000000 0.000000 0.000000 0.000000 0.000000 0.000000 0.394994 0.000000 0.000000 0.000043 0.393203
 0.269152 0.000000 0.000000 0.000000 0.000000 0.256429 0.000000 0.000000 0.000000 0.000000 0.230590 0.000000 0.000000 0.204775 0.000000 0.000000 0.000000 0.000000 0.039054 0.000000
 0.000000 0.000000 0.000000 0.000000 0.000000 0.000000 0.000000 0.000000 0.499725 0.000000 0.000554 0.000000 0.000000 0.000000 0.000000 0.000000 0.499721 0.000000 0.000000 0.000000
 0.000000 0.000790 0.000000 0.000000 0.000000 0.000000 0.000000 0.395763 0.000000 0.000000 0.000000 0.000000 0.000000 0.000000 0.000000 0.000000 0.000000 0.000000 0.383181 0.220267
 0.000515 0.000000 0.263810 0.000000 0.000000 0.000000 0.053830 0.000000 0.000000 0.000000 0.151170 0.000000 0.000000 0.275602 0.000000 0.000000 0.000000 0.003858 0.251214 0.000000
 0.000000 0.000000 0.000000 0.000000 0.000000 0.058604 0.000000 0.000000 0.000000 0.000000 0.121248 0.000000 0.000000 0.276295 0.000000 0.000000 0.237475 0.306378 0.000000 0.000000
 0.000000 0.191287 0.000000 0.000000 0.358092 0.000000 0.000000 0.000000 0.000000 0.000000 0.000000 0.000000 0.000000 0.000000 0.000000 0.000000 0.000000 0.000000 0.093867 0.356754
 0.000000 0.000000 0.000000 0.499969 0.000000 0.000000 0.000000 0.000000 0.000000 0.000000 0.000000 0.000000 0.000000 0.000000 0.499968 0.000000 0.000063 0.000000 0.000000 0.000000
 0.000000 0.000000 0.000000 0.000000 0.000000 0.000000 0.000000 0.000000 0.000000 0.000000 0.000000 0.000000 0.500003 0.000000 0.000000 0.499997 0.000000 0.000000 0.000000 0.000000
 0.254386 0.000000 0.233042 0.000307 0.000000 0.148503 0.109406 0.000000 0.000000 0.000000 0.000000 0.000000 0.000000 0.254356 0.000000 0.000000 0.000000 0.000000 0.000000 0.000000
 0.000000 0.000000 0.000000 0.000000 0.000000 0.000000 0.000000 0.000000 0.000000 0.000000 0.000000 0.000000 0.500000 0.000000 0.500000 0.000000 0.000000 0.000000 0.000000 0.000000
 0.000000 0.000000 0.000000 0.000000 0.000000 0.000000 0.000000 0.000000 0.000000 0.500000 0.000000 0.500000 0.000000 0.000000 0.000000 0.000000 0.000000 0.000000 0.000000 0.000000
 0.000000 0.000000 0.205624 0.000000 0.000000 0.269001 0.247709 0.000000 0.000000 0.000000 0.252723 0.000000 0.000000 0.000000 0.000000 0.000000 0.000000 0.024942 0.000000 0.000000
 0.000000 0.000000 0.000000 0.000000 0.000000 0.000000 0.000000 0.000000 0.500000 0.000000 0.000000 0.500000 0.000000 0.000000 0.000000 0.000000 0.000000 0.000000 0.000000 0.000000
 0.000000 0.499574 0.000000 0.000000 0.000000 0.000000 0.000000 0.000000 0.000000 0.499568 0.000000 0.000000 0.000000 0.000000 0.000000 0.000000 0.000000 0.000857 0.000000 0.000000
 0.000000 0.000000 0.000000 0.367879 0.000000 0.000000 0.285147 0.000000 0.000046 0.000000 0.000000 0.000000 0.000000 0.000000 0.000000 0.000000 0.000000 0.346927 0.000000 0.000000
 0.000000 0.000000 0.000000 0.000000 0.000000 0.006690 0.487979 0.000000 0.000000 0.000000 0.000001 0.000000 0.000000 0.044310 0.000000 0.000837 0.460183 0.000000 0.000000 0.000000
 0.252250 0.000030 0.039354 0.000000 0.266848 0.246060 0.000000 0.072246 0.000000 0.000000 0.000000 0.000000 0.000000 0.000000 0.000000 0.000000 0.000000 0.000000 0.000000 0.123213
 0.000000 0.332366 0.000000 0.000000 0.185801 0.000000 0.000000 0.332590 0.000000 0.000000 0.000000 0.000000 0.000000 0.000000 0.000000 0.000000 0.000000 0.000000 0.149243 0.000000
the mean of prob-rank is 1.736842105263158
the number of false negetive edges is 0
the number of probability greater than 0 is 4.1/edge
