20
 0.000000 0.000000 0.000000 0.000000 0.000000 0.000000 0.000000 0.000000 0.024680 0.000000 0.106663 0.066617 0.000000 0.002052 0.393493 0.000013 0.406482 0.000000 0.000000 0.000000
 0.000000 0.000000 0.000000 0.422765 0.000000 0.000000 0.000000 0.000000 0.000000 0.000000 0.000000 0.160856 0.000000 0.000000 0.416379 0.000000 0.000000 0.000000 0.000000 0.000000
 0.000000 0.000000 0.000000 0.000000 0.000000 0.000000 0.000000 0.000000 0.499972 0.000000 0.000000 0.000000 0.000000 0.000000 0.000000 0.499972 0.000000 0.000000 0.000057 0.000000
 0.000000 0.499924 0.000000 0.000000 0.000000 0.000000 0.000000 0.499920 0.000000 0.000000 0.000000 0.000000 0.000000 0.000000 0.000156 0.000000 0.000000 0.000000 0.000000 0.000000
 0.000000 0.000000 0.000000 0.000000 0.000000 0.499992 0.000000 0.000000 0.000000 0.000000 0.000000 0.499993 0.000000 0.000000 0.000000 0.000000 0.000015 0.000000 0.000000 0.000000
 0.000000 0.000000 0.000000 0.000000 0.500001 0.000000 0.000000 0.000000 0.000000 0.000000 0.000000 0.000000 0.499999 0.000000 0.000000 0.000000 0.000000 0.000000 0.000000 0.000000
 0.000000 0.000000 0.000000 0.000000 0.000000 0.000000 0.000000 0.500000 0.000000 0.000000 0.000000 0.000000 0.000000 0.000000 0.000000 0.000000 0.000000 0.500000 0.000000 0.000000
 0.000000 0.000000 0.000000 0.499997 0.000000 0.000000 0.500001 0.000000 0.000000 0.000000 0.000000 0.000000 0.000000 0.000000 0.000002 0.000000 0.000000 0.000000 0.000000 0.000000
 0.029471 0.000000 0.485399 0.000000 0.000000 0.000000 0.000000 0.000000 0.000000 0.000000 0.000000 0.000000 0.000000 0.000000 0.000000 0.000000 0.000000 0.000000 0.485129 0.000000
 0.000000 0.000000 0.000000 0.000000 0.000000 0.000000 0.000000 0.000000 0.000000 0.000000 0.000000 0.000000 0.500000 0.500000 0.000000 0.000000 0.000000 0.000000 0.000000 0.000000
 0.100089 0.000000 0.000000 0.000000 0.000000 0.000000 0.000000 0.000000 0.000000 0.000000 0.000000 0.000000 0.000000 0.000000 0.139397 0.000000 0.000015 0.379080 0.000000 0.381419
 0.063494 0.147410 0.000000 0.000000 0.387425 0.000000 0.000000 0.000000 0.000000 0.000000 0.000000 0.000000 0.000000 0.000000 0.029957 0.000000 0.371714 0.000000 0.000000 0.000000
 0.000000 0.000000 0.000000 0.000000 0.000000 0.499999 0.000000 0.000000 0.000000 0.500001 0.000000 0.000000 0.000000 0.000000 0.000000 0.000000 0.000000 0.000000 0.000000 0.000000
 0.002514 0.000000 0.000000 0.000000 0.000000 0.000000 0.000000 0.000000 0.000000 0.498076 0.000000 0.000000 0.000000 0.000000 0.000000 0.498037 0.001373 0.000000 0.000000 0.000000
 0.345502 0.351515 0.000000 0.000112 0.000000 0.000000 0.000000 0.000001 0.000000 0.000000 0.130434 0.027597 0.000000 0.000000 0.000000 0.000000 0.144839 0.000000 0.000000 0.000000
 0.000016 0.000000 0.500011 0.000000 0.000000 0.000000 0.000000 0.000000 0.000000 0.000000 0.000000 0.000000 0.000000 0.499972 0.000000 0.000000 0.000001 0.000000 0.000000 0.000000
 0.422281 0.000000 0.000000 0.000000 0.000013 0.000000 0.000000 0.000000 0.000000 0.000000 0.000017 0.405156 0.000000 0.001164 0.171369 0.000001 0.000000 0.000000 0.000000 0.000000
 0.000000 0.000000 0.000000 0.000000 0.000000 0.000000 0.443822 0.000000 0.000000 0.000000 0.441087 0.000000 0.000000 0.000000 0.000000 0.000000 0.000000 0.000000 0.114427 0.000664
 0.000000 0.000000 0.000050 0.000000 0.000000 0.000000 0.000000 0.000000 0.442745 0.000000 0.000000 0.000000 0.000000 0.000000 0.000000 0.000000 0.000000 0.114213 0.000000 0.442991
 0.000000 0.000000 0.000000 0.000000 0.000000 0.000000 0.000000 0.000000 0.000000 0.000000 0.499618 0.000000 0.000000 0.000000 0.000000 0.000000 0.000000 0.000747 0.499634 0.000000
the mean of prob-rank is 1.5263157894736843
the number of false negetive edges is 0
the number of probability greater than 0 is 3.7/edge
