20
 0.000000 0.000000 0.000024 0.000000 0.000000 0.000000 0.000000 0.000000 0.499951 0.000000 0.000000 0.000000 0.000000 0.000000 0.000000 0.000000 0.000000 0.000000 0.500024 0.000000
 0.000000 0.000000 0.000000 0.000000 0.000000 0.000000 0.000000 0.000000 0.499998 0.000000 0.000000 0.000000 0.500000 0.000000 0.000000 0.000000 0.000002 0.000000 0.000000 0.000000
 0.000024 0.000000 0.000000 0.000000 0.000000 0.498364 0.000000 0.000000 0.000000 0.000000 0.000000 0.498375 0.000000 0.000000 0.000000 0.000000 0.003236 0.000000 0.000000 0.000000
 0.000000 0.000000 0.000000 0.000000 0.000000 0.000000 0.000000 0.000000 0.000000 0.000000 0.499996 0.500004 0.000000 0.000000 0.000000 0.000000 0.000000 0.000000 0.000000 0.000000
 0.000000 0.000000 0.000000 0.000000 0.000000 0.000000 0.174243 0.001060 0.000000 0.000000 0.000000 0.000000 0.000000 0.018639 0.268793 0.281907 0.240157 0.001556 0.000000 0.013645
 0.000000 0.000000 0.500010 0.000000 0.000000 0.000000 0.000000 0.000000 0.000000 0.000000 0.000000 0.000000 0.000000 0.000000 0.000000 0.000000 0.000000 0.000000 0.499990 0.000000
 0.000000 0.000000 0.000000 0.000000 0.223589 0.000000 0.000000 0.360934 0.000000 0.000002 0.000000 0.000000 0.000000 0.360401 0.000000 0.055012 0.000063 0.000000 0.000000 0.000000
 0.000000 0.000000 0.000000 0.000000 0.001331 0.000000 0.353145 0.000000 0.000000 0.354636 0.000000 0.000000 0.000000 0.000000 0.000000 0.150900 0.139989 0.000000 0.000000 0.000000
 0.498479 0.498551 0.000000 0.000000 0.000000 0.000000 0.000000 0.000000 0.000000 0.000000 0.000000 0.000000 0.000000 0.000000 0.000000 0.000000 0.002970 0.000000 0.000000 0.000000
 0.000000 0.000000 0.000000 0.000000 0.000000 0.000000 0.000002 0.497716 0.000000 0.000000 0.498415 0.000000 0.000000 0.003866 0.000000 0.000000 0.000000 0.000000 0.000000 0.000000
 0.000000 0.000000 0.000000 0.499995 0.000000 0.000000 0.000000 0.000000 0.000000 0.500002 0.000000 0.000003 0.000000 0.000000 0.000000 0.000000 0.000000 0.000000 0.000000 0.000000
 0.000000 0.000000 0.499995 0.500002 0.000000 0.000000 0.000000 0.000000 0.000000 0.000000 0.000003 0.000000 0.000000 0.000000 0.000000 0.000000 0.000000 0.000000 0.000000 0.000000
 0.000000 0.370628 0.000000 0.000000 0.000000 0.000000 0.000000 0.000000 0.000000 0.000000 0.000000 0.000000 0.000000 0.000000 0.291174 0.000000 0.338199 0.000000 0.000000 0.000000
 0.000000 0.000000 0.000000 0.000000 0.031887 0.000000 0.480485 0.000000 0.000000 0.003754 0.000000 0.000000 0.000000 0.000000 0.000000 0.000000 0.000000 0.483875 0.000000 0.000000
 0.000000 0.000000 0.000000 0.000000 0.332056 0.000000 0.000000 0.000000 0.000000 0.000000 0.000000 0.000000 0.274524 0.000000 0.000000 0.000000 0.000000 0.043985 0.000000 0.349435
 0.000000 0.000000 0.000000 0.000000 0.387340 0.000000 0.058904 0.165141 0.000000 0.000000 0.000000 0.000000 0.000000 0.000000 0.000000 0.000000 0.388614 0.000000 0.000000 0.000000
 0.000000 0.000001 0.002050 0.000000 0.267980 0.000000 0.000055 0.124417 0.001880 0.000000 0.000000 0.000000 0.288014 0.000000 0.000000 0.315602 0.000000 0.000000 0.000000 0.000000
 0.000000 0.000000 0.000000 0.000000 0.002582 0.000000 0.000000 0.000000 0.000000 0.000000 0.000000 0.000000 0.000000 0.469167 0.059060 0.000000 0.000000 0.000000 0.000000 0.469191
 0.500019 0.000000 0.000000 0.000000 0.000000 0.499981 0.000000 0.000000 0.000000 0.000000 0.000000 0.000000 0.000000 0.000000 0.000000 0.000000 0.000000 0.000000 0.000000 0.000000
 0.000000 0.000000 0.000000 0.000000 0.023552 0.000000 0.000000 0.000000 0.000000 0.000000 0.000000 0.000000 0.000000 0.000000 0.488226 0.000000 0.000000 0.488221 0.000000 0.000000
the mean of prob-rank is 1.4210526315789473
the number of false negetive edges is 0
the number of probability greater than 0 is 3.9/edge
