20
 0.000000 0.000000 0.499231 0.000000 0.000000 0.000000 0.000000 0.000000 0.000000 0.000000 0.000000 0.000000 0.001535 0.000000 0.000000 0.000000 0.499234 0.000000 0.000000 0.000000
 0.000000 0.000000 0.000000 0.000000 0.000000 0.000000 0.000000 0.499405 0.000000 0.000000 0.000000 0.000000 0.000000 0.000000 0.499399 0.000000 0.000677 0.000000 0.000000 0.000519
 0.497755 0.000000 0.000000 0.000000 0.000000 0.000000 0.000000 0.000000 0.000000 0.000000 0.000000 0.000000 0.004486 0.000000 0.000000 0.497759 0.000000 0.000000 0.000000 0.000000
 0.000000 0.000000 0.000000 0.000000 0.000000 0.000000 0.000000 0.000000 0.498171 0.498203 0.000000 0.000000 0.000000 0.000000 0.003626 0.000000 0.000000 0.000000 0.000000 0.000000
 0.000000 0.000000 0.000000 0.000000 0.000000 0.000000 0.000000 0.000000 0.000000 0.000000 0.000000 0.000000 0.000000 0.000000 0.000000 0.000000 0.000000 0.500000 0.500000 0.000000
 0.000000 0.000000 0.000000 0.000000 0.000000 0.000000 0.000000 0.000000 0.045175 0.000000 0.473353 0.000000 0.000000 0.000000 0.473342 0.000000 0.000000 0.000000 0.000000 0.008131
 0.000000 0.000000 0.000000 0.000000 0.000000 0.000000 0.000000 0.000000 0.000000 0.495114 0.000000 0.000000 0.000001 0.496171 0.000000 0.008714 0.000000 0.000000 0.000000 0.000000
 0.000000 0.488924 0.000000 0.000000 0.000000 0.000000 0.000000 0.000000 0.000000 0.000000 0.000000 0.000254 0.000000 0.000000 0.000000 0.000000 0.000000 0.021934 0.000000 0.488889
 0.000000 0.000000 0.000000 0.477210 0.000000 0.045543 0.000000 0.000000 0.000000 0.000000 0.477247 0.000000 0.000000 0.000000 0.000000 0.000000 0.000000 0.000000 0.000000 0.000000
 0.000000 0.000000 0.000000 0.484114 0.000000 0.000000 0.483084 0.000000 0.000000 0.000000 0.000000 0.000000 0.000000 0.032802 0.000000 0.000000 0.000000 0.000000 0.000000 0.000000
 0.000000 0.000000 0.000000 0.000000 0.000000 0.495983 0.000000 0.000000 0.496019 0.000000 0.000000 0.000000 0.000000 0.000000 0.000000 0.000000 0.000000 0.000000 0.000000 0.007998
 0.000000 0.000000 0.000000 0.000000 0.000000 0.000000 0.000000 0.000259 0.000000 0.000000 0.000000 0.000000 0.000000 0.000000 0.000000 0.000000 0.499869 0.000000 0.499872 0.000000
 0.001533 0.000000 0.004493 0.000000 0.000000 0.000000 0.000001 0.000000 0.000000 0.000000 0.000000 0.000000 0.000000 0.495571 0.000000 0.498403 0.000000 0.000000 0.000000 0.000000
 0.000000 0.000000 0.000000 0.000000 0.000000 0.000000 0.485006 0.000000 0.000000 0.032862 0.000000 0.000000 0.482133 0.000000 0.000000 0.000000 0.000000 0.000000 0.000000 0.000000
 0.000000 0.498207 0.000000 0.003626 0.000000 0.498167 0.000000 0.000000 0.000000 0.000000 0.000000 0.000000 0.000000 0.000000 0.000000 0.000000 0.000000 0.000000 0.000000 0.000000
 0.000000 0.000000 0.495709 0.000000 0.000000 0.000000 0.008706 0.000000 0.000000 0.000000 0.000000 0.000000 0.495584 0.000000 0.000000 0.000000 0.000000 0.000000 0.000000 0.000000
 0.499663 0.000677 0.000000 0.000000 0.000000 0.000000 0.000000 0.000000 0.000000 0.000000 0.000000 0.499660 0.000000 0.000000 0.000000 0.000000 0.000000 0.000000 0.000000 0.000000
 0.000000 0.000000 0.000000 0.000000 0.489120 0.000000 0.000000 0.021942 0.000000 0.000000 0.000000 0.000000 0.000000 0.000000 0.000000 0.000000 0.000000 0.000000 0.000000 0.488937
 0.000000 0.000000 0.000000 0.000000 0.500000 0.000000 0.000000 0.000000 0.000000 0.000000 0.000000 0.500000 0.000000 0.000000 0.000000 0.000000 0.000000 0.000000 0.000000 0.000000
 0.000000 0.000511 0.000000 0.000000 0.000000 0.008445 0.000000 0.491632 0.000000 0.000000 0.007928 0.000000 0.000000 0.000000 0.000000 0.000000 0.000000 0.491484 0.000000 0.000000
the mean of prob-rank is 1.5789473684210527
the number of false negetive edges is 0
the number of probability greater than 0 is 3.2/edge
