20
 0.000000 0.000002 0.000000 0.000000 0.500009 0.000000 0.000000 0.000000 0.000000 0.000000 0.000000 0.000000 0.000000 0.000000 0.499989 0.000000 0.000000 0.000000 0.000000 0.000000
 0.000001 0.000000 0.000000 0.267320 0.012836 0.000000 0.000004 0.152998 0.000000 0.271060 0.071822 0.000000 0.006522 0.000000 0.000007 0.000383 0.167797 0.049250 0.000000 0.000000
 0.000000 0.000000 0.000000 0.000000 0.000000 0.000000 0.000000 0.000000 0.000000 0.000000 0.000000 0.000000 0.000000 0.499985 0.000000 0.000000 0.000000 0.000000 0.500015 0.000000
 0.000000 0.359437 0.000000 0.000000 0.364245 0.000000 0.000000 0.000000 0.000000 0.000004 0.276314 0.000000 0.000000 0.000000 0.000000 0.000000 0.000000 0.000000 0.000000 0.000000
 0.488725 0.023106 0.000000 0.487656 0.000000 0.000000 0.000000 0.000000 0.000000 0.000512 0.000000 0.000000 0.000000 0.000000 0.000000 0.000000 0.000000 0.000000 0.000000 0.000000
 0.000000 0.000000 0.000000 0.000000 0.000000 0.000000 0.229543 0.000000 0.000000 0.000000 0.288663 0.000000 0.237938 0.000000 0.000000 0.000000 0.000000 0.243856 0.000000 0.000000
 0.000000 0.000004 0.000000 0.000000 0.000000 0.223787 0.000000 0.000000 0.000000 0.000000 0.060625 0.000000 0.275062 0.281373 0.000000 0.000000 0.000000 0.159148 0.000000 0.000000
 0.000000 0.154572 0.000000 0.000000 0.000000 0.000000 0.000000 0.000000 0.023082 0.144713 0.000000 0.000451 0.000000 0.000000 0.274281 0.138217 0.264619 0.000000 0.000000 0.000066
 0.000000 0.000000 0.000000 0.000000 0.000000 0.000000 0.000000 0.039714 0.000000 0.000000 0.000000 0.471918 0.000000 0.000000 0.000000 0.016459 0.000000 0.000000 0.000000 0.471910
 0.000000 0.265308 0.000000 0.000003 0.000279 0.000000 0.000000 0.140201 0.000000 0.000000 0.161443 0.000000 0.000003 0.000000 0.000000 0.053938 0.237474 0.141232 0.000000 0.000121
 0.000000 0.082218 0.000000 0.235244 0.000000 0.310758 0.066944 0.000000 0.000000 0.188817 0.000000 0.000000 0.106876 0.000000 0.000000 0.000000 0.000000 0.009143 0.000000 0.000000
 0.000000 0.000000 0.000000 0.000000 0.000000 0.000000 0.000000 0.000821 0.499591 0.000000 0.000000 0.000000 0.000000 0.000000 0.000000 0.000000 0.000000 0.000000 0.499589 0.000000
 0.000000 0.007579 0.000000 0.000000 0.000000 0.260006 0.308303 0.000000 0.000000 0.000004 0.108484 0.000000 0.000000 0.000173 0.000000 0.000000 0.000000 0.315451 0.000000 0.000000
 0.000000 0.000000 0.499915 0.000000 0.000000 0.000000 0.499808 0.000000 0.000000 0.000000 0.000000 0.000000 0.000274 0.000000 0.000000 0.000000 0.000000 0.000003 0.000000 0.000000
 0.499983 0.000013 0.000000 0.000000 0.000000 0.000000 0.000000 0.500004 0.000000 0.000000 0.000000 0.000000 0.000000 0.000000 0.000000 0.000000 0.000000 0.000000 0.000000 0.000000
 0.000000 0.000518 0.000000 0.000000 0.000000 0.000000 0.000000 0.184927 0.012799 0.074488 0.000000 0.000000 0.000000 0.000000 0.000000 0.000000 0.360294 0.000000 0.000000 0.366974
 0.000000 0.178250 0.000000 0.000000 0.000000 0.000000 0.000000 0.278242 0.000000 0.257736 0.000000 0.000000 0.000000 0.000000 0.000000 0.283152 0.000000 0.000000 0.000000 0.002621
 0.000000 0.057544 0.000000 0.000000 0.000000 0.267952 0.179371 0.000000 0.000000 0.168596 0.009332 0.000000 0.317202 0.000002 0.000000 0.000000 0.000000 0.000000 0.000000 0.000000
 0.000000 0.000000 0.500001 0.000000 0.000000 0.000000 0.000000 0.000000 0.000000 0.000000 0.000000 0.499999 0.000000 0.000000 0.000000 0.000000 0.000000 0.000000 0.000000 0.000000
 0.000000 0.000000 0.000000 0.000000 0.000000 0.000000 0.000000 0.000121 0.497561 0.000227 0.000000 0.000000 0.000000 0.000000 0.000000 0.497570 0.004521 0.000000 0.000000 0.000000
the mean of prob-rank is 1.6842105263157894
the number of false negetive edges is 0
the number of probability greater than 0 is 5.3/edge
