20
 0.000000 0.000000 0.000000 0.000000 0.000000 0.000000 0.000000 0.000000 0.197496 0.000000 0.000000 0.393872 0.000000 0.000000 0.000000 0.000000 0.000000 0.000000 0.408632 0.000000
 0.000000 0.000000 0.500000 0.500000 0.000000 0.000000 0.000000 0.000000 0.000000 0.000000 0.000000 0.000000 0.000000 0.000000 0.000000 0.000000 0.000000 0.000000 0.000000 0.000000
 0.000000 0.500003 0.000000 0.000000 0.000000 0.000000 0.000000 0.000000 0.000000 0.000000 0.000000 0.499997 0.000000 0.000000 0.000000 0.000000 0.000000 0.000000 0.000000 0.000000
 0.000000 0.317639 0.000000 0.000000 0.216157 0.000000 0.000000 0.000000 0.304619 0.000000 0.000104 0.000000 0.000000 0.000000 0.000000 0.000000 0.000000 0.000000 0.000000 0.161482
 0.000000 0.000000 0.000000 0.254660 0.000000 0.374203 0.000000 0.000000 0.371137 0.000000 0.000000 0.000000 0.000000 0.000000 0.000000 0.000000 0.000000 0.000000 0.000000 0.000000
 0.000001 0.000000 0.000000 0.000000 0.449969 0.000000 0.000000 0.000000 0.000008 0.000000 0.000000 0.000000 0.000000 0.000000 0.000000 0.000000 0.000000 0.000000 0.101616 0.448406
 0.000000 0.000000 0.000000 0.000000 0.000000 0.000000 0.000000 0.000000 0.000000 0.000000 0.000000 0.000000 0.500000 0.000000 0.000000 0.000000 0.000000 0.500000 0.000000 0.000000
 0.000000 0.000000 0.000000 0.000000 0.000000 0.000000 0.000000 0.000000 0.000000 0.000000 0.000000 0.000000 0.000000 0.000000 0.000000 0.500000 0.000000 0.000000 0.500000 0.000000
 0.153759 0.000000 0.000000 0.305817 0.316262 0.000006 0.000000 0.000000 0.000000 0.000000 0.000000 0.224156 0.000000 0.000000 0.000000 0.000000 0.000000 0.000000 0.000000 0.000000
 0.000000 0.000000 0.000000 0.000000 0.000000 0.000000 0.000000 0.000000 0.000000 0.000000 0.000000 0.000000 0.000000 0.499997 0.000000 0.000000 0.000000 0.500003 0.000000 0.000000
 0.000000 0.000000 0.000000 0.000164 0.000000 0.000000 0.000000 0.000000 0.000000 0.000000 0.000000 0.000000 0.499918 0.000000 0.499918 0.000000 0.000000 0.000000 0.000000 0.000000
 0.360893 0.000000 0.375297 0.000000 0.000000 0.000000 0.000000 0.000000 0.263811 0.000000 0.000000 0.000000 0.000000 0.000000 0.000000 0.000000 0.000000 0.000000 0.000000 0.000000
 0.000000 0.000000 0.000000 0.000000 0.000000 0.000000 0.500000 0.000000 0.000000 0.000000 0.500000 0.000000 0.000000 0.000000 0.000000 0.000000 0.000000 0.000000 0.000000 0.000000
 0.000000 0.000000 0.000000 0.000000 0.000000 0.000000 0.000000 0.000000 0.000000 0.499997 0.000000 0.000000 0.000000 0.000000 0.000000 0.000000 0.500003 0.000000 0.000000 0.000000
 0.000000 0.000000 0.000000 0.000000 0.000000 0.000000 0.000000 0.000000 0.000000 0.000000 0.500000 0.000000 0.000000 0.000000 0.000000 0.000000 0.000000 0.000000 0.000000 0.500000
 0.000000 0.000000 0.000000 0.000000 0.000000 0.000000 0.000000 0.500000 0.000000 0.000000 0.000000 0.000000 0.000000 0.000000 0.000000 0.000000 0.500000 0.000000 0.000000 0.000000
 0.000000 0.000000 0.000000 0.000000 0.000000 0.000000 0.000000 0.000000 0.000000 0.000000 0.000000 0.000000 0.000000 0.500000 0.000000 0.500000 0.000000 0.000000 0.000000 0.000000
 0.000000 0.000000 0.000000 0.000000 0.000000 0.000000 0.500000 0.000000 0.000000 0.500000 0.000000 0.000000 0.000000 0.000000 0.000000 0.000000 0.000000 0.000000 0.000000 0.000000
 0.448689 0.000000 0.000000 0.000000 0.000000 0.101562 0.000000 0.449749 0.000000 0.000000 0.000000 0.000000 0.000000 0.000000 0.000000 0.000000 0.000000 0.000000 0.000000 0.000000
 0.000000 0.000000 0.000000 0.202957 0.000000 0.397820 0.000000 0.000000 0.000000 0.000000 0.000000 0.000000 0.000000 0.000000 0.399223 0.000000 0.000000 0.000000 0.000000 0.000000
the mean of prob-rank is 1.7894736842105263
the number of false negetive edges is 0
the number of probability greater than 0 is 2.7/edge
