20
 0.000000 0.000000 0.499996 0.000000 0.000000 0.000000 0.000000 0.000000 0.000000 0.000000 0.000000 0.000000 0.000000 0.000000 0.000000 0.000000 0.000000 0.500004 0.000000 0.000000
 0.000000 0.000000 0.265109 0.000000 0.000000 0.000000 0.000000 0.276442 0.160725 0.000000 0.000000 0.297724 0.000000 0.000000 0.000000 0.000000 0.000000 0.000000 0.000000 0.000000
 0.370622 0.330028 0.000000 0.000000 0.000000 0.000000 0.000000 0.298159 0.000000 0.000000 0.000000 0.001191 0.000000 0.000000 0.000000 0.000000 0.000000 0.000000 0.000000 0.000000
 0.000000 0.000000 0.000000 0.000000 0.000000 0.000000 0.000000 0.000000 0.000000 0.500000 0.000000 0.000000 0.000000 0.000000 0.000000 0.000000 0.000000 0.500000 0.000000 0.000000
 0.000000 0.000000 0.000000 0.000000 0.000000 0.000000 0.000000 0.000000 0.000000 0.000000 0.000000 0.000000 0.485832 0.000000 0.028226 0.000000 0.485942 0.000000 0.000000 0.000000
 0.000000 0.000000 0.000000 0.000000 0.000000 0.000000 0.000000 0.000000 0.000000 0.500000 0.000000 0.000000 0.500000 0.000000 0.000000 0.000000 0.000000 0.000000 0.000000 0.000000
 0.000000 0.000000 0.000000 0.000000 0.000000 0.000000 0.000000 0.000000 0.000000 0.000000 0.000000 0.000000 0.000000 0.385330 0.391079 0.000000 0.223590 0.000000 0.000000 0.000000
 0.000000 0.325223 0.281773 0.000000 0.000000 0.000000 0.000000 0.000000 0.337132 0.000000 0.000000 0.055872 0.000000 0.000000 0.000000 0.000000 0.000000 0.000000 0.000000 0.000000
 0.000000 0.158524 0.000000 0.000000 0.000000 0.000000 0.000000 0.282641 0.000000 0.000000 0.000000 0.278958 0.000000 0.000000 0.000000 0.000000 0.000000 0.000000 0.279877 0.000000
 0.000000 0.000000 0.000000 0.500000 0.000000 0.500000 0.000000 0.000000 0.000000 0.000000 0.000000 0.000000 0.000000 0.000000 0.000000 0.000000 0.000000 0.000000 0.000000 0.000000
 0.000000 0.000000 0.000000 0.000000 0.000000 0.000000 0.000000 0.000000 0.000000 0.000000 0.000000 0.274223 0.000000 0.300138 0.000000 0.078668 0.000000 0.000000 0.000016 0.346956
 0.000000 0.344462 0.001107 0.000000 0.000000 0.000000 0.000000 0.054947 0.327232 0.000000 0.272251 0.000000 0.000000 0.000000 0.000000 0.000000 0.000000 0.000000 0.000000 0.000000
 0.000000 0.000000 0.000000 0.000000 0.486189 0.486300 0.000000 0.000000 0.000000 0.000000 0.000000 0.000000 0.000000 0.000000 0.000000 0.000000 0.027511 0.000000 0.000000 0.000000
 0.000000 0.000000 0.000000 0.000000 0.000000 0.000000 0.344405 0.000000 0.000000 0.000000 0.302598 0.000000 0.000000 0.000000 0.061682 0.064213 0.000000 0.000000 0.227092 0.000010
 0.000000 0.000000 0.000000 0.000000 0.026284 0.000000 0.452171 0.000000 0.000000 0.000000 0.000000 0.000000 0.000000 0.079792 0.000000 0.000000 0.441753 0.000000 0.000000 0.000000
 0.000000 0.000000 0.000000 0.000000 0.000000 0.000000 0.000000 0.000000 0.000000 0.000000 0.094691 0.000000 0.000000 0.076663 0.000000 0.000000 0.000000 0.000000 0.416285 0.412360
 0.000000 0.000000 0.000000 0.000000 0.384007 0.000000 0.219385 0.000000 0.000000 0.000000 0.000000 0.000000 0.021724 0.000000 0.374883 0.000000 0.000000 0.000000 0.000000 0.000000
 0.500000 0.000000 0.000000 0.500000 0.000000 0.000000 0.000000 0.000000 0.000000 0.000000 0.000000 0.000000 0.000000 0.000000 0.000000 0.000000 0.000000 0.000000 0.000000 0.000000
 0.000000 0.000000 0.000000 0.000000 0.000000 0.000000 0.000000 0.000000 0.341265 0.000000 0.000016 0.000000 0.000000 0.232451 0.000000 0.356904 0.000000 0.000000 0.000000 0.069364
 0.000000 0.000000 0.000000 0.000000 0.000000 0.000000 0.000000 0.000000 0.000000 0.000000 0.458475 0.000000 0.000000 0.000013 0.000000 0.452694 0.000000 0.000000 0.088818 0.000000
the mean of prob-rank is 1.8421052631578947
the number of false negetive edges is 0
the number of probability greater than 0 is 3.6/edge
