20
 0.000000 0.000000 0.000002 0.007173 0.021651 0.304863 0.000000 0.000000 0.000000 0.000000 0.000000 0.000000 0.000000 0.000000 0.374191 0.000000 0.000000 0.000000 0.000000 0.292120
 0.000000 0.000000 0.000000 0.466271 0.000000 0.000000 0.000000 0.000000 0.067507 0.000000 0.466222 0.000000 0.000000 0.000000 0.000000 0.000000 0.000000 0.000000 0.000000 0.000000
 0.000002 0.000000 0.000000 0.000000 0.100187 0.161711 0.000000 0.000000 0.000000 0.369024 0.000000 0.000000 0.000000 0.000000 0.000000 0.000000 0.000000 0.000083 0.000000 0.368992
 0.008641 0.450774 0.000000 0.000000 0.000000 0.000000 0.000000 0.000000 0.000000 0.000000 0.000000 0.000000 0.000000 0.000000 0.090044 0.000000 0.000000 0.000000 0.450541 0.000000
 0.023224 0.000000 0.108955 0.000000 0.000000 0.000000 0.000000 0.000000 0.400045 0.000000 0.000000 0.000000 0.401367 0.000000 0.001373 0.000000 0.000000 0.000378 0.000000 0.064659
 0.202374 0.000000 0.108837 0.000000 0.000000 0.000000 0.000000 0.000000 0.000000 0.206485 0.000000 0.000000 0.000000 0.000000 0.209076 0.248393 0.000000 0.000000 0.000000 0.024834
 0.000000 0.000000 0.000000 0.000000 0.000000 0.000000 0.000000 0.500000 0.000000 0.000000 0.000000 0.000000 0.000000 0.000000 0.000000 0.000000 0.000000 0.000000 0.500000 0.000000
 0.000000 0.000000 0.000000 0.000000 0.000000 0.000000 0.500000 0.000000 0.000000 0.000000 0.000000 0.000000 0.000000 0.000000 0.000000 0.500000 0.000000 0.000000 0.000000 0.000000
 0.000000 0.067605 0.000000 0.000000 0.465408 0.000000 0.000000 0.000000 0.000000 0.000000 0.000000 0.466946 0.000041 0.000000 0.000000 0.000000 0.000000 0.000000 0.000000 0.000000
 0.000000 0.000000 0.353171 0.000000 0.000000 0.293619 0.000000 0.000000 0.000000 0.000000 0.000000 0.000000 0.000000 0.000000 0.000000 0.000000 0.000000 0.353210 0.000000 0.000000
 0.000000 0.461876 0.000000 0.000000 0.000000 0.000000 0.000000 0.000000 0.000000 0.000000 0.000000 0.000000 0.000000 0.461925 0.000000 0.000000 0.000000 0.000000 0.076198 0.000000
 0.000000 0.000000 0.000000 0.000000 0.000000 0.000000 0.000000 0.000000 0.500000 0.000000 0.000000 0.000000 0.000000 0.000000 0.000000 0.000000 0.500000 0.000000 0.000000 0.000000
 0.000000 0.000000 0.000000 0.000000 0.499978 0.000000 0.000000 0.000000 0.000044 0.000000 0.000000 0.000000 0.000000 0.000000 0.000000 0.000000 0.000000 0.499978 0.000000 0.000000
 0.000000 0.000000 0.000000 0.000000 0.000000 0.000000 0.000000 0.000000 0.000000 0.000000 0.500002 0.000000 0.000000 0.000000 0.000000 0.000000 0.499998 0.000000 0.000000 0.000000
 0.334836 0.000000 0.000000 0.066885 0.001145 0.281834 0.000000 0.000000 0.000000 0.000000 0.000000 0.000000 0.000000 0.000000 0.000000 0.000000 0.000000 0.000000 0.000000 0.315299
 0.000000 0.000000 0.000000 0.000000 0.000000 0.499998 0.000000 0.500002 0.000000 0.000000 0.000000 0.000000 0.000000 0.000000 0.000000 0.000000 0.000000 0.000000 0.000000 0.000000
 0.000000 0.000000 0.000000 0.000000 0.000000 0.000000 0.000000 0.000000 0.000000 0.000000 0.000000 0.500002 0.000000 0.499998 0.000000 0.000000 0.000000 0.000000 0.000000 0.000000
 0.000000 0.000000 0.000113 0.000000 0.000471 0.000000 0.000000 0.000000 0.000000 0.499706 0.000000 0.000000 0.499711 0.000000 0.000000 0.000000 0.000000 0.000000 0.000000 0.000000
 0.000000 0.000000 0.000000 0.461774 0.000000 0.000000 0.462013 0.000000 0.000000 0.000000 0.076213 0.000000 0.000000 0.000000 0.000000 0.000000 0.000000 0.000000 0.000000 0.000000
 0.261690 0.000000 0.335143 0.000000 0.054001 0.033513 0.000000 0.000000 0.000000 0.000000 0.000000 0.000000 0.000000 0.000000 0.315652 0.000000 0.000000 0.000000 0.000000 0.000000
the mean of prob-rank is 1.631578947368421
the number of false negetive edges is 0
the number of probability greater than 0 is 3.7/edge
