20
 0.000000 0.000000 0.000000 0.032551 0.000000 0.000000 0.000000 0.419005 0.000005 0.000000 0.000000 0.129961 0.418477 0.000000 0.000000 0.000000 0.000000 0.000000 0.000000 0.000000
 0.000000 0.000000 0.000000 0.000000 0.000000 0.000000 0.000000 0.000000 0.499979 0.500020 0.000000 0.000000 0.000000 0.000000 0.000000 0.000000 0.000000 0.000000 0.000000 0.000000
 0.000000 0.000000 0.000000 0.435107 0.000000 0.000000 0.000000 0.000000 0.000000 0.000000 0.000000 0.000000 0.030842 0.437588 0.000000 0.002805 0.000000 0.000000 0.000000 0.093659
 0.033625 0.000000 0.430328 0.000000 0.000000 0.000000 0.000000 0.432817 0.059404 0.000000 0.000001 0.000000 0.000000 0.000000 0.000000 0.000000 0.000085 0.000000 0.000000 0.043741
 0.000000 0.000000 0.000000 0.000000 0.000000 0.000005 0.000000 0.000000 0.000000 0.000000 0.000000 0.000000 0.000000 0.000000 0.000000 0.000000 0.000003 0.500000 0.499992 0.000000
 0.000000 0.000000 0.000000 0.000000 0.000005 0.000000 0.000000 0.000000 0.000000 0.000000 0.000005 0.000000 0.000000 0.000000 0.500014 0.499974 0.000002 0.000000 0.000000 0.000000
 0.000000 0.000000 0.000000 0.000000 0.000000 0.000000 0.000000 0.000000 0.000000 0.000000 0.000000 0.499995 0.500005 0.000000 0.000000 0.000000 0.000000 0.000000 0.000000 0.000000
 0.490009 0.000000 0.000000 0.489998 0.000000 0.000000 0.000000 0.000000 0.000001 0.000000 0.000000 0.011881 0.008111 0.000000 0.000000 0.000000 0.000000 0.000000 0.000000 0.000000
 0.000006 0.468377 0.000000 0.064289 0.000000 0.000000 0.000000 0.000001 0.000000 0.000000 0.000000 0.467327 0.000000 0.000000 0.000000 0.000000 0.000000 0.000000 0.000000 0.000000
 0.000000 0.500000 0.000000 0.000000 0.000000 0.000000 0.000000 0.000000 0.000000 0.000000 0.000000 0.000000 0.000000 0.000000 0.000000 0.000000 0.000000 0.000000 0.500000 0.000000
 0.000000 0.000000 0.000000 0.000001 0.000000 0.000005 0.000000 0.000000 0.000000 0.000000 0.000000 0.000000 0.000000 0.000000 0.000000 0.095930 0.452335 0.000000 0.000000 0.451730
 0.133000 0.000000 0.000000 0.000000 0.000000 0.000000 0.428795 0.010397 0.427807 0.000000 0.000000 0.000000 0.000000 0.000000 0.000000 0.000000 0.000000 0.000000 0.000000 0.000000
 0.478836 0.000000 0.033788 0.000000 0.000000 0.000000 0.479441 0.007936 0.000000 0.000000 0.000000 0.000000 0.000000 0.000000 0.000000 0.000000 0.000000 0.000000 0.000000 0.000000
 0.000000 0.000000 0.499973 0.000000 0.000000 0.000000 0.000000 0.000000 0.000000 0.000000 0.000000 0.000000 0.000000 0.000000 0.500026 0.000001 0.000000 0.000000 0.000000 0.000000
 0.000000 0.000000 0.000000 0.000000 0.000000 0.499999 0.000000 0.000000 0.000000 0.000000 0.000000 0.000000 0.000000 0.500001 0.000000 0.000000 0.000000 0.000000 0.000000 0.000000
 0.000000 0.000000 0.002887 0.000000 0.000000 0.450430 0.000000 0.000000 0.000000 0.000000 0.095508 0.000000 0.000000 0.000001 0.000000 0.000000 0.000845 0.000000 0.000000 0.450330
 0.000000 0.000000 0.000000 0.000098 0.000003 0.000002 0.000000 0.000000 0.000000 0.000000 0.498303 0.000000 0.000000 0.000000 0.000000 0.000935 0.000000 0.498433 0.000000 0.002227
 0.000000 0.000000 0.000000 0.000000 0.500000 0.000000 0.000000 0.000000 0.000000 0.000000 0.000000 0.000000 0.000000 0.000000 0.000000 0.000000 0.499997 0.000000 0.000003 0.000000
 0.000000 0.000000 0.000000 0.000000 0.499994 0.000000 0.000000 0.000000 0.000000 0.500003 0.000000 0.000000 0.000000 0.000000 0.000000 0.000000 0.000000 0.000003 0.000000 0.000000
 0.000000 0.000000 0.092341 0.043604 0.000000 0.000000 0.000000 0.000000 0.000000 0.000000 0.430783 0.000000 0.000000 0.000000 0.000000 0.431343 0.001928 0.000000 0.000000 0.000000
the mean of prob-rank is 1.6842105263157894
the number of false negetive edges is 0
the number of probability greater than 0 is 4.0/edge
