20
 0.000000 0.000000 0.000000 0.000000 0.000000 0.500000 0.500000 0.000000 0.000000 0.000000 0.000000 0.000000 0.000000 0.000000 0.000000 0.000000 0.000000 0.000000 0.000000 0.000000
 0.000000 0.000000 0.000000 0.000000 0.000000 0.000000 0.000000 0.000000 0.000000 0.500000 0.000000 0.000000 0.000000 0.000000 0.000000 0.500000 0.000000 0.000000 0.000000 0.000000
 0.000000 0.000000 0.000000 0.000000 0.500000 0.000000 0.000000 0.000000 0.000000 0.000000 0.000000 0.000000 0.000000 0.000000 0.000000 0.000000 0.500000 0.000000 0.000000 0.000000
 0.000000 0.000000 0.000000 0.000000 0.000000 0.000000 0.000000 0.001620 0.163172 0.000000 0.417496 0.000000 0.417713 0.000000 0.000000 0.000000 0.000000 0.000000 0.000000 0.000000
 0.000000 0.000000 0.353446 0.000000 0.000000 0.000000 0.000000 0.000000 0.339393 0.000000 0.000000 0.000000 0.000000 0.307161 0.000000 0.000000 0.000000 0.000000 0.000000 0.000000
 0.500000 0.000000 0.000000 0.000000 0.000000 0.000000 0.000000 0.000000 0.000000 0.000000 0.000000 0.000000 0.000000 0.000000 0.000000 0.500000 0.000000 0.000000 0.000000 0.000000
 0.500000 0.000000 0.000000 0.000000 0.000000 0.000000 0.000000 0.000000 0.000000 0.000000 0.000000 0.000000 0.000000 0.000000 0.000000 0.000000 0.000000 0.500000 0.000000 0.000000
 0.000000 0.000000 0.000000 0.001851 0.000000 0.000000 0.000000 0.000000 0.000000 0.000000 0.043365 0.000000 0.477368 0.000000 0.000000 0.000000 0.000000 0.000000 0.000000 0.477416
 0.000000 0.000000 0.000000 0.127494 0.313403 0.000000 0.000000 0.000000 0.000000 0.000000 0.326081 0.000000 0.000000 0.233022 0.000000 0.000000 0.000000 0.000000 0.000000 0.000000
 0.000000 0.500000 0.000000 0.000000 0.000000 0.000000 0.000000 0.000000 0.000000 0.000000 0.000000 0.000000 0.000000 0.000000 0.000000 0.000000 0.000000 0.000000 0.500000 0.000000
 0.000000 0.000000 0.000000 0.470632 0.000000 0.000000 0.000000 0.042770 0.470446 0.000000 0.000000 0.000000 0.016151 0.000000 0.000000 0.000000 0.000000 0.000000 0.000000 0.000000
 0.000000 0.000000 0.000000 0.000000 0.000000 0.000000 0.000000 0.000000 0.000000 0.000000 0.000000 0.000000 0.000000 0.346231 0.295813 0.000000 0.000000 0.357956 0.000000 0.000000
 0.000000 0.000000 0.000000 0.491532 0.000000 0.000000 0.000000 0.491473 0.000000 0.000000 0.016860 0.000000 0.000000 0.000000 0.000000 0.000000 0.000000 0.000000 0.000000 0.000135
 0.000000 0.000000 0.000000 0.000000 0.247620 0.000000 0.000000 0.000000 0.203431 0.000000 0.000000 0.275600 0.000000 0.000000 0.273348 0.000000 0.000000 0.000000 0.000000 0.000000
 0.000000 0.000000 0.000000 0.000000 0.000000 0.000000 0.000000 0.000000 0.000000 0.000000 0.000000 0.296652 0.000000 0.344377 0.000000 0.000000 0.358971 0.000000 0.000000 0.000000
 0.000000 0.500000 0.000000 0.000000 0.000000 0.500000 0.000000 0.000000 0.000000 0.000000 0.000000 0.000000 0.000000 0.000000 0.000000 0.000000 0.000000 0.000000 0.000000 0.000000
 0.000000 0.000000 0.500000 0.000000 0.000000 0.000000 0.000000 0.000000 0.000000 0.000000 0.000000 0.000000 0.000000 0.000000 0.500000 0.000000 0.000000 0.000000 0.000000 0.000000
 0.000000 0.000000 0.000000 0.000000 0.000000 0.000000 0.500000 0.000000 0.000000 0.000000 0.000000 0.500000 0.000000 0.000000 0.000000 0.000000 0.000000 0.000000 0.000000 0.000000
 0.000000 0.000000 0.000000 0.000000 0.000000 0.000000 0.000000 0.000000 0.000000 0.500000 0.000000 0.000000 0.000000 0.000000 0.000000 0.000000 0.000000 0.000000 0.000000 0.500000
 0.000000 0.000000 0.000000 0.000000 0.000000 0.000000 0.000000 0.499926 0.000000 0.000000 0.000000 0.000000 0.000137 0.000000 0.000000 0.000000 0.000000 0.000000 0.499937 0.000000
the mean of prob-rank is 1.894736842105263
the number of false negetive edges is 0
the number of probability greater than 0 is 2.8/edge
