20
 0.000000 0.000000 0.000000 0.000000 0.000000 0.002351 0.000000 0.000000 0.477194 0.000000 0.043728 0.000000 0.000000 0.000000 0.476724 0.000000 0.000000 0.000002 0.000000 0.000000
 0.000000 0.000000 0.000000 0.000000 0.041848 0.000000 0.000000 0.000000 0.000000 0.310479 0.310438 0.337222 0.000000 0.000000 0.000000 0.000000 0.000012 0.000000 0.000000 0.000000
 0.000000 0.000000 0.000000 0.354497 0.000000 0.309949 0.335553 0.000000 0.000000 0.000000 0.000000 0.000000 0.000000 0.000000 0.000000 0.000000 0.000000 0.000001 0.000000 0.000000
 0.000000 0.000000 0.355876 0.000000 0.000000 0.336520 0.307605 0.000000 0.000000 0.000000 0.000000 0.000000 0.000000 0.000000 0.000000 0.000000 0.000000 0.000000 0.000000 0.000000
 0.000000 0.046141 0.000000 0.000000 0.000000 0.000000 0.000000 0.000000 0.000000 0.371014 0.214665 0.000025 0.000000 0.000000 0.000000 0.000000 0.000000 0.000000 0.000000 0.368154
 0.001751 0.000000 0.308813 0.333987 0.000000 0.000000 0.000000 0.000000 0.000000 0.000000 0.000004 0.000000 0.000000 0.000000 0.000000 0.355432 0.000000 0.000000 0.000014 0.000000
 0.000000 0.000000 0.335982 0.306805 0.000000 0.000000 0.000000 0.000000 0.000000 0.000000 0.000000 0.000000 0.000000 0.000000 0.000000 0.000000 0.000000 0.357213 0.000000 0.000000
 0.000000 0.000000 0.000000 0.000000 0.000000 0.000000 0.000000 0.000000 0.000000 0.000000 0.000000 0.000000 0.500001 0.000000 0.000000 0.000000 0.000000 0.000000 0.499999 0.000000
 0.492830 0.000000 0.000000 0.000000 0.000000 0.000000 0.000000 0.000000 0.000000 0.000000 0.000000 0.000000 0.000000 0.000000 0.014343 0.000000 0.000000 0.492827 0.000000 0.000000
 0.000000 0.278289 0.000000 0.000000 0.301610 0.000000 0.000000 0.000000 0.000000 0.000000 0.000000 0.287750 0.000000 0.000000 0.000000 0.000000 0.000000 0.000000 0.000000 0.132351
 0.027148 0.272723 0.000000 0.000000 0.171041 0.000003 0.000000 0.000000 0.000000 0.000000 0.000000 0.225437 0.000000 0.000000 0.007059 0.000705 0.295885 0.000000 0.000000 0.000000
 0.000000 0.364359 0.000000 0.000000 0.000025 0.000000 0.000000 0.000000 0.000000 0.346869 0.277263 0.000000 0.000000 0.000000 0.000000 0.000000 0.011474 0.000000 0.000000 0.000010
 0.000000 0.000000 0.000000 0.000000 0.000000 0.000000 0.000000 0.500000 0.000000 0.000000 0.000000 0.000000 0.000000 0.500000 0.000000 0.000000 0.000000 0.000000 0.000000 0.000000
 0.000000 0.000000 0.000000 0.000000 0.000000 0.000000 0.000000 0.000000 0.000000 0.000000 0.000000 0.000000 0.500000 0.000000 0.000000 0.000000 0.000000 0.000000 0.000000 0.500000
 0.486863 0.000000 0.000000 0.000000 0.000000 0.000000 0.000000 0.000000 0.014183 0.000000 0.011612 0.000000 0.000000 0.000000 0.000000 0.000000 0.487342 0.000000 0.000000 0.000000
 0.000000 0.000000 0.000000 0.000000 0.000000 0.499394 0.000000 0.000000 0.000000 0.000000 0.001188 0.000000 0.000000 0.000000 0.000000 0.000000 0.000000 0.000000 0.499417 0.000000
 0.000000 0.000018 0.000000 0.000000 0.000000 0.000000 0.000000 0.000000 0.000000 0.000000 0.491930 0.015510 0.000000 0.000000 0.492542 0.000000 0.000000 0.000000 0.000000 0.000000
 0.000002 0.000000 0.000001 0.000000 0.000000 0.000000 0.500000 0.000000 0.499997 0.000000 0.000000 0.000000 0.000000 0.000000 0.000000 0.000000 0.000000 0.000000 0.000000 0.000000
 0.000000 0.000000 0.000000 0.000000 0.000000 0.000020 0.000000 0.499989 0.000000 0.000000 0.000000 0.000000 0.000000 0.000000 0.000000 0.499991 0.000000 0.000000 0.000000 0.000000
 0.000000 0.000000 0.000000 0.000000 0.407799 0.000000 0.000000 0.000000 0.000000 0.180338 0.000000 0.000012 0.000000 0.411851 0.000000 0.000000 0.000000 0.000000 0.000000 0.000000
the mean of prob-rank is 1.5789473684210527
the number of false negetive edges is 0
the number of probability greater than 0 is 3.9/edge
