20
 0.000000 0.000000 0.000000 0.000000 0.000000 0.000000 0.000000 0.000000 0.500000 0.000000 0.000000 0.000000 0.500000 0.000000 0.000000 0.000000 0.000000 0.000000 0.000000 0.000000
 0.000000 0.000000 0.000000 0.000000 0.000000 0.000000 0.000000 0.000000 0.000000 0.362380 0.000000 0.000000 0.000000 0.000000 0.000000 0.000000 0.000000 0.000000 0.307232 0.330388
 0.000000 0.000000 0.000000 0.000000 0.000000 0.000000 0.000000 0.000000 0.000000 0.000000 0.000000 0.000000 0.000000 0.499968 0.000000 0.000129 0.000000 0.000000 0.000000 0.499904
 0.000000 0.000000 0.000000 0.000000 0.000000 0.000000 0.000000 0.000000 0.000000 0.000000 0.000000 0.003034 0.000000 0.000000 0.273044 0.358217 0.000000 0.365704 0.000000 0.000000
 0.000000 0.000000 0.000000 0.000000 0.000000 0.000000 0.000000 0.000000 0.000000 0.000000 0.435716 0.435754 0.000000 0.000000 0.000000 0.001191 0.000000 0.127339 0.000000 0.000000
 0.000000 0.000000 0.000000 0.000000 0.000000 0.000000 0.499744 0.499730 0.000000 0.000000 0.000000 0.000000 0.000000 0.000000 0.000000 0.000000 0.000022 0.000000 0.000503 0.000000
 0.000000 0.000000 0.000000 0.000000 0.000000 0.500000 0.000000 0.000000 0.000000 0.000000 0.000000 0.000000 0.000000 0.000000 0.000000 0.000000 0.500000 0.000000 0.000000 0.000000
 0.000000 0.000000 0.000000 0.000000 0.000000 0.459158 0.000000 0.000000 0.000000 0.000000 0.000000 0.017804 0.000000 0.000000 0.000000 0.065158 0.000000 0.000000 0.457880 0.000000
 0.500000 0.000000 0.000000 0.000000 0.000000 0.000000 0.000000 0.000000 0.000000 0.000000 0.500000 0.000000 0.000000 0.000000 0.000000 0.000000 0.000000 0.000000 0.000000 0.000000
 0.000000 0.363892 0.000000 0.000000 0.000000 0.000000 0.000000 0.000000 0.000000 0.000000 0.000000 0.000000 0.000000 0.000000 0.000000 0.000000 0.000000 0.000000 0.342972 0.293137
 0.000000 0.000000 0.000000 0.000000 0.484176 0.000000 0.000000 0.000000 0.484422 0.000000 0.000000 0.031402 0.000000 0.000000 0.000000 0.000000 0.000000 0.000000 0.000000 0.000000
 0.000000 0.000000 0.000000 0.003929 0.473404 0.000000 0.000000 0.018364 0.000000 0.000000 0.030701 0.000000 0.000000 0.000000 0.000000 0.473603 0.000000 0.000000 0.000000 0.000000
 0.500000 0.000000 0.000000 0.000000 0.000000 0.000000 0.000000 0.000000 0.000000 0.000000 0.000000 0.000000 0.000000 0.000000 0.000000 0.000000 0.500000 0.000000 0.000000 0.000000
 0.000000 0.000000 0.499999 0.000000 0.000000 0.000000 0.000000 0.000000 0.000000 0.000000 0.000000 0.000000 0.000000 0.000000 0.500001 0.000000 0.000000 0.000000 0.000000 0.000000
 0.000000 0.000000 0.000000 0.277485 0.000000 0.000000 0.000000 0.000000 0.000000 0.000000 0.000000 0.000000 0.000000 0.371652 0.000000 0.000000 0.000000 0.350863 0.000000 0.000000
 0.000000 0.000000 0.000097 0.370547 0.001034 0.000000 0.000000 0.053681 0.000000 0.000000 0.000000 0.378292 0.000000 0.000000 0.000000 0.000000 0.000000 0.185332 0.011017 0.000000
 0.000000 0.000000 0.000000 0.000000 0.000000 0.000022 0.499989 0.000000 0.000000 0.000000 0.000000 0.000000 0.499989 0.000000 0.000000 0.000000 0.000000 0.000000 0.000000 0.000000
 0.000000 0.000000 0.000000 0.366826 0.107151 0.000000 0.000000 0.000000 0.000000 0.000000 0.000000 0.000000 0.000000 0.000000 0.346308 0.179714 0.000000 0.000000 0.000000 0.000000
 0.000000 0.300894 0.000000 0.000000 0.000000 0.000357 0.000000 0.353911 0.000000 0.334502 0.000000 0.000000 0.000000 0.000000 0.000000 0.010336 0.000000 0.000000 0.000000 0.000000
 0.000000 0.335541 0.367987 0.000000 0.000000 0.000000 0.000000 0.000000 0.000000 0.296472 0.000000 0.000000 0.000000 0.000000 0.000000 0.000000 0.000000 0.000000 0.000000 0.000000
the mean of prob-rank is 1.5263157894736843
the number of false negetive edges is 0
the number of probability greater than 0 is 3.4/edge
