20
 0.000000 0.008965 0.000000 0.494836 0.000000 0.000000 0.000000 0.000000 0.000000 0.000000 0.001415 0.000000 0.000000 0.494785 0.000000 0.000000 0.000000 0.000000 0.000000 0.000000
 0.007425 0.000000 0.000000 0.013572 0.134593 0.409626 0.000000 0.000000 0.000000 0.000000 0.025052 0.000000 0.409732 0.000000 0.000000 0.000000 0.000000 0.000000 0.000000 0.000000
 0.000000 0.000000 0.000000 0.000000 0.000117 0.000000 0.000000 0.000000 0.000000 0.000000 0.000000 0.499942 0.000000 0.000000 0.000000 0.000000 0.000000 0.499941 0.000000 0.000000
 0.430178 0.014244 0.000000 0.000000 0.049802 0.000000 0.000000 0.000000 0.000000 0.000000 0.425560 0.000000 0.000000 0.028689 0.005316 0.028679 0.000000 0.017530 0.000000 0.000000
 0.000000 0.136412 0.000097 0.048093 0.000000 0.000581 0.000000 0.000000 0.000000 0.000000 0.415352 0.000000 0.000000 0.000000 0.399405 0.000000 0.000060 0.000000 0.000000 0.000000
 0.000000 0.498946 0.000000 0.000000 0.000698 0.000000 0.000000 0.000000 0.000000 0.000000 0.000000 0.000000 0.001109 0.000000 0.000000 0.000000 0.000003 0.000000 0.000000 0.499244
 0.000000 0.000000 0.000000 0.000000 0.000000 0.000000 0.000000 0.000000 0.000000 0.015848 0.000000 0.000000 0.000000 0.000000 0.000000 0.000000 0.000000 0.000000 0.492748 0.491404
 0.000000 0.000000 0.000000 0.000000 0.000000 0.000000 0.000000 0.000000 0.000000 0.500000 0.000000 0.000000 0.000000 0.000000 0.000000 0.000000 0.500000 0.000000 0.000000 0.000000
 0.000000 0.000000 0.000000 0.000000 0.000000 0.000000 0.000000 0.000000 0.000000 0.000000 0.000000 0.500002 0.000000 0.000000 0.000000 0.000000 0.499998 0.000000 0.000000 0.000000
 0.000000 0.000000 0.000000 0.000000 0.000000 0.000000 0.015830 0.492169 0.000000 0.000000 0.000000 0.000000 0.000000 0.000000 0.000000 0.000000 0.000000 0.000000 0.492002 0.000000
 0.001120 0.023936 0.000000 0.387408 0.391555 0.000000 0.000000 0.000000 0.000000 0.000000 0.000000 0.000000 0.000000 0.000000 0.195981 0.000000 0.000000 0.000000 0.000000 0.000000
 0.000000 0.000000 0.500000 0.000000 0.000000 0.000000 0.000000 0.000000 0.500000 0.000000 0.000000 0.000000 0.000000 0.000000 0.000000 0.000000 0.000000 0.000000 0.000000 0.000000
 0.000000 0.499359 0.000000 0.000000 0.000000 0.001109 0.000000 0.000000 0.000000 0.000000 0.000000 0.000000 0.000000 0.499532 0.000000 0.000000 0.000000 0.000000 0.000000 0.000000
 0.483840 0.000000 0.000000 0.032272 0.000000 0.000000 0.000000 0.000000 0.000000 0.000000 0.000000 0.000000 0.483889 0.000000 0.000000 0.000000 0.000000 0.000000 0.000000 0.000000
 0.000000 0.000000 0.000000 0.004852 0.377514 0.000000 0.000000 0.000000 0.000000 0.000000 0.196498 0.000000 0.000000 0.000000 0.000000 0.392645 0.000000 0.028491 0.000000 0.000000
 0.000000 0.000000 0.000000 0.032273 0.000000 0.000000 0.000000 0.000000 0.000000 0.000000 0.000000 0.000000 0.000000 0.000000 0.484082 0.000000 0.000000 0.483645 0.000000 0.000000
 0.000000 0.000000 0.000000 0.000000 0.000073 0.000003 0.000000 0.499964 0.499960 0.000000 0.000000 0.000000 0.000000 0.000000 0.000000 0.000000 0.000000 0.000000 0.000000 0.000000
 0.000000 0.000000 0.473392 0.019292 0.000000 0.000000 0.000000 0.000000 0.000000 0.000000 0.000000 0.000000 0.000000 0.000000 0.034351 0.472965 0.000000 0.000000 0.000000 0.000000
 0.000000 0.000000 0.000000 0.000000 0.000000 0.000000 0.476476 0.000000 0.000000 0.476315 0.000000 0.000000 0.000000 0.000000 0.000000 0.000000 0.000000 0.000000 0.000000 0.047209
 0.000000 0.000000 0.000000 0.000000 0.000000 0.477017 0.475720 0.000000 0.000000 0.000000 0.000000 0.000000 0.000000 0.000000 0.000000 0.000000 0.000000 0.000000 0.047263 0.000000
the mean of prob-rank is 1.368421052631579
the number of false negetive edges is 0
the number of probability greater than 0 is 3.9/edge
