20
 0.000000 0.000000 0.000000 0.000000 0.000000 0.000000 0.000000 0.500000 0.000000 0.000000 0.000000 0.000000 0.000000 0.000000 0.000000 0.000000 0.500000 0.000000 0.000000 0.000000
 0.000000 0.000000 0.000000 0.500000 0.000000 0.000000 0.000000 0.000000 0.000000 0.000000 0.500000 0.000000 0.000000 0.000000 0.000000 0.000000 0.000000 0.000000 0.000000 0.000000
 0.000000 0.000000 0.000000 0.000000 0.499999 0.000000 0.000000 0.000000 0.000000 0.000000 0.000000 0.000000 0.000000 0.000000 0.000000 0.500001 0.000000 0.000000 0.000000 0.000000
 0.000000 0.500001 0.000000 0.000000 0.000000 0.000000 0.000000 0.000000 0.000000 0.000000 0.000000 0.000000 0.000000 0.000000 0.499999 0.000000 0.000000 0.000000 0.000000 0.000000
 0.000000 0.000000 0.326413 0.000000 0.000000 0.143180 0.000000 0.000000 0.000000 0.000000 0.000000 0.000000 0.294248 0.236158 0.000000 0.000000 0.000000 0.000000 0.000000 0.000000
 0.000000 0.000000 0.000000 0.000000 0.180241 0.000000 0.000000 0.000000 0.000000 0.000000 0.000000 0.000000 0.000000 0.408875 0.000000 0.000000 0.410884 0.000000 0.000000 0.000000
 0.000000 0.000000 0.000000 0.000000 0.000000 0.000000 0.000000 0.500000 0.000000 0.000000 0.500000 0.000000 0.000000 0.000000 0.000000 0.000000 0.000000 0.000000 0.000000 0.000000
 0.500000 0.000000 0.000000 0.000000 0.000000 0.000000 0.500000 0.000000 0.000000 0.000000 0.000000 0.000000 0.000000 0.000000 0.000000 0.000000 0.000000 0.000000 0.000000 0.000000
 0.000000 0.000000 0.000000 0.000000 0.000000 0.000000 0.000000 0.000000 0.000000 0.000000 0.000000 0.300695 0.000000 0.148363 0.000000 0.000000 0.000000 0.000000 0.316497 0.234445
 0.000000 0.000000 0.000000 0.000000 0.000000 0.000000 0.000000 0.000000 0.000000 0.000000 0.000000 0.500000 0.000000 0.000000 0.000000 0.000000 0.000000 0.500000 0.000000 0.000000
 0.000000 0.500000 0.000000 0.000000 0.000000 0.000000 0.500000 0.000000 0.000000 0.000000 0.000000 0.000000 0.000000 0.000000 0.000000 0.000000 0.000000 0.000000 0.000000 0.000000
 0.000000 0.000000 0.000000 0.000000 0.000000 0.000000 0.000000 0.000000 0.350916 0.370848 0.000000 0.000000 0.000000 0.278235 0.000000 0.000000 0.000000 0.000000 0.000001 0.000000
 0.000000 0.000000 0.000000 0.000000 0.248954 0.000000 0.000000 0.000000 0.000000 0.000000 0.000000 0.000000 0.000000 0.259371 0.000000 0.243485 0.000000 0.000000 0.000003 0.248187
 0.000000 0.000000 0.000000 0.000000 0.184190 0.253328 0.000000 0.000000 0.118861 0.000000 0.000000 0.191006 0.239100 0.000000 0.000000 0.000000 0.000000 0.000000 0.000000 0.013515
 0.000000 0.000000 0.000000 0.499999 0.000000 0.000000 0.000000 0.000000 0.000000 0.000000 0.000000 0.000000 0.000000 0.000000 0.000000 0.000000 0.000000 0.500001 0.000000 0.000000
 0.000000 0.000000 0.373003 0.000000 0.000000 0.000000 0.000000 0.000000 0.000000 0.000000 0.000000 0.000000 0.328859 0.000000 0.000000 0.000000 0.000000 0.000000 0.279684 0.018454
 0.500012 0.000000 0.000000 0.000000 0.000000 0.499988 0.000000 0.000000 0.000000 0.000000 0.000000 0.000000 0.000000 0.000000 0.000000 0.000000 0.000000 0.000000 0.000000 0.000000
 0.000000 0.000000 0.000000 0.000000 0.000000 0.000000 0.000000 0.000000 0.000000 0.500000 0.000000 0.000000 0.000000 0.000000 0.500000 0.000000 0.000000 0.000000 0.000000 0.000000
 0.000000 0.000000 0.000000 0.000000 0.000000 0.000000 0.000000 0.000000 0.362728 0.000000 0.000000 0.000001 0.000004 0.000000 0.000000 0.273078 0.000000 0.000000 0.000000 0.364189
 0.000000 0.000000 0.000000 0.000000 0.000000 0.000000 0.000000 0.000000 0.269358 0.000000 0.000000 0.000000 0.328105 0.019382 0.000000 0.018063 0.000000 0.000000 0.365093 0.000000
the mean of prob-rank is 1.894736842105263
the number of false negetive edges is 0
the number of probability greater than 0 is 3.0/edge
