20
 0.000000 0.000000 0.000000 0.000000 0.000000 0.500000 0.000000 0.000000 0.000000 0.500000 0.000000 0.000000 0.000000 0.000000 0.000000 0.000000 0.000000 0.000000 0.000000 0.000000
 0.000000 0.000000 0.000000 0.000000 0.000609 0.000000 0.000000 0.000000 0.000000 0.000000 0.000000 0.210863 0.284985 0.000000 0.285573 0.000000 0.000000 0.217969 0.000000 0.000000
 0.000000 0.000000 0.000000 0.000000 0.000000 0.000000 0.000000 0.500146 0.000000 0.000000 0.000000 0.000000 0.000000 0.000000 0.000000 0.000000 0.000000 0.000107 0.499746 0.000000
 0.000000 0.000000 0.000000 0.000000 0.000000 0.000000 0.000000 0.000000 0.000000 0.000000 0.000000 0.000000 0.000000 0.000000 0.000000 0.000000 0.000000 0.000000 0.500003 0.499997
 0.000000 0.001051 0.000000 0.000000 0.000000 0.000000 0.000000 0.000000 0.000000 0.000000 0.000000 0.498346 0.000000 0.000000 0.000000 0.000000 0.497027 0.003575 0.000000 0.000000
 0.500000 0.000000 0.000000 0.000000 0.000000 0.000000 0.000000 0.000000 0.000000 0.000000 0.000000 0.000000 0.000000 0.500000 0.000000 0.000000 0.000000 0.000000 0.000000 0.000000
 0.000000 0.000000 0.000000 0.000000 0.000000 0.000000 0.000000 0.000000 0.345186 0.000000 0.354432 0.000000 0.000000 0.000000 0.000000 0.300382 0.000000 0.000000 0.000000 0.000000
 0.000000 0.000000 0.499999 0.000000 0.000000 0.000000 0.000000 0.000000 0.000000 0.000000 0.000000 0.000000 0.000000 0.000000 0.500000 0.000000 0.000000 0.000001 0.000000 0.000000
 0.000000 0.000000 0.000000 0.000000 0.000000 0.000000 0.353394 0.000000 0.000000 0.000000 0.261245 0.000000 0.000000 0.362796 0.000000 0.006644 0.000000 0.000000 0.000000 0.015922
 0.500000 0.000000 0.000000 0.000000 0.000000 0.000000 0.000000 0.000000 0.000000 0.000000 0.000000 0.000000 0.000000 0.000000 0.000000 0.000000 0.500000 0.000000 0.000000 0.000000
 0.000000 0.000000 0.000000 0.000000 0.000000 0.000000 0.373107 0.000000 0.268623 0.000000 0.000000 0.000000 0.000000 0.000008 0.000000 0.358261 0.000000 0.000000 0.000000 0.000000
 0.000000 0.230000 0.000000 0.000000 0.315147 0.000000 0.000000 0.000000 0.000000 0.000000 0.000000 0.000000 0.137955 0.000000 0.006518 0.000000 0.000000 0.310379 0.000000 0.000000
 0.000000 0.377761 0.000000 0.000000 0.000000 0.000000 0.000000 0.000000 0.000000 0.000000 0.000000 0.167651 0.000000 0.000000 0.071597 0.000000 0.000000 0.382991 0.000000 0.000000
 0.000000 0.000000 0.000000 0.000000 0.000000 0.500038 0.000000 0.000000 0.499951 0.000000 0.000011 0.000000 0.000000 0.000000 0.000000 0.000000 0.000000 0.000000 0.000000 0.000000
 0.000000 0.422107 0.000000 0.000000 0.000000 0.000000 0.000000 0.427070 0.000000 0.000000 0.000000 0.008832 0.079837 0.000000 0.000000 0.000000 0.000000 0.062153 0.000000 0.000000
 0.000000 0.000000 0.000000 0.000000 0.000000 0.000000 0.299898 0.000000 0.006480 0.000000 0.339780 0.000000 0.000000 0.000000 0.000000 0.000000 0.000000 0.000000 0.000000 0.353842
 0.000000 0.000000 0.000000 0.000000 0.493293 0.000000 0.000000 0.000000 0.000000 0.494609 0.000000 0.000000 0.000000 0.000000 0.000000 0.000000 0.000000 0.012098 0.000000 0.000000
 0.000000 0.258654 0.000074 0.000000 0.002460 0.000000 0.000000 0.000000 0.000000 0.000000 0.000000 0.337668 0.342860 0.000000 0.049898 0.000000 0.008386 0.000000 0.000000 0.000000
 0.000000 0.000000 0.499800 0.500200 0.000000 0.000000 0.000000 0.000000 0.000000 0.000000 0.000000 0.000000 0.000000 0.000000 0.000000 0.000000 0.000000 0.000000 0.000000 0.000000
 0.000000 0.000000 0.000000 0.489275 0.000000 0.000000 0.000000 0.000000 0.021469 0.000000 0.000000 0.000000 0.000000 0.000000 0.000000 0.489256 0.000000 0.000000 0.000000 0.000000
the mean of prob-rank is 1.4736842105263157
the number of false negetive edges is 0
the number of probability greater than 0 is 3.5/edge
