20
 0.000000 0.000000 0.000000 0.000000 0.003136 0.000000 0.000000 0.000000 0.000000 0.000000 0.489482 0.000000 0.000000 0.000000 0.000000 0.000000 0.017985 0.000000 0.000000 0.489397
 0.000000 0.000000 0.012165 0.000000 0.000002 0.000000 0.000000 0.000000 0.002627 0.000000 0.000000 0.000000 0.469003 0.000000 0.022693 0.490996 0.000000 0.000000 0.002513 0.000000
 0.000000 0.009455 0.000000 0.034068 0.000000 0.000000 0.001457 0.000000 0.000000 0.000000 0.000000 0.000000 0.186337 0.000000 0.013077 0.379737 0.000000 0.000000 0.375868 0.000000
 0.000000 0.000000 0.041929 0.000000 0.000000 0.000000 0.469950 0.000000 0.000000 0.000000 0.000000 0.000000 0.014456 0.000000 0.000000 0.005405 0.000000 0.000000 0.468260 0.000000
 0.003051 0.000002 0.000000 0.000000 0.000000 0.000000 0.000000 0.000000 0.000000 0.000000 0.001798 0.475919 0.000000 0.000000 0.000000 0.000000 0.043045 0.000019 0.000000 0.476166
 0.000000 0.000000 0.000000 0.000000 0.000000 0.000000 0.000000 0.000000 0.000000 0.000000 0.500000 0.000000 0.000000 0.000000 0.000000 0.000000 0.000000 0.500000 0.000000 0.000000
 0.000000 0.000000 0.001565 0.410220 0.000000 0.000000 0.000000 0.000000 0.000000 0.000000 0.000000 0.000000 0.004968 0.000000 0.000000 0.003726 0.000000 0.408361 0.171159 0.000000
 0.000000 0.000000 0.000000 0.000000 0.000000 0.000000 0.000000 0.000000 0.031489 0.464470 0.000000 0.000000 0.000000 0.457711 0.046329 0.000000 0.000000 0.000000 0.000000 0.000000
 0.000000 0.002537 0.000000 0.000000 0.000000 0.000000 0.000000 0.032163 0.000000 0.474389 0.000000 0.000000 0.000000 0.033748 0.457163 0.000000 0.000000 0.000000 0.000000 0.000000
 0.000000 0.000000 0.000000 0.000000 0.000000 0.000000 0.000000 0.486444 0.486431 0.000000 0.000000 0.000000 0.000000 0.000000 0.027125 0.000000 0.000000 0.000000 0.000000 0.000000
 0.498590 0.000000 0.000000 0.000000 0.001883 0.498632 0.000000 0.000000 0.000000 0.000000 0.000000 0.000000 0.000000 0.000000 0.000000 0.000000 0.000000 0.000000 0.000000 0.000896
 0.000000 0.000000 0.000000 0.000000 0.491598 0.000000 0.000000 0.000000 0.000000 0.000000 0.000000 0.000000 0.000000 0.014969 0.000000 0.000000 0.491740 0.000000 0.000000 0.001692
 0.000000 0.360806 0.184432 0.011625 0.000000 0.000000 0.004577 0.000000 0.000000 0.000000 0.000000 0.000000 0.000000 0.000000 0.377947 0.043681 0.000000 0.000000 0.016931 0.000000
 0.000000 0.000000 0.000000 0.000000 0.000000 0.000000 0.000000 0.472241 0.034090 0.000000 0.000000 0.014584 0.000000 0.000000 0.000000 0.000000 0.479085 0.000000 0.000000 0.000000
 0.000000 0.020990 0.015562 0.000000 0.000000 0.000000 0.000000 0.045326 0.437901 0.025339 0.000000 0.000000 0.454414 0.000000 0.000000 0.000459 0.000000 0.000000 0.000009 0.000000
 0.000000 0.431375 0.429239 0.004965 0.000000 0.000000 0.003920 0.000000 0.000000 0.000000 0.000000 0.000000 0.049885 0.000000 0.000436 0.000000 0.000000 0.000000 0.080179 0.000000
 0.017276 0.000000 0.000000 0.000000 0.042507 0.000000 0.000000 0.000000 0.000000 0.000000 0.000000 0.470116 0.000000 0.470100 0.000000 0.000000 0.000000 0.000000 0.000000 0.000001
 0.000000 0.000000 0.000000 0.000000 0.000020 0.500385 0.498111 0.000000 0.000000 0.000000 0.000000 0.000000 0.000000 0.000000 0.000000 0.000000 0.000000 0.000000 0.000000 0.001484
 0.000000 0.001942 0.373752 0.378331 0.000000 0.000000 0.158424 0.000000 0.000000 0.000000 0.000000 0.000000 0.017010 0.000000 0.000007 0.070533 0.000000 0.000000 0.000000 0.000000
 0.497895 0.000000 0.000000 0.000000 0.498019 0.000000 0.000000 0.000000 0.000000 0.000000 0.000895 0.001714 0.000000 0.000000 0.000000 0.000000 0.000001 0.001477 0.000000 0.000000
the mean of prob-rank is 1.368421052631579
the number of false negetive edges is 0
the number of probability greater than 0 is 5.2/edge
