20
 0.000000 0.000000 0.488190 0.000000 0.000000 0.000000 0.000000 0.000000 0.000000 0.000000 0.000000 0.000000 0.000007 0.000000 0.023847 0.000000 0.000000 0.487956 0.000000 0.000000
 0.000000 0.000000 0.000000 0.000000 0.000000 0.499731 0.000000 0.000000 0.000000 0.000000 0.000000 0.000560 0.000000 0.000000 0.000000 0.000000 0.000000 0.000000 0.499709 0.000000
 0.466786 0.000000 0.000000 0.000000 0.000000 0.000000 0.000000 0.000000 0.000000 0.000000 0.000000 0.000000 0.466645 0.000000 0.000000 0.000000 0.000000 0.066569 0.000000 0.000000
 0.000000 0.000000 0.000000 0.000000 0.000000 0.000000 0.000000 0.500000 0.500000 0.000000 0.000000 0.000000 0.000000 0.000000 0.000000 0.000000 0.000000 0.000000 0.000000 0.000000
 0.000000 0.000000 0.000000 0.000000 0.000000 0.000000 0.000000 0.000000 0.000000 0.000000 0.500000 0.000000 0.000000 0.000000 0.000000 0.500000 0.000000 0.000000 0.000000 0.000000
 0.000000 0.500000 0.000000 0.000000 0.000000 0.000000 0.000000 0.000000 0.000000 0.000000 0.000000 0.000000 0.000000 0.000000 0.000000 0.000000 0.500000 0.000000 0.000000 0.000000
 0.000000 0.000000 0.000000 0.000000 0.000000 0.000000 0.000000 0.000000 0.000000 0.000000 0.000000 0.000000 0.000000 0.000000 0.000000 0.500000 0.000000 0.000000 0.000000 0.500000
 0.000000 0.000000 0.000000 0.500000 0.000000 0.000000 0.000000 0.000000 0.000000 0.000000 0.500000 0.000000 0.000000 0.000000 0.000000 0.000000 0.000000 0.000000 0.000000 0.000000
 0.000000 0.000000 0.000000 0.487976 0.000000 0.000000 0.000000 0.000000 0.000000 0.024254 0.000000 0.000000 0.000000 0.487771 0.000000 0.000000 0.000000 0.000000 0.000000 0.000000
 0.000000 0.000000 0.000000 0.000000 0.000000 0.000000 0.000000 0.000000 0.024285 0.000000 0.000000 0.487116 0.000000 0.488599 0.000000 0.000000 0.000000 0.000000 0.000000 0.000000
 0.000000 0.000000 0.000000 0.000000 0.500000 0.000000 0.000000 0.500000 0.000000 0.000000 0.000000 0.000000 0.000000 0.000000 0.000000 0.000000 0.000000 0.000000 0.000000 0.000000
 0.000000 0.000551 0.000000 0.000000 0.000000 0.000000 0.000000 0.000000 0.000000 0.490681 0.000000 0.000000 0.492017 0.001896 0.000000 0.000000 0.000000 0.000000 0.014855 0.000000
 0.000007 0.000000 0.470073 0.000000 0.000000 0.000000 0.000000 0.000000 0.000000 0.000000 0.000000 0.470065 0.000000 0.015888 0.000000 0.000000 0.000000 0.043966 0.000001 0.000000
 0.000000 0.000000 0.000000 0.000000 0.000000 0.000000 0.000000 0.000000 0.490658 0.490865 0.000000 0.001891 0.016586 0.000000 0.000000 0.000000 0.000000 0.000000 0.000000 0.000000
 0.023842 0.000000 0.000000 0.000000 0.000000 0.000000 0.000000 0.000000 0.000000 0.000000 0.000000 0.000000 0.000000 0.000000 0.000000 0.000000 0.000000 0.488054 0.488103 0.000000
 0.000000 0.000000 0.000000 0.000000 0.500000 0.000000 0.500000 0.000000 0.000000 0.000000 0.000000 0.000000 0.000000 0.000000 0.000000 0.000000 0.000000 0.000000 0.000000 0.000000
 0.000000 0.000000 0.000000 0.000000 0.000000 0.500000 0.000000 0.000000 0.000000 0.000000 0.000000 0.000000 0.000000 0.000000 0.000000 0.000000 0.000000 0.000000 0.000000 0.500000
 0.446880 0.000000 0.063761 0.000000 0.000000 0.000000 0.000000 0.000000 0.000000 0.000000 0.000000 0.000000 0.041804 0.000000 0.447050 0.000000 0.000000 0.000000 0.000505 0.000000
 0.000000 0.492281 0.000000 0.000000 0.000000 0.000000 0.000000 0.000000 0.000000 0.000000 0.000000 0.014858 0.000001 0.000000 0.492303 0.000000 0.000000 0.000556 0.000000 0.000000
 0.000000 0.000000 0.000000 0.000000 0.000000 0.000000 0.500000 0.000000 0.000000 0.000000 0.000000 0.000000 0.000000 0.000000 0.000000 0.000000 0.500000 0.000000 0.000000 0.000000
the mean of prob-rank is 1.5263157894736843
the number of false negetive edges is 0
the number of probability greater than 0 is 3.0/edge
