20
 0.000000 0.000000 0.000000 0.000000 0.000000 0.000000 0.000000 0.000000 0.000000 0.000000 0.000000 0.499785 0.000000 0.000000 0.000000 0.000000 0.499785 0.000430 0.000000 0.000000
 0.000000 0.000000 0.500004 0.000000 0.000000 0.000000 0.000000 0.000000 0.000000 0.000000 0.499996 0.000000 0.000000 0.000000 0.000000 0.000000 0.000000 0.000000 0.000000 0.000000
 0.000000 0.500001 0.000000 0.000000 0.000000 0.000000 0.000000 0.000000 0.000000 0.000000 0.000000 0.000000 0.000000 0.000000 0.000000 0.000000 0.000000 0.000001 0.499998 0.000000
 0.000000 0.000000 0.000000 0.000000 0.371353 0.000000 0.000000 0.000000 0.000000 0.000000 0.000000 0.000001 0.000000 0.000000 0.115275 0.000009 0.000000 0.357387 0.000000 0.155975
 0.000000 0.000000 0.000000 0.498811 0.000000 0.000000 0.498811 0.000000 0.000000 0.000000 0.000000 0.000000 0.000000 0.000000 0.000000 0.002378 0.000000 0.000000 0.000000 0.000000
 0.000000 0.000000 0.000000 0.000000 0.000000 0.000000 0.000000 0.003904 0.405804 0.000000 0.405297 0.000000 0.168680 0.016314 0.000000 0.000000 0.000000 0.000000 0.000000 0.000000
 0.000000 0.000000 0.000000 0.000000 0.500000 0.000000 0.000000 0.000000 0.000000 0.000000 0.000000 0.500000 0.000000 0.000000 0.000000 0.000000 0.000000 0.000000 0.000000 0.000000
 0.000000 0.000000 0.000000 0.000000 0.000000 0.003554 0.000000 0.000000 0.227388 0.000000 0.000000 0.000000 0.040232 0.000166 0.000003 0.368371 0.000000 0.000000 0.000000 0.360286
 0.000000 0.000000 0.000000 0.000000 0.000000 0.306939 0.000000 0.188941 0.000000 0.000000 0.076836 0.000000 0.299021 0.000001 0.085789 0.000002 0.000000 0.008204 0.000000 0.034266
 0.000000 0.000000 0.000000 0.000000 0.000000 0.000000 0.000000 0.000000 0.000000 0.000000 0.000000 0.000000 0.000000 0.000000 0.000000 0.000000 0.500000 0.000000 0.500000 0.000000
 0.000000 0.444740 0.000000 0.000000 0.000000 0.443912 0.000000 0.000000 0.111264 0.000000 0.000000 0.000000 0.000000 0.000062 0.000000 0.000000 0.000000 0.000023 0.000000 0.000000
 0.499998 0.000000 0.000000 0.000001 0.000000 0.000000 0.499999 0.000000 0.000000 0.000000 0.000000 0.000000 0.000000 0.000000 0.000000 0.000000 0.000000 0.000002 0.000000 0.000000
 0.000000 0.000000 0.000000 0.000000 0.000000 0.166304 0.000000 0.043575 0.389766 0.000000 0.000000 0.000000 0.000000 0.400314 0.000000 0.000041 0.000000 0.000000 0.000000 0.000000
 0.000000 0.000000 0.000000 0.000000 0.000000 0.019688 0.000000 0.000220 0.000002 0.000000 0.000068 0.000000 0.489996 0.000000 0.000000 0.490026 0.000000 0.000000 0.000000 0.000000
 0.000000 0.000000 0.000000 0.119974 0.000000 0.000000 0.000000 0.000003 0.107955 0.000000 0.000000 0.000000 0.000000 0.000000 0.000000 0.000000 0.000000 0.386491 0.000000 0.385577
 0.000000 0.000000 0.000000 0.000011 0.002074 0.000000 0.000000 0.433589 0.000002 0.000000 0.000000 0.000000 0.000045 0.435069 0.000000 0.000000 0.000000 0.000000 0.000000 0.129210
 0.500000 0.000000 0.000000 0.000000 0.000000 0.000000 0.000000 0.000000 0.000000 0.500000 0.000000 0.000000 0.000000 0.000000 0.000000 0.000000 0.000000 0.000000 0.000000 0.000000
 0.000384 0.000000 0.000001 0.429151 0.000000 0.000000 0.000000 0.000000 0.011912 0.000000 0.000023 0.000001 0.000000 0.000000 0.445922 0.000000 0.000000 0.000000 0.000000 0.112607
 0.000000 0.000000 0.499999 0.000000 0.000000 0.000000 0.000000 0.000000 0.000000 0.500001 0.000000 0.000000 0.000000 0.000000 0.000000 0.000000 0.000000 0.000000 0.000000 0.000000
 0.000000 0.000000 0.000000 0.137555 0.000000 0.000000 0.000000 0.319220 0.036538 0.000000 0.000000 0.000000 0.000000 0.000000 0.326723 0.097262 0.000000 0.082702 0.000000 0.000000
the mean of prob-rank is 1.4736842105263157
the number of false negetive edges is 0
the number of probability greater than 0 is 4.55/edge
