20
 0.000000 0.000000 0.000000 0.000000 0.000000 0.000000 0.000000 0.000000 0.061915 0.000000 0.000000 0.006850 0.000000 0.458358 0.000000 0.000000 0.000000 0.000000 0.000000 0.472878
 0.000000 0.000000 0.178704 0.000000 0.000000 0.000000 0.000000 0.000000 0.000000 0.000000 0.000000 0.000000 0.000000 0.000000 0.249823 0.262108 0.000000 0.309364 0.000000 0.000000
 0.000000 0.206399 0.000000 0.000000 0.357309 0.000000 0.000000 0.000000 0.000000 0.000000 0.000000 0.353028 0.000000 0.000000 0.002349 0.080914 0.000000 0.000000 0.000000 0.000000
 0.000000 0.000000 0.000000 0.000000 0.000000 0.000000 0.415524 0.414582 0.169894 0.000000 0.000000 0.000000 0.000000 0.000000 0.000000 0.000000 0.000000 0.000000 0.000000 0.000000
 0.000000 0.000000 0.500002 0.000000 0.000000 0.000000 0.000000 0.000000 0.000000 0.000000 0.499998 0.000000 0.000000 0.000000 0.000000 0.000000 0.000000 0.000000 0.000000 0.000000
 0.000000 0.000000 0.000000 0.000000 0.000000 0.000000 0.000000 0.000000 0.000000 0.000000 0.390661 0.000000 0.000000 0.000000 0.000000 0.000000 0.233852 0.000000 0.375487 0.000000
 0.000000 0.000000 0.000000 0.293003 0.000000 0.000000 0.000000 0.000000 0.000000 0.000000 0.000000 0.000000 0.000000 0.263044 0.000000 0.000000 0.203544 0.000000 0.240408 0.000000
 0.000000 0.000000 0.000000 0.493628 0.000000 0.000000 0.000000 0.000000 0.494750 0.000000 0.000000 0.000000 0.000000 0.010773 0.000000 0.000000 0.000000 0.000000 0.000000 0.000849
 0.040009 0.000000 0.000000 0.124940 0.000000 0.000000 0.000000 0.305576 0.000000 0.000000 0.000000 0.000000 0.000000 0.268165 0.000000 0.000000 0.000000 0.000000 0.000000 0.261310
 0.000000 0.000000 0.000000 0.000000 0.000000 0.000000 0.000000 0.000000 0.000000 0.000000 0.000000 0.001712 0.299402 0.000000 0.293580 0.007220 0.000000 0.179323 0.000000 0.218763
 0.000000 0.000000 0.000000 0.000000 0.499998 0.500002 0.000000 0.000000 0.000000 0.000000 0.000000 0.000000 0.000000 0.000000 0.000000 0.000000 0.000000 0.000000 0.000000 0.000000
 0.005207 0.000000 0.355163 0.000000 0.000000 0.000000 0.000000 0.000000 0.000000 0.002054 0.000000 0.000000 0.000000 0.123952 0.155657 0.357581 0.000385 0.000000 0.000000 0.000001
 0.000000 0.000000 0.000000 0.000000 0.000000 0.000000 0.000000 0.000000 0.000000 0.352926 0.000000 0.000000 0.000000 0.000000 0.002906 0.000000 0.000000 0.324215 0.000000 0.319953
 0.239268 0.000000 0.000000 0.000000 0.000000 0.000000 0.221610 0.005375 0.216629 0.000000 0.000000 0.085119 0.000000 0.000000 0.000000 0.000000 0.231981 0.000000 0.000017 0.000000
 0.000000 0.186203 0.001516 0.000000 0.000000 0.000000 0.000000 0.000000 0.000000 0.225932 0.000000 0.099846 0.001897 0.000000 0.000000 0.223423 0.000000 0.209742 0.000000 0.051440
 0.000000 0.276742 0.073968 0.000000 0.000000 0.000000 0.000000 0.000000 0.000000 0.007871 0.000000 0.324921 0.000000 0.000000 0.316497 0.000000 0.000000 0.000000 0.000000 0.000000
 0.000000 0.000000 0.000000 0.000000 0.000000 0.185091 0.214798 0.000000 0.000000 0.000000 0.000000 0.000331 0.000000 0.290578 0.000000 0.000000 0.000000 0.000000 0.309203 0.000000
 0.000000 0.291877 0.000000 0.000000 0.000000 0.000000 0.000000 0.000000 0.000000 0.174688 0.000000 0.000000 0.267936 0.000000 0.265498 0.000000 0.000000 0.000000 0.000000 0.000000
 0.000000 0.000000 0.000000 0.000000 0.000000 0.345526 0.294959 0.000000 0.000000 0.000000 0.000000 0.000000 0.000000 0.000025 0.000000 0.000000 0.359490 0.000000 0.000000 0.000000
 0.269105 0.000000 0.000000 0.000000 0.000000 0.000000 0.000000 0.000462 0.230125 0.196484 0.000000 0.000001 0.243788 0.000000 0.060035 0.000000 0.000000 0.000000 0.000000 0.000000
the mean of prob-rank is 1.6842105263157894
the number of false negetive edges is 0
the number of probability greater than 0 is 4.65/edge
