20
 0.000000 0.000000 0.243049 0.000000 0.019014 0.204721 0.000000 0.000000 0.000000 0.000000 0.000000 0.241468 0.145661 0.000000 0.000000 0.000000 0.000000 0.000000 0.000000 0.146087
 0.000000 0.000000 0.000000 0.000000 0.000000 0.000000 0.000000 0.000000 0.500000 0.500000 0.000000 0.000000 0.000000 0.000000 0.000000 0.000000 0.000000 0.000000 0.000000 0.000000
 0.378718 0.000000 0.000000 0.000000 0.390710 0.000000 0.000000 0.000000 0.000000 0.000000 0.000000 0.222758 0.000010 0.000000 0.007804 0.000000 0.000000 0.000000 0.000000 0.000000
 0.000000 0.000000 0.000000 0.000000 0.000000 0.399405 0.000000 0.000000 0.000000 0.000000 0.000000 0.000000 0.000000 0.389396 0.000000 0.000000 0.211198 0.000000 0.000000 0.000001
 0.031283 0.000000 0.412541 0.000000 0.000000 0.000000 0.000000 0.000000 0.000000 0.000000 0.000000 0.000000 0.412232 0.000000 0.143578 0.000000 0.000000 0.000000 0.000000 0.000366
 0.268948 0.000000 0.000000 0.329466 0.000000 0.000000 0.000000 0.000000 0.000000 0.000000 0.000000 0.000000 0.000000 0.110301 0.000000 0.000000 0.000000 0.000000 0.000005 0.291279
 0.000000 0.000000 0.000000 0.000000 0.000000 0.000000 0.000000 0.000000 0.000000 0.500000 0.000000 0.000000 0.000000 0.000000 0.000000 0.500000 0.000000 0.000000 0.000000 0.000000
 0.000000 0.000000 0.000000 0.000000 0.000000 0.000000 0.000000 0.000000 0.000000 0.000000 0.500000 0.000000 0.000000 0.000000 0.000000 0.000000 0.500000 0.000000 0.000000 0.000000
 0.000000 0.500000 0.000000 0.000000 0.000000 0.000000 0.000000 0.000000 0.000000 0.000000 0.500000 0.000000 0.000000 0.000000 0.000000 0.000000 0.000000 0.000000 0.000000 0.000000
 0.000000 0.500000 0.000000 0.000000 0.000000 0.000000 0.500000 0.000000 0.000000 0.000000 0.000000 0.000000 0.000000 0.000000 0.000000 0.000000 0.000000 0.000000 0.000000 0.000000
 0.000000 0.000000 0.000000 0.000000 0.000000 0.000000 0.000000 0.500000 0.500000 0.000000 0.000000 0.000000 0.000000 0.000000 0.000000 0.000000 0.000000 0.000000 0.000000 0.000000
 0.380136 0.000000 0.225056 0.000000 0.000000 0.000000 0.000000 0.000000 0.000000 0.000000 0.000000 0.000000 0.000000 0.000000 0.000000 0.000000 0.000000 0.394808 0.000000 0.000000
 0.192224 0.000000 0.000009 0.000000 0.330653 0.000000 0.000000 0.000000 0.000000 0.000000 0.000000 0.000000 0.000000 0.000000 0.329607 0.000000 0.000000 0.000000 0.000000 0.147507
 0.000000 0.000000 0.000000 0.355485 0.000000 0.122071 0.000000 0.000000 0.000000 0.000000 0.000000 0.000000 0.000000 0.000000 0.000000 0.000000 0.356502 0.000000 0.000000 0.165942
 0.000000 0.000000 0.008451 0.000000 0.147254 0.000000 0.000000 0.000000 0.000000 0.000000 0.000000 0.000000 0.421447 0.000000 0.000000 0.000000 0.000000 0.000000 0.000000 0.422848
 0.000000 0.000000 0.000000 0.000000 0.000000 0.000000 0.500000 0.000000 0.000000 0.000000 0.000000 0.000000 0.000000 0.000000 0.000000 0.000000 0.000000 0.000000 0.500000 0.000000
 0.000000 0.000000 0.000000 0.210963 0.000000 0.000000 0.000000 0.398962 0.000000 0.000000 0.000000 0.000000 0.000000 0.390075 0.000000 0.000000 0.000000 0.000000 0.000000 0.000000
 0.000000 0.000000 0.000000 0.000000 0.000000 0.000000 0.000000 0.000000 0.000000 0.000000 0.000000 0.499999 0.000000 0.000000 0.000000 0.000000 0.000000 0.000000 0.500001 0.000000
 0.000000 0.000000 0.000000 0.000000 0.000000 0.000007 0.000000 0.000000 0.000000 0.000000 0.000000 0.000000 0.000000 0.000000 0.000000 0.499996 0.000000 0.499996 0.000000 0.000000
 0.172979 0.000000 0.000000 0.000001 0.000263 0.262534 0.000000 0.000000 0.000000 0.000000 0.000000 0.000000 0.132352 0.135145 0.296726 0.000000 0.000000 0.000000 0.000000 0.000000
the mean of prob-rank is 1.6842105263157894
the number of false negetive edges is 0
the number of probability greater than 0 is 3.45/edge
