20
 0.000000 0.000000 0.000000 0.000000 0.000000 0.443220 0.000000 0.000000 0.000000 0.000000 0.000000 0.000000 0.000000 0.000000 0.444297 0.012834 0.000000 0.040388 0.000000 0.059260
 0.000000 0.000000 0.000000 0.001724 0.499141 0.000000 0.000000 0.000000 0.000000 0.000000 0.499135 0.000000 0.000000 0.000000 0.000000 0.000000 0.000000 0.000000 0.000000 0.000000
 0.000000 0.000000 0.000000 0.000000 0.000000 0.000000 0.000000 0.000000 0.000000 0.494278 0.000000 0.000000 0.494198 0.000000 0.000000 0.000000 0.011525 0.000000 0.000000 0.000000
 0.000000 0.001724 0.000000 0.000000 0.498986 0.000000 0.000000 0.000000 0.000000 0.000000 0.000000 0.498974 0.000000 0.000000 0.000000 0.000000 0.000000 0.000000 0.000000 0.000316
 0.000000 0.498169 0.000000 0.498167 0.000000 0.000000 0.000000 0.000000 0.000015 0.000000 0.000000 0.000000 0.000000 0.000000 0.000000 0.000000 0.000000 0.003636 0.000000 0.000013
 0.469367 0.000000 0.000000 0.000000 0.000000 0.000000 0.000832 0.000000 0.000000 0.000000 0.000000 0.000000 0.000000 0.000000 0.058716 0.471085 0.000000 0.000000 0.000000 0.000000
 0.000000 0.000000 0.000000 0.000000 0.000000 0.000882 0.000000 0.000000 0.000000 0.000000 0.000000 0.000000 0.000000 0.499563 0.000000 0.000000 0.499555 0.000000 0.000000 0.000000
 0.000000 0.000000 0.000000 0.000000 0.000000 0.000000 0.000000 0.000000 0.000000 0.500000 0.000000 0.000000 0.000000 0.000000 0.000000 0.000000 0.000000 0.000000 0.500000 0.000000
 0.000000 0.000000 0.000000 0.000000 0.000015 0.000000 0.000000 0.000000 0.000000 0.000000 0.000001 0.000000 0.000000 0.000000 0.499888 0.000000 0.000000 0.500096 0.000000 0.000000
 0.000000 0.000000 0.500000 0.000000 0.000000 0.000000 0.000000 0.500000 0.000000 0.000000 0.000000 0.000000 0.000000 0.000000 0.000000 0.000000 0.000000 0.000000 0.000000 0.000000
 0.000000 0.499997 0.000000 0.000000 0.000000 0.000000 0.000000 0.000000 0.000001 0.000000 0.000000 0.000000 0.000000 0.000000 0.000000 0.000000 0.000000 0.000000 0.500003 0.000000
 0.000000 0.000000 0.000000 0.491919 0.000000 0.000000 0.000000 0.000000 0.000000 0.000000 0.000000 0.000000 0.013080 0.000000 0.000000 0.003106 0.000006 0.000000 0.000000 0.491889
 0.000000 0.000000 0.493399 0.000000 0.000000 0.000000 0.000000 0.000000 0.000000 0.000000 0.000000 0.013121 0.000000 0.000000 0.000000 0.000000 0.493479 0.000000 0.000000 0.000000
 0.000000 0.000000 0.000000 0.000000 0.000000 0.000000 0.500000 0.000000 0.000000 0.000000 0.000000 0.000000 0.000000 0.000000 0.000000 0.500000 0.000000 0.000000 0.000000 0.000000
 0.470437 0.000000 0.000000 0.000000 0.000000 0.058707 0.000000 0.000000 0.470854 0.000000 0.000000 0.000000 0.000000 0.000000 0.000000 0.000000 0.000000 0.000001 0.000000 0.000000
 0.014169 0.000000 0.000000 0.000000 0.000000 0.491109 0.000000 0.000000 0.000000 0.000000 0.000000 0.003101 0.000000 0.491147 0.000000 0.000000 0.000000 0.000000 0.000000 0.000474
 0.000000 0.000000 0.011524 0.000000 0.000000 0.000000 0.494231 0.000000 0.000000 0.000000 0.000000 0.000006 0.494239 0.000000 0.000000 0.000000 0.000000 0.000000 0.000000 0.000000
 0.043390 0.000000 0.000000 0.000000 0.003488 0.000000 0.000000 0.000000 0.477940 0.000000 0.000000 0.000000 0.000000 0.000000 0.000001 0.000000 0.000000 0.000000 0.000000 0.475181
 0.000000 0.000000 0.000000 0.000000 0.000000 0.000000 0.000000 0.500000 0.000000 0.000000 0.500000 0.000000 0.000000 0.000000 0.000000 0.000000 0.000000 0.000000 0.000000 0.000000
 0.062568 0.000000 0.000000 0.000298 0.000013 0.000000 0.000000 0.000000 0.000000 0.000000 0.000000 0.469668 0.000000 0.000000 0.000000 0.000454 0.000000 0.467000 0.000000 0.000000
the mean of prob-rank is 1.4210526315789473
the number of false negetive edges is 0
the number of probability greater than 0 is 3.5/edge
