20
 0.000000 0.000000 0.000000 0.000000 0.000000 0.000000 0.000000 0.000000 0.000000 0.000000 0.000000 0.500000 0.000000 0.000000 0.000000 0.000000 0.000000 0.000000 0.500000 0.000000
 0.000000 0.000000 0.000571 0.055954 0.289361 0.000000 0.000000 0.000000 0.186077 0.000000 0.000000 0.000000 0.000000 0.000000 0.309008 0.159029 0.000000 0.000000 0.000000 0.000000
 0.000000 0.000737 0.000000 0.000000 0.403349 0.356878 0.000000 0.000000 0.000000 0.000000 0.000000 0.000000 0.000000 0.000000 0.219494 0.000000 0.000000 0.019541 0.000001 0.000000
 0.000000 0.079106 0.000000 0.000000 0.000000 0.000000 0.000000 0.442022 0.000000 0.000000 0.000000 0.000000 0.000000 0.000000 0.065232 0.413641 0.000000 0.000000 0.000000 0.000000
 0.000000 0.329437 0.355948 0.000000 0.000000 0.000001 0.000000 0.000000 0.000001 0.000000 0.000000 0.000000 0.000000 0.000000 0.000000 0.000000 0.000000 0.000000 0.314614 0.000000
 0.000000 0.000000 0.313247 0.000000 0.000001 0.000000 0.000000 0.000000 0.000000 0.000000 0.000000 0.000000 0.000000 0.001323 0.000000 0.000000 0.000000 0.353563 0.331866 0.000000
 0.000000 0.000000 0.000000 0.000000 0.000000 0.000000 0.000000 0.000000 0.108566 0.404414 0.020047 0.000000 0.080246 0.000000 0.000000 0.386727 0.000000 0.000000 0.000000 0.000000
 0.000000 0.000000 0.000000 0.499997 0.000000 0.000000 0.000000 0.000000 0.000000 0.500002 0.000000 0.000000 0.000000 0.000000 0.000000 0.000000 0.000000 0.000000 0.000000 0.000000
 0.000000 0.208728 0.000000 0.000000 0.000001 0.000000 0.094151 0.000000 0.000000 0.000000 0.000000 0.000000 0.000000 0.000000 0.000000 0.346602 0.350518 0.000000 0.000000 0.000000
 0.000000 0.000000 0.000000 0.000000 0.000000 0.000000 0.500000 0.500000 0.000000 0.000000 0.000000 0.000000 0.000000 0.000000 0.000000 0.000000 0.000000 0.000000 0.000000 0.000000
 0.000000 0.000000 0.000000 0.000000 0.000000 0.000000 0.024188 0.000000 0.000000 0.000000 0.000000 0.000000 0.487901 0.000000 0.000000 0.000000 0.487911 0.000000 0.000000 0.000000
 0.500000 0.000000 0.000000 0.000000 0.000000 0.000000 0.000000 0.000000 0.000000 0.000000 0.000000 0.000000 0.000000 0.000000 0.000000 0.000000 0.000000 0.000000 0.000000 0.500000
 0.000000 0.000000 0.000000 0.000000 0.000000 0.000000 0.090466 0.000000 0.000000 0.000000 0.455887 0.000000 0.000000 0.000000 0.000000 0.000000 0.000000 0.000000 0.000000 0.453647
 0.000000 0.000000 0.000000 0.000000 0.000000 0.001865 0.000000 0.000000 0.000000 0.000000 0.000000 0.000000 0.000000 0.000000 0.499068 0.000000 0.000000 0.499067 0.000000 0.000000
 0.000000 0.365111 0.201026 0.054517 0.000000 0.000000 0.000000 0.000000 0.000000 0.000000 0.000000 0.000000 0.000000 0.369422 0.000000 0.000000 0.000000 0.009923 0.000000 0.000000
 0.000000 0.150087 0.000000 0.276128 0.000000 0.000000 0.282172 0.000000 0.291614 0.000000 0.000000 0.000000 0.000000 0.000000 0.000000 0.000000 0.000000 0.000000 0.000000 0.000000
 0.000000 0.000000 0.000000 0.000000 0.000000 0.000000 0.000000 0.000000 0.467044 0.000000 0.467289 0.000000 0.000000 0.000000 0.000000 0.000000 0.000000 0.000000 0.000000 0.065667
 0.000000 0.000000 0.023359 0.000000 0.000000 0.481516 0.000000 0.000000 0.000000 0.000000 0.000000 0.000000 0.000000 0.482174 0.012951 0.000000 0.000000 0.000000 0.000000 0.000000
 0.354459 0.000000 0.000001 0.000000 0.313288 0.332252 0.000000 0.000000 0.000000 0.000000 0.000000 0.000000 0.000000 0.000000 0.000000 0.000000 0.000000 0.000000 0.000000 0.000000
 0.000000 0.000000 0.000000 0.000000 0.000000 0.000000 0.000000 0.000000 0.000000 0.000000 0.000000 0.468265 0.465934 0.000000 0.000000 0.000000 0.065801 0.000000 0.000000 0.000000
the mean of prob-rank is 1.9473684210526316
the number of false negetive edges is 0
the number of probability greater than 0 is 3.5/edge
