20
 0.000000 0.000000 0.000000 0.000000 0.499672 0.000599 0.499603 0.000000 0.000000 0.000000 0.000000 0.000000 0.000000 0.000000 0.000000 0.000000 0.000000 0.000000 0.000127 0.000000
 0.000000 0.000000 0.000000 0.359621 0.000000 0.000009 0.000000 0.000000 0.000000 0.000001 0.330956 0.000000 0.000000 0.000179 0.000000 0.000000 0.000000 0.000000 0.309233 0.000000
 0.000000 0.000000 0.000000 0.000000 0.000000 0.000000 0.000000 0.000000 0.500001 0.000000 0.000000 0.000000 0.000000 0.000000 0.000000 0.000000 0.000000 0.499999 0.000000 0.000000
 0.000000 0.467197 0.000000 0.000000 0.000000 0.000000 0.000000 0.000000 0.000000 0.064236 0.001799 0.000004 0.000000 0.466739 0.000000 0.000000 0.000000 0.000000 0.000024 0.000000
 0.496996 0.000000 0.000000 0.000000 0.000000 0.496910 0.000000 0.000000 0.000000 0.000000 0.000000 0.000000 0.000000 0.000000 0.000000 0.000000 0.000000 0.000000 0.006095 0.000000
 0.000582 0.000013 0.000000 0.000000 0.485640 0.000000 0.000000 0.000000 0.000000 0.027995 0.000000 0.000000 0.000000 0.000000 0.000000 0.000000 0.000000 0.000000 0.485770 0.000000
 0.499221 0.000000 0.000000 0.000000 0.000000 0.000000 0.000000 0.000000 0.499338 0.001441 0.000000 0.000000 0.000000 0.000000 0.000000 0.000000 0.000000 0.000000 0.000000 0.000000
 0.000000 0.000000 0.000000 0.000000 0.000000 0.000000 0.000000 0.000000 0.000000 0.000000 0.000000 0.000000 0.500001 0.000000 0.000000 0.000000 0.499999 0.000000 0.000000 0.000000
 0.000000 0.000000 0.500000 0.000000 0.000000 0.000000 0.500000 0.000000 0.000000 0.000000 0.000000 0.000000 0.000000 0.000000 0.000000 0.000000 0.000000 0.000000 0.000000 0.000000
 0.000000 0.000001 0.000000 0.050307 0.000000 0.021102 0.001056 0.000000 0.000000 0.000000 0.000000 0.366167 0.000000 0.285025 0.000000 0.000000 0.000000 0.000000 0.276342 0.000000
 0.000000 0.342190 0.000000 0.001432 0.000000 0.000000 0.000000 0.000000 0.000000 0.000000 0.000000 0.261700 0.000000 0.022568 0.000000 0.000000 0.000000 0.000000 0.000002 0.372108
 0.000000 0.000000 0.000000 0.000003 0.000000 0.000000 0.000000 0.000000 0.000000 0.387382 0.272442 0.000000 0.000000 0.340172 0.000000 0.000000 0.000000 0.000000 0.000000 0.000000
 0.000000 0.000000 0.000000 0.000000 0.000000 0.000000 0.000000 0.500000 0.000000 0.000000 0.000000 0.000000 0.000000 0.000000 0.000000 0.000000 0.000000 0.500000 0.000000 0.000000
 0.000000 0.000183 0.000000 0.367557 0.000000 0.000000 0.000000 0.000000 0.000000 0.286604 0.022330 0.323323 0.000000 0.000000 0.000000 0.000000 0.000000 0.000000 0.000002 0.000000
 0.000000 0.000000 0.000000 0.000000 0.000000 0.000000 0.000000 0.000000 0.000000 0.000000 0.000000 0.000000 0.000000 0.000000 0.000000 0.499999 0.500001 0.000000 0.000000 0.000000
 0.000000 0.000000 0.000000 0.000000 0.000000 0.000000 0.000000 0.000000 0.000000 0.000000 0.000000 0.000000 0.000000 0.000000 0.500001 0.000000 0.000000 0.000000 0.000000 0.499999
 0.000000 0.000000 0.000000 0.000000 0.000000 0.000000 0.000000 0.499999 0.000000 0.000000 0.000000 0.000000 0.000000 0.000000 0.500001 0.000000 0.000000 0.000000 0.000000 0.000000
 0.000000 0.000000 0.500000 0.000000 0.000000 0.000000 0.000000 0.000000 0.000000 0.000000 0.000000 0.000000 0.500000 0.000000 0.000000 0.000000 0.000000 0.000000 0.000000 0.000000
 0.000097 0.327142 0.000000 0.000020 0.004669 0.380734 0.000000 0.000000 0.000000 0.287336 0.000002 0.000000 0.000000 0.000002 0.000000 0.000000 0.000000 0.000000 0.000000 0.000000
 0.000000 0.000000 0.000000 0.000000 0.000000 0.000000 0.000000 0.000000 0.000000 0.000000 0.500002 0.000000 0.000000 0.000000 0.000000 0.499998 0.000000 0.000000 0.000000 0.000000
the mean of prob-rank is 1.631578947368421
the number of false negetive edges is 0
the number of probability greater than 0 is 3.7/edge
