20
 0.000000 0.004233 0.000000 0.222035 0.000000 0.036718 0.000000 0.191404 0.000000 0.271963 0.000000 0.254197 0.000000 0.000000 0.000000 0.000000 0.000000 0.019448 0.000000 0.000000
 0.007723 0.000000 0.000000 0.000000 0.000000 0.000000 0.000000 0.000000 0.000000 0.000000 0.496123 0.000000 0.000000 0.000000 0.000000 0.000000 0.000000 0.496154 0.000000 0.000000
 0.000000 0.000000 0.000000 0.000000 0.302157 0.000000 0.000000 0.000000 0.322760 0.000000 0.000000 0.016186 0.000000 0.000000 0.000000 0.000000 0.340368 0.000000 0.000000 0.018529
 0.291625 0.000000 0.000000 0.000000 0.000000 0.336944 0.000000 0.007958 0.000000 0.000000 0.000000 0.000000 0.000000 0.000000 0.000000 0.357128 0.000000 0.006345 0.000000 0.000000
 0.000000 0.000000 0.248018 0.000000 0.000000 0.000000 0.000000 0.000000 0.279350 0.000000 0.000000 0.000234 0.000000 0.000004 0.000000 0.000000 0.000000 0.000000 0.232473 0.239921
 0.045959 0.000000 0.000000 0.321102 0.000000 0.000000 0.000000 0.340415 0.000000 0.247424 0.000000 0.000000 0.000000 0.000000 0.000000 0.045101 0.000000 0.000000 0.000000 0.000000
 0.000000 0.000000 0.000000 0.000000 0.000000 0.000000 0.000000 0.000000 0.000000 0.038787 0.000000 0.000000 0.002726 0.335604 0.295043 0.000000 0.000000 0.000000 0.327839 0.000000
 0.206681 0.000000 0.000000 0.006543 0.000000 0.293678 0.000000 0.000000 0.000000 0.253166 0.000000 0.000000 0.000000 0.000000 0.239932 0.000000 0.000000 0.000000 0.000000 0.000000
 0.000000 0.000000 0.333085 0.000000 0.351216 0.000000 0.000000 0.000000 0.000000 0.000000 0.000000 0.000000 0.015136 0.000000 0.000000 0.000000 0.014993 0.000000 0.285569 0.000000
 0.309310 0.000000 0.000000 0.000000 0.000000 0.224822 0.035671 0.266648 0.000000 0.000000 0.000000 0.114538 0.000000 0.010080 0.038930 0.000000 0.000000 0.000000 0.000000 0.000000
 0.000000 0.499984 0.000000 0.000000 0.000000 0.000000 0.000000 0.000000 0.000000 0.000000 0.000000 0.000000 0.000000 0.000000 0.000000 0.000000 0.500016 0.000000 0.000000 0.000000
 0.292203 0.000000 0.014867 0.000000 0.000261 0.000000 0.000000 0.000000 0.000000 0.115765 0.000000 0.000000 0.000000 0.264261 0.000000 0.000000 0.000061 0.000000 0.000000 0.312580
 0.000000 0.000000 0.000000 0.000000 0.000000 0.000000 0.003954 0.000000 0.021021 0.000000 0.000000 0.000000 0.000000 0.000000 0.487797 0.000000 0.000000 0.000000 0.487228 0.000000
 0.000001 0.000000 0.000000 0.000000 0.000005 0.000000 0.348052 0.000000 0.000000 0.011367 0.000000 0.294847 0.000000 0.000000 0.000000 0.000000 0.000000 0.000000 0.000014 0.345715
 0.000000 0.000000 0.000000 0.000000 0.000000 0.000000 0.311030 0.289679 0.000000 0.044625 0.000000 0.000000 0.354554 0.000000 0.000000 0.000000 0.000000 0.000000 0.000111 0.000000
 0.000000 0.000000 0.000000 0.468890 0.000000 0.062136 0.000000 0.000000 0.000000 0.000000 0.000000 0.000000 0.000000 0.000000 0.000000 0.000000 0.000000 0.468974 0.000000 0.000000
 0.000000 0.000000 0.489505 0.000000 0.000000 0.000000 0.000000 0.000000 0.020894 0.000000 0.489505 0.000096 0.000000 0.000000 0.000000 0.000000 0.000000 0.000000 0.000000 0.000000
 0.034228 0.478648 0.000000 0.008502 0.000000 0.000000 0.000000 0.000000 0.000000 0.000000 0.000000 0.000000 0.000000 0.000000 0.000000 0.478623 0.000000 0.000000 0.000000 0.000000
 0.000000 0.000000 0.000000 0.000000 0.229926 0.000000 0.269337 0.000000 0.224648 0.000000 0.000000 0.000000 0.275990 0.000011 0.000087 0.000000 0.000000 0.000000 0.000000 0.000000
 0.000000 0.000000 0.018745 0.000000 0.295701 0.000000 0.000000 0.000000 0.000000 0.000000 0.000000 0.344279 0.000000 0.341275 0.000000 0.000000 0.000000 0.000000 0.000000 0.000000
the mean of prob-rank is 1.736842105263158
the number of false negetive edges is 0
the number of probability greater than 0 is 4.9/edge
