20
 0.000000 0.500009 0.000000 0.000000 0.000000 0.000000 0.000000 0.000000 0.000000 0.499991 0.000000 0.000000 0.000000 0.000000 0.000000 0.000000 0.000000 0.000000 0.000000 0.000000
 0.384766 0.000000 0.000000 0.000000 0.000000 0.000000 0.000000 0.000000 0.000000 0.000947 0.000000 0.000000 0.000000 0.000000 0.231918 0.000000 0.000000 0.000000 0.000000 0.382369
 0.000000 0.000000 0.000000 0.000000 0.000000 0.000000 0.000000 0.000000 0.000000 0.000000 0.000000 0.000000 0.000000 0.000000 0.000000 0.000000 0.500000 0.500000 0.000000 0.000000
 0.000000 0.000000 0.000000 0.000000 0.127253 0.000000 0.000000 0.443797 0.001524 0.000000 0.000000 0.000000 0.000000 0.000000 0.000000 0.000000 0.000000 0.000000 0.427427 0.000000
 0.000000 0.000000 0.000000 0.117003 0.000000 0.054217 0.000000 0.000000 0.405403 0.000000 0.000000 0.000024 0.000000 0.000357 0.000000 0.015469 0.000000 0.000000 0.407528 0.000000
 0.000000 0.000000 0.000000 0.000000 0.049135 0.000000 0.000006 0.000000 0.000036 0.000000 0.000000 0.369799 0.096663 0.000051 0.000000 0.366719 0.000000 0.000000 0.000001 0.117590
 0.000000 0.000000 0.000000 0.000000 0.000000 0.000007 0.000000 0.000000 0.000000 0.000000 0.000000 0.000000 0.150311 0.000000 0.427221 0.422461 0.000000 0.000000 0.000000 0.000000
 0.000000 0.000000 0.000000 0.498698 0.000000 0.000000 0.000000 0.000000 0.000000 0.000000 0.498689 0.000000 0.000000 0.000000 0.000000 0.000000 0.000000 0.002613 0.000000 0.000000
 0.000000 0.000000 0.000000 0.001669 0.483135 0.000047 0.000000 0.000000 0.000000 0.000000 0.028496 0.000365 0.000000 0.486287 0.000000 0.000000 0.000000 0.000000 0.000000 0.000000
 0.499377 0.001229 0.000000 0.000000 0.000000 0.000000 0.000000 0.000000 0.000000 0.000000 0.000000 0.000000 0.000000 0.000000 0.000000 0.000000 0.499394 0.000000 0.000000 0.000000
 0.000000 0.000000 0.000000 0.000000 0.000000 0.000000 0.000000 0.485769 0.028466 0.000000 0.000000 0.000000 0.000000 0.000000 0.000000 0.000000 0.000000 0.485764 0.000000 0.000000
 0.000000 0.000000 0.000000 0.000000 0.000029 0.499798 0.000000 0.000000 0.000376 0.000000 0.000000 0.000000 0.000000 0.499798 0.000000 0.000000 0.000000 0.000000 0.000000 0.000000
 0.000000 0.000000 0.000000 0.000000 0.000000 0.101478 0.136546 0.000000 0.000000 0.000000 0.000000 0.000000 0.000000 0.000000 0.374074 0.000412 0.000000 0.000000 0.000000 0.387490
 0.000000 0.000000 0.000000 0.000000 0.000437 0.000069 0.000000 0.000000 0.499747 0.000000 0.000000 0.499747 0.000000 0.000000 0.000000 0.000000 0.000000 0.000000 0.000000 0.000000
 0.000000 0.215249 0.000000 0.000000 0.000000 0.000000 0.356998 0.000000 0.000000 0.000000 0.000000 0.000000 0.344098 0.000000 0.000000 0.019875 0.000000 0.000000 0.000000 0.063779
 0.000000 0.000000 0.000000 0.000000 0.012631 0.330418 0.329376 0.000000 0.000000 0.000000 0.000000 0.000000 0.000354 0.000000 0.018544 0.000000 0.000000 0.000000 0.308677 0.000000
 0.000000 0.000000 0.500000 0.000000 0.000000 0.000000 0.000000 0.000000 0.000000 0.500000 0.000000 0.000000 0.000000 0.000000 0.000000 0.000000 0.000000 0.000000 0.000000 0.000000
 0.000000 0.000000 0.498701 0.000000 0.000000 0.000000 0.000000 0.002613 0.000000 0.000000 0.498686 0.000000 0.000000 0.000000 0.000000 0.000000 0.000000 0.000000 0.000000 0.000000
 0.000000 0.000000 0.000000 0.333458 0.345787 0.000001 0.000000 0.000000 0.000000 0.000000 0.000000 0.000000 0.000000 0.000000 0.000000 0.320753 0.000000 0.000000 0.000000 0.000000
 0.000000 0.399351 0.000000 0.000000 0.000000 0.127782 0.000000 0.000000 0.000000 0.000000 0.000000 0.000000 0.401097 0.000000 0.071770 0.000000 0.000000 0.000000 0.000000 0.000000
the mean of prob-rank is 1.5263157894736843
the number of false negetive edges is 0
the number of probability greater than 0 is 4.2/edge
