20
 0.000000 0.000000 0.000000 0.000000 0.000000 0.000000 0.000000 0.500016 0.499984 0.000000 0.000000 0.000000 0.000000 0.000000 0.000000 0.000000 0.000000 0.000000 0.000000 0.000000
 0.000000 0.000000 0.000255 0.000000 0.309986 0.000021 0.298882 0.000000 0.000000 0.000000 0.000000 0.000000 0.000000 0.000000 0.000000 0.000000 0.000000 0.186859 0.203988 0.000009
 0.000000 0.000304 0.000000 0.003320 0.004338 0.370851 0.000000 0.000000 0.000000 0.000000 0.254096 0.000000 0.000000 0.003332 0.000000 0.000000 0.000000 0.000000 0.363760 0.000000
 0.000000 0.000000 0.004451 0.000000 0.000000 0.000000 0.000000 0.000000 0.000000 0.000000 0.497877 0.000000 0.000000 0.497672 0.000000 0.000000 0.000000 0.000000 0.000000 0.000000
 0.000000 0.339837 0.003997 0.000000 0.000000 0.038075 0.291438 0.000000 0.000000 0.000000 0.000000 0.000000 0.000000 0.000000 0.000000 0.000000 0.000000 0.000000 0.326652 0.000000
 0.000000 0.000020 0.301901 0.000000 0.033636 0.000000 0.001157 0.160639 0.000000 0.000000 0.000000 0.000000 0.000000 0.000000 0.000000 0.288423 0.000000 0.000000 0.214224 0.000000
 0.000000 0.291526 0.000000 0.000000 0.259294 0.001165 0.000000 0.000000 0.000000 0.000000 0.000000 0.000000 0.000000 0.000000 0.000000 0.158170 0.000000 0.289215 0.000630 0.000000
 0.401853 0.000000 0.000000 0.000000 0.000000 0.213552 0.000000 0.000000 0.000000 0.000000 0.384595 0.000000 0.000000 0.000000 0.000000 0.000000 0.000000 0.000000 0.000000 0.000000
 0.499984 0.000000 0.000000 0.000000 0.000000 0.000000 0.000000 0.000000 0.000000 0.000000 0.000000 0.500016 0.000000 0.000000 0.000000 0.000000 0.000000 0.000000 0.000000 0.000000
 0.000000 0.000000 0.000000 0.000000 0.000000 0.000000 0.000000 0.000000 0.000000 0.000000 0.000000 0.000000 0.000000 0.000000 0.500000 0.000000 0.500000 0.000000 0.000000 0.000000
 0.000000 0.000000 0.259071 0.378595 0.000000 0.000000 0.000000 0.362334 0.000000 0.000000 0.000000 0.000000 0.000000 0.000000 0.000000 0.000000 0.000000 0.000000 0.000000 0.000000
 0.000000 0.000000 0.000000 0.000000 0.000000 0.000000 0.000000 0.000000 0.500043 0.000000 0.000000 0.000000 0.000000 0.000000 0.000000 0.499957 0.000000 0.000000 0.000000 0.000000
 0.000000 0.000000 0.000000 0.000000 0.000000 0.000000 0.000000 0.000000 0.000000 0.000000 0.000000 0.000000 0.000000 0.000000 0.499999 0.000000 0.000000 0.500000 0.000000 0.000000
 0.000000 0.000000 0.004467 0.497666 0.000000 0.000000 0.000000 0.000000 0.000000 0.000000 0.000000 0.000000 0.000000 0.000000 0.000000 0.000000 0.000000 0.000000 0.000000 0.497867
 0.000000 0.000000 0.000000 0.000000 0.000000 0.000000 0.000000 0.000000 0.000000 0.500000 0.000000 0.000000 0.500000 0.000000 0.000000 0.000000 0.000000 0.000000 0.000000 0.000000
 0.000000 0.000000 0.000000 0.000000 0.000000 0.368247 0.200520 0.000000 0.000000 0.000000 0.000000 0.385879 0.000000 0.000000 0.000000 0.000000 0.000000 0.045353 0.000000 0.000000
 0.000000 0.000000 0.000000 0.000000 0.000000 0.000000 0.000000 0.000000 0.000000 0.500001 0.000000 0.000000 0.000000 0.000000 0.000000 0.000000 0.000000 0.000000 0.000000 0.499999
 0.000000 0.224545 0.000000 0.000000 0.000000 0.000000 0.356315 0.000000 0.000000 0.000000 0.000000 0.000000 0.375065 0.000000 0.000000 0.044075 0.000000 0.000000 0.000000 0.000000
 0.000000 0.198134 0.296985 0.000000 0.289409 0.214843 0.000628 0.000000 0.000000 0.000000 0.000000 0.000000 0.000000 0.000000 0.000000 0.000000 0.000000 0.000000 0.000000 0.000000
 0.000000 0.000015 0.000000 0.000000 0.000000 0.000000 0.000000 0.000000 0.000000 0.000000 0.000000 0.000000 0.000000 0.499991 0.000000 0.000000 0.499994 0.000000 0.000000 0.000000
the mean of prob-rank is 1.631578947368421
the number of false negetive edges is 0
the number of probability greater than 0 is 3.7/edge
