20
 0.000000 0.000000 0.000000 0.000000 0.499999 0.000000 0.000000 0.000000 0.000000 0.000000 0.000000 0.000000 0.000000 0.000000 0.000000 0.000000 0.000000 0.000000 0.000000 0.500001
 0.000000 0.000000 0.000000 0.500001 0.000000 0.000000 0.000000 0.000000 0.000000 0.000002 0.000000 0.000000 0.000000 0.000000 0.000000 0.499997 0.000000 0.000000 0.000000 0.000000
 0.000000 0.000000 0.000000 0.000000 0.000000 0.000000 0.000000 0.000000 0.000000 0.000000 0.000000 0.000000 0.000000 0.000000 0.000000 0.000000 0.500000 0.500000 0.000000 0.000000
 0.000000 0.448182 0.000000 0.000000 0.000000 0.000000 0.000030 0.000000 0.000000 0.104258 0.000000 0.000000 0.000000 0.447529 0.000000 0.000001 0.000000 0.000000 0.000000 0.000000
 0.499995 0.000000 0.000000 0.000000 0.000000 0.000000 0.000000 0.000000 0.000000 0.000000 0.000000 0.000000 0.000000 0.000000 0.000000 0.000000 0.499996 0.000000 0.000000 0.000008
 0.000000 0.000000 0.000000 0.000000 0.000000 0.000000 0.000000 0.000000 0.003360 0.000000 0.000000 0.000000 0.000000 0.000000 0.498320 0.000000 0.000000 0.000000 0.498319 0.000000
 0.000000 0.000000 0.000000 0.000031 0.000000 0.000000 0.000000 0.000000 0.000000 0.454224 0.000000 0.000000 0.454624 0.091121 0.000000 0.000000 0.000000 0.000000 0.000000 0.000000
 0.000000 0.000000 0.000000 0.000000 0.000000 0.000000 0.000000 0.000000 0.499525 0.000000 0.000000 0.000000 0.000000 0.000000 0.000000 0.499544 0.000000 0.000000 0.000931 0.000000
 0.000000 0.000000 0.000000 0.000000 0.000000 0.003360 0.000000 0.498310 0.000000 0.000000 0.000000 0.000000 0.000000 0.000000 0.000000 0.000000 0.000000 0.000000 0.498329 0.000000
 0.000000 0.000001 0.000000 0.104234 0.000000 0.000000 0.447685 0.000000 0.000000 0.000000 0.000000 0.000000 0.000000 0.448079 0.000000 0.000000 0.000000 0.000000 0.000000 0.000000
 0.000000 0.000000 0.000000 0.000000 0.000000 0.000000 0.000000 0.000000 0.000000 0.000000 0.000000 0.499983 0.000000 0.000000 0.000000 0.000000 0.000000 0.500017 0.000000 0.000000
 0.000000 0.000000 0.000000 0.000000 0.000000 0.000000 0.000000 0.000000 0.000000 0.000000 0.499983 0.000000 0.500017 0.000000 0.000000 0.000000 0.000000 0.000000 0.000000 0.000000
 0.000000 0.000000 0.000000 0.000000 0.000000 0.000000 0.500000 0.000000 0.000000 0.000000 0.000000 0.500000 0.000000 0.000000 0.000000 0.000000 0.000000 0.000000 0.000000 0.000000
 0.000000 0.000000 0.000000 0.454095 0.000000 0.000000 0.091147 0.000000 0.000000 0.454758 0.000000 0.000000 0.000000 0.000000 0.000000 0.000000 0.000000 0.000000 0.000000 0.000000
 0.000000 0.000000 0.000000 0.000000 0.000000 0.500000 0.000000 0.000000 0.000000 0.000000 0.000000 0.000000 0.000000 0.000000 0.000000 0.000000 0.000000 0.000000 0.000000 0.500000
 0.000000 0.499998 0.000000 0.000001 0.000000 0.000000 0.000000 0.500002 0.000000 0.000000 0.000000 0.000000 0.000000 0.000000 0.000000 0.000000 0.000000 0.000000 0.000000 0.000000
 0.000000 0.000000 0.500000 0.000000 0.500000 0.000000 0.000000 0.000000 0.000000 0.000000 0.000000 0.000000 0.000000 0.000000 0.000000 0.000000 0.000000 0.000000 0.000000 0.000000
 0.000000 0.000000 0.500000 0.000000 0.000000 0.000000 0.000000 0.000000 0.000000 0.000000 0.500000 0.000000 0.000000 0.000000 0.000000 0.000000 0.000000 0.000000 0.000000 0.000000
 0.000000 0.000000 0.000000 0.000000 0.000000 0.499534 0.000000 0.000931 0.499535 0.000000 0.000000 0.000000 0.000000 0.000000 0.000000 0.000000 0.000000 0.000000 0.000000 0.000000
 0.499996 0.000000 0.000000 0.000000 0.000008 0.000000 0.000000 0.000000 0.000000 0.000000 0.000000 0.000000 0.000000 0.000000 0.499996 0.000000 0.000000 0.000000 0.000000 0.000000
the mean of prob-rank is 1.631578947368421
the number of false negetive edges is 0
the number of probability greater than 0 is 2.7/edge
