20
 0.000000 0.000000 0.000000 0.000000 0.000000 0.384608 0.000000 0.000000 0.000000 0.000000 0.225795 0.000000 0.000000 0.000000 0.000000 0.000000 0.000000 0.000000 0.000000 0.389597
 0.000000 0.000000 0.000000 0.496673 0.496837 0.000000 0.000000 0.000000 0.000000 0.000000 0.000000 0.000000 0.000000 0.000000 0.000000 0.000000 0.000000 0.000000 0.000000 0.006490
 0.000000 0.000000 0.000000 0.000000 0.000000 0.000000 0.000000 0.000000 0.000000 0.000000 0.000000 0.500000 0.500000 0.000000 0.000000 0.000000 0.000000 0.000000 0.000000 0.000000
 0.000000 0.327976 0.000000 0.000000 0.000000 0.000000 0.000000 0.000000 0.000000 0.000439 0.107819 0.000000 0.000000 0.000000 0.000000 0.289573 0.000000 0.000991 0.000001 0.273201
 0.000000 0.499994 0.000000 0.000000 0.000000 0.000000 0.499996 0.000000 0.000000 0.000000 0.000000 0.000011 0.000000 0.000000 0.000000 0.000000 0.000000 0.000000 0.000000 0.000000
 0.353222 0.000000 0.000000 0.000000 0.000000 0.000000 0.000000 0.000000 0.000000 0.067869 0.004236 0.000000 0.000000 0.000000 0.237618 0.007040 0.000000 0.006792 0.323222 0.000000
 0.000000 0.000000 0.000000 0.000000 0.500000 0.000000 0.000000 0.000000 0.000000 0.000000 0.000000 0.500000 0.000000 0.000000 0.000000 0.000000 0.000000 0.000000 0.000000 0.000000
 0.000000 0.000000 0.000000 0.000000 0.000000 0.000000 0.000000 0.000000 0.000000 0.000000 0.000000 0.000000 0.000000 0.000000 0.499878 0.000000 0.499878 0.000245 0.000000 0.000000
 0.000000 0.000000 0.000000 0.000000 0.000000 0.000000 0.000000 0.000000 0.000000 0.000000 0.000000 0.000000 0.000000 0.500000 0.000000 0.000000 0.500000 0.000000 0.000000 0.000000
 0.000000 0.000000 0.000000 0.000531 0.000000 0.075236 0.000000 0.000000 0.000000 0.000000 0.000004 0.000000 0.000000 0.000000 0.000000 0.396617 0.000000 0.396557 0.131054 0.000000
 0.198014 0.000000 0.000000 0.112281 0.000000 0.004045 0.000000 0.000000 0.000000 0.000003 0.000000 0.000000 0.000000 0.000000 0.000000 0.017432 0.000000 0.000000 0.341117 0.327107
 0.000000 0.000000 0.499995 0.000000 0.000011 0.000000 0.499995 0.000000 0.000000 0.000000 0.000000 0.000000 0.000000 0.000000 0.000000 0.000000 0.000000 0.000000 0.000000 0.000000
 0.000000 0.000000 0.500000 0.000000 0.000000 0.000000 0.000000 0.000000 0.000000 0.000000 0.000000 0.000000 0.000000 0.500000 0.000000 0.000000 0.000000 0.000000 0.000000 0.000000
 0.000000 0.000000 0.000000 0.000000 0.000000 0.000000 0.000000 0.000000 0.500000 0.000000 0.000000 0.000000 0.500000 0.000000 0.000000 0.000000 0.000000 0.000000 0.000000 0.000000
 0.000000 0.000000 0.000000 0.000000 0.000000 0.252716 0.000000 0.380539 0.000000 0.000000 0.000000 0.000000 0.000000 0.000000 0.000000 0.000000 0.000000 0.366745 0.000000 0.000000
 0.000000 0.000000 0.000000 0.261965 0.000000 0.005839 0.000000 0.000000 0.000000 0.296785 0.015143 0.000000 0.000000 0.000000 0.000000 0.000000 0.000000 0.164933 0.255335 0.000000
 0.000000 0.000000 0.000000 0.000000 0.000000 0.000000 0.000000 0.500000 0.500000 0.000000 0.000000 0.000000 0.000000 0.000000 0.000000 0.000000 0.000000 0.000000 0.000000 0.000000
 0.000000 0.000000 0.000000 0.001188 0.000000 0.007469 0.000000 0.000193 0.000000 0.393343 0.000000 0.000000 0.000000 0.000000 0.379168 0.218627 0.000000 0.000000 0.000013 0.000000
 0.000000 0.000000 0.000000 0.000001 0.000000 0.292111 0.000000 0.000000 0.000000 0.106843 0.322850 0.000000 0.000000 0.000000 0.000000 0.278185 0.000000 0.000010 0.000000 0.000000
 0.356738 0.004660 0.000000 0.297061 0.000000 0.000000 0.000000 0.000000 0.000000 0.000000 0.341541 0.000000 0.000000 0.000000 0.000000 0.000000 0.000000 0.000000 0.000000 0.000000
the mean of prob-rank is 1.894736842105263
the number of false negetive edges is 0
the number of probability greater than 0 is 3.9/edge
