20
 0.000000 0.000000 0.000000 0.000000 0.000000 0.000000 0.000000 0.000000 0.292984 0.000000 0.035489 0.183205 0.262882 0.000000 0.224658 0.000000 0.000782 0.000000 0.000000 0.000000
 0.000000 0.000000 0.500000 0.000000 0.000000 0.000000 0.000000 0.000000 0.000000 0.000000 0.000000 0.000000 0.000000 0.000000 0.000000 0.000000 0.500000 0.000000 0.000000 0.000000
 0.000000 0.499999 0.000000 0.499999 0.000000 0.000000 0.000000 0.000000 0.000000 0.000000 0.000000 0.000000 0.000000 0.000000 0.000002 0.000000 0.000000 0.000000 0.000000 0.000000
 0.000000 0.000000 0.497123 0.000000 0.000000 0.497123 0.000000 0.000000 0.000000 0.000000 0.000000 0.000000 0.000000 0.000000 0.005754 0.000000 0.000000 0.000000 0.000000 0.000000
 0.000000 0.000000 0.000000 0.000000 0.000000 0.499625 0.000000 0.000000 0.000000 0.499634 0.000000 0.000000 0.000000 0.000000 0.000000 0.000740 0.000000 0.000000 0.000000 0.000000
 0.000000 0.000000 0.000000 0.499822 0.499814 0.000000 0.000000 0.000000 0.000000 0.000364 0.000000 0.000000 0.000000 0.000000 0.000000 0.000000 0.000000 0.000000 0.000000 0.000000
 0.000000 0.000000 0.000000 0.000000 0.000000 0.000000 0.000000 0.000000 0.000000 0.000000 0.000000 0.020967 0.000000 0.000000 0.000000 0.489384 0.000000 0.000000 0.489649 0.000000
 0.000000 0.000000 0.000000 0.000000 0.000000 0.000000 0.000000 0.000000 0.000000 0.000000 0.000000 0.000000 0.000000 0.500014 0.000000 0.000000 0.000000 0.000000 0.000000 0.499986
 0.464363 0.000000 0.000000 0.000000 0.000000 0.000000 0.000000 0.000000 0.000000 0.000000 0.458150 0.000540 0.015756 0.000000 0.007569 0.000000 0.053622 0.000000 0.000000 0.000000
 0.000000 0.000000 0.000000 0.000000 0.499818 0.000364 0.000000 0.000000 0.000000 0.000000 0.000000 0.000000 0.000000 0.000000 0.000000 0.499818 0.000000 0.000000 0.000000 0.000000
 0.053435 0.000000 0.000000 0.000000 0.000000 0.000000 0.000000 0.000000 0.435241 0.000000 0.000000 0.000000 0.070184 0.441139 0.000000 0.000000 0.000000 0.000000 0.000000 0.000000
 0.181607 0.000000 0.000000 0.000000 0.000000 0.000000 0.012436 0.000000 0.000338 0.000000 0.000000 0.000000 0.286685 0.000000 0.253000 0.000000 0.000000 0.000000 0.265934 0.000000
 0.301137 0.000000 0.000000 0.000000 0.000000 0.000000 0.000000 0.000000 0.011388 0.000000 0.053396 0.331293 0.000000 0.000000 0.000001 0.000000 0.000000 0.302784 0.000000 0.000000
 0.000000 0.000000 0.000000 0.000000 0.000000 0.000000 0.000000 0.500003 0.000000 0.000000 0.499997 0.000000 0.000000 0.000000 0.000000 0.000000 0.000000 0.000000 0.000000 0.000000
 0.288604 0.000000 0.000002 0.004357 0.000000 0.000000 0.000000 0.000000 0.006135 0.000000 0.000000 0.327873 0.000001 0.000000 0.000000 0.000000 0.373028 0.000000 0.000000 0.000000
 0.000000 0.000000 0.000000 0.000000 0.000741 0.000000 0.499490 0.000000 0.000000 0.499761 0.000000 0.000000 0.000000 0.000000 0.000000 0.000000 0.000000 0.000000 0.000008 0.000000
 0.001265 0.474103 0.000000 0.000000 0.000000 0.000000 0.000000 0.000000 0.054747 0.000000 0.000000 0.000000 0.000000 0.000000 0.469884 0.000000 0.000000 0.000000 0.000000 0.000000
 0.000000 0.000000 0.000000 0.000000 0.000000 0.000000 0.000000 0.000000 0.000000 0.000000 0.000000 0.000000 0.321520 0.000000 0.000000 0.000000 0.000000 0.000000 0.322092 0.356387
 0.000000 0.000000 0.000000 0.000000 0.000000 0.000000 0.354099 0.000000 0.000000 0.000000 0.000000 0.324234 0.000000 0.000000 0.000000 0.000006 0.000000 0.320024 0.000000 0.001637
 0.000000 0.000000 0.000000 0.000000 0.000000 0.000000 0.000000 0.498833 0.000000 0.000000 0.000000 0.000000 0.000000 0.000000 0.000000 0.000000 0.000000 0.498861 0.002306 0.000000
the mean of prob-rank is 1.6842105263157894
the number of false negetive edges is 0
the number of probability greater than 0 is 3.9/edge
