20
 0.000000 0.000000 0.000000 0.000000 0.000000 0.000000 0.000000 0.000000 0.395963 0.000000 0.000000 0.000000 0.000000 0.000000 0.000000 0.000000 0.000000 0.203186 0.000000 0.400851
 0.000000 0.000000 0.000000 0.000000 0.000001 0.000000 0.000000 0.207589 0.010262 0.000000 0.000000 0.042540 0.373892 0.000000 0.000000 0.000000 0.000000 0.365716 0.000000 0.000000
 0.000000 0.000000 0.000000 0.454396 0.000000 0.000000 0.000000 0.000000 0.000000 0.000000 0.000105 0.000000 0.000000 0.000000 0.000000 0.453167 0.092332 0.000000 0.000000 0.000000
 0.000000 0.000000 0.492590 0.000000 0.000000 0.000000 0.000000 0.009773 0.000000 0.000000 0.000000 0.000000 0.000000 0.000000 0.000000 0.000000 0.491593 0.000000 0.006045 0.000000
 0.000000 0.000001 0.000000 0.000000 0.000000 0.339172 0.000000 0.000000 0.226644 0.000000 0.316289 0.000000 0.117894 0.000000 0.000000 0.000000 0.000000 0.000000 0.000000 0.000000
 0.000000 0.000000 0.000000 0.000000 0.329796 0.000000 0.000000 0.000000 0.000000 0.000000 0.000000 0.000000 0.000000 0.000000 0.000000 0.312651 0.095839 0.000000 0.261715 0.000000
 0.000000 0.000000 0.000000 0.000000 0.000000 0.000000 0.000000 0.000000 0.000000 0.000000 0.000000 0.000000 0.000000 0.000000 0.500000 0.000000 0.000000 0.000000 0.000000 0.500000
 0.000000 0.219075 0.000000 0.007844 0.000000 0.000000 0.000000 0.000000 0.000000 0.000000 0.000000 0.395094 0.000000 0.000000 0.000000 0.000000 0.000000 0.000000 0.377987 0.000000
 0.365609 0.010142 0.000000 0.000000 0.247409 0.000000 0.000000 0.000000 0.000000 0.000000 0.000002 0.000000 0.370247 0.006351 0.000000 0.000000 0.000000 0.000043 0.000000 0.000196
 0.000000 0.000000 0.000000 0.000000 0.000000 0.000000 0.000000 0.000000 0.000000 0.000000 0.001503 0.000000 0.000000 0.499246 0.499250 0.000000 0.000000 0.000000 0.000000 0.000000
 0.000000 0.000000 0.000082 0.000000 0.332197 0.000000 0.000000 0.000000 0.000002 0.001073 0.000000 0.000000 0.000000 0.356224 0.000000 0.310422 0.000000 0.000000 0.000000 0.000000
 0.000000 0.053742 0.000000 0.000000 0.000000 0.000000 0.000000 0.472964 0.000000 0.000000 0.000000 0.000000 0.000000 0.000000 0.000000 0.000000 0.000000 0.473294 0.000000 0.000000
 0.000000 0.425452 0.000000 0.000000 0.148180 0.000000 0.000000 0.000000 0.426304 0.000000 0.000000 0.000000 0.000000 0.000000 0.000000 0.000000 0.000000 0.000063 0.000000 0.000000
 0.000000 0.000000 0.000000 0.000000 0.000000 0.000000 0.000000 0.000000 0.008504 0.495750 0.495746 0.000000 0.000000 0.000000 0.000000 0.000000 0.000000 0.000000 0.000000 0.000000
 0.000000 0.000000 0.000000 0.000000 0.000000 0.000000 0.500000 0.000000 0.000000 0.500000 0.000000 0.000000 0.000000 0.000000 0.000000 0.000000 0.000000 0.000000 0.000000 0.000000
 0.000000 0.000000 0.299991 0.000000 0.000000 0.285167 0.000000 0.000000 0.000000 0.000000 0.262123 0.000000 0.000000 0.000000 0.000000 0.000000 0.152719 0.000000 0.000001 0.000000
 0.000000 0.000000 0.068394 0.335908 0.000000 0.097813 0.000000 0.000000 0.000000 0.000000 0.000000 0.000000 0.000000 0.000000 0.000000 0.170887 0.000000 0.000000 0.326998 0.000000
 0.204061 0.393119 0.000000 0.000000 0.000000 0.000000 0.000000 0.000000 0.000047 0.000000 0.000000 0.402713 0.000060 0.000000 0.000000 0.000000 0.000000 0.000000 0.000000 0.000000
 0.000000 0.000000 0.000000 0.004489 0.000000 0.290324 0.000000 0.349763 0.000000 0.000000 0.000000 0.000000 0.000000 0.000000 0.000000 0.000001 0.355423 0.000000 0.000000 0.000000
 0.499783 0.000000 0.000000 0.000000 0.000000 0.000000 0.499952 0.000000 0.000265 0.000000 0.000000 0.000000 0.000000 0.000000 0.000000 0.000000 0.000000 0.000000 0.000000 0.000000
the mean of prob-rank is 1.6842105263157894
the number of false negetive edges is 0
the number of probability greater than 0 is 4.0/edge
