20
 0.000000 0.000000 0.000000 0.000000 0.460566 0.000000 0.000000 0.000000 0.000000 0.000000 0.000000 0.004207 0.461947 0.000000 0.000000 0.000000 0.000000 0.034728 0.000000 0.038552
 0.000000 0.000000 0.000000 0.000000 0.000000 0.000000 0.000000 0.000000 0.000000 0.000000 0.000000 0.000000 0.000000 0.000000 0.000000 0.500001 0.499999 0.000000 0.000000 0.000000
 0.000000 0.000000 0.000000 0.000000 0.000000 0.000000 0.000000 0.492752 0.000000 0.492371 0.000000 0.000000 0.000000 0.012646 0.000000 0.002231 0.000000 0.000000 0.000000 0.000000
 0.000000 0.000000 0.000000 0.000000 0.227276 0.000000 0.000000 0.000000 0.388882 0.000000 0.000000 0.000000 0.383842 0.000000 0.000000 0.000000 0.000000 0.000000 0.000000 0.000000
 0.320544 0.000000 0.000000 0.187895 0.000000 0.000000 0.000000 0.000000 0.000000 0.000000 0.000000 0.289788 0.201042 0.000000 0.000000 0.000000 0.000000 0.000730 0.000000 0.000000
 0.000000 0.000000 0.000000 0.000000 0.000000 0.000000 0.298050 0.000002 0.000000 0.000000 0.319427 0.267613 0.000000 0.079179 0.000018 0.000000 0.000000 0.000000 0.000001 0.035708
 0.000000 0.000000 0.000000 0.000000 0.000000 0.345116 0.000000 0.000000 0.000000 0.027258 0.000000 0.000000 0.000000 0.245254 0.382371 0.000000 0.000000 0.000000 0.000000 0.000000
 0.000000 0.000000 0.500138 0.000000 0.000000 0.000003 0.000000 0.000000 0.000000 0.000060 0.000000 0.000000 0.000000 0.000023 0.000000 0.499776 0.000000 0.000000 0.000000 0.000000
 0.000000 0.000000 0.000000 0.499071 0.000000 0.000000 0.000000 0.000000 0.000000 0.000000 0.000000 0.001901 0.000000 0.000000 0.499028 0.000000 0.000000 0.000000 0.000000 0.000000
 0.000000 0.000000 0.482570 0.000000 0.000000 0.000000 0.034428 0.000058 0.000000 0.000000 0.000000 0.000000 0.000000 0.482944 0.000000 0.000000 0.000000 0.000000 0.000000 0.000000
 0.000000 0.000000 0.000000 0.000000 0.000000 0.251722 0.000000 0.000000 0.000000 0.000000 0.000000 0.103828 0.000000 0.166093 0.000000 0.000000 0.000000 0.000000 0.233444 0.244914
 0.002876 0.000000 0.000000 0.000000 0.284640 0.255919 0.000000 0.000000 0.001203 0.000000 0.125997 0.000000 0.000000 0.000000 0.000000 0.000000 0.000000 0.315793 0.000000 0.013573
 0.382799 0.000000 0.000000 0.377831 0.239370 0.000000 0.000000 0.000000 0.000000 0.000000 0.000000 0.000000 0.000000 0.000000 0.000000 0.000000 0.000000 0.000000 0.000000 0.000000
 0.000000 0.000000 0.010083 0.000000 0.000000 0.094208 0.252012 0.000018 0.000000 0.392906 0.250773 0.000000 0.000000 0.000000 0.000000 0.000000 0.000000 0.000000 0.000000 0.000000
 0.000000 0.000000 0.000000 0.000000 0.000000 0.000028 0.500013 0.000000 0.499959 0.000000 0.000000 0.000000 0.000000 0.000000 0.000000 0.000000 0.000000 0.000000 0.000000 0.000000
 0.000000 0.499051 0.002260 0.000000 0.000000 0.000000 0.000000 0.498690 0.000000 0.000000 0.000000 0.000000 0.000000 0.000000 0.000000 0.000000 0.000000 0.000000 0.000000 0.000000
 0.000000 0.499999 0.000000 0.000000 0.000000 0.000000 0.000000 0.000000 0.000000 0.000000 0.000000 0.000000 0.000000 0.000000 0.000000 0.000000 0.000000 0.000000 0.500001 0.000000
 0.036340 0.000000 0.000000 0.000000 0.001098 0.000000 0.000000 0.000000 0.000000 0.000000 0.000000 0.483391 0.000000 0.000000 0.000000 0.000000 0.000000 0.000000 0.000000 0.479170
 0.000000 0.000000 0.000000 0.000000 0.000000 0.000001 0.000000 0.000000 0.000000 0.000000 0.328254 0.000000 0.000000 0.000000 0.000000 0.000000 0.365920 0.000000 0.000000 0.305824
 0.027793 0.000000 0.000000 0.000000 0.000000 0.036011 0.000000 0.000000 0.000000 0.000000 0.313428 0.014313 0.000000 0.000000 0.000000 0.000000 0.000000 0.330120 0.278335 0.000000
the mean of prob-rank is 1.7894736842105263
the number of false negetive edges is 0
the number of probability greater than 0 is 4.3/edge
