20
 0.000000 0.000000 0.492336 0.000000 0.000000 0.492261 0.000000 0.000000 0.000000 0.000000 0.000000 0.000000 0.000000 0.000000 0.015355 0.000000 0.000000 0.000048 0.000000 0.000000
 0.000000 0.000000 0.000000 0.000000 0.001441 0.000000 0.000000 0.000000 0.208200 0.000000 0.000000 0.000000 0.000000 0.000000 0.000000 0.000000 0.000000 0.396267 0.394091 0.000000
 0.456542 0.000000 0.000000 0.000000 0.000000 0.000000 0.000000 0.000000 0.455941 0.000000 0.000000 0.000000 0.000000 0.000000 0.000000 0.000000 0.000000 0.000000 0.000000 0.087517
 0.000000 0.000000 0.000000 0.000000 0.499013 0.000000 0.000000 0.000000 0.000000 0.000000 0.000000 0.499137 0.001848 0.000002 0.000000 0.000000 0.000000 0.000000 0.000000 0.000000
 0.000000 0.001805 0.000000 0.498531 0.000000 0.000000 0.000000 0.000000 0.000000 0.000000 0.000000 0.000000 0.498633 0.001026 0.000000 0.000000 0.000000 0.000000 0.000004 0.000000
 0.493224 0.000000 0.000000 0.000000 0.000000 0.000000 0.000000 0.000000 0.000000 0.000000 0.000000 0.000000 0.000000 0.000000 0.493312 0.010611 0.000000 0.000000 0.002853 0.000000
 0.000000 0.000000 0.000000 0.000000 0.000000 0.000000 0.000000 0.000000 0.000000 0.500000 0.000000 0.000000 0.000000 0.000000 0.000000 0.000000 0.500000 0.000000 0.000000 0.000000
 0.000000 0.000000 0.000000 0.000000 0.000000 0.000000 0.000000 0.000000 0.000000 0.000000 0.000000 0.000000 0.000000 0.000000 0.000000 0.000000 0.499999 0.000000 0.500001 0.000000
 0.000000 0.207255 0.395733 0.000000 0.000000 0.000000 0.000000 0.000000 0.000000 0.000000 0.000000 0.000000 0.000000 0.000000 0.000000 0.000000 0.000000 0.000863 0.000000 0.396148
 0.000000 0.000000 0.000000 0.000000 0.000000 0.000000 0.500000 0.000000 0.000000 0.000000 0.499999 0.000000 0.000000 0.000001 0.000000 0.000000 0.000000 0.000000 0.000000 0.000000
 0.000000 0.000000 0.000000 0.000000 0.000000 0.000000 0.000000 0.000000 0.000000 0.500001 0.000000 0.000000 0.000000 0.499999 0.000000 0.000000 0.000000 0.000000 0.000000 0.000000
 0.000000 0.000000 0.000000 0.500000 0.000000 0.000000 0.000000 0.000000 0.000000 0.000000 0.000000 0.000000 0.000000 0.000000 0.000000 0.000000 0.000000 0.000000 0.000000 0.500000
 0.000000 0.000000 0.000000 0.001848 0.499169 0.000000 0.000000 0.000000 0.000000 0.000000 0.000000 0.000000 0.000000 0.498983 0.000000 0.000000 0.000000 0.000000 0.000000 0.000000
 0.000000 0.000000 0.000000 0.000002 0.001028 0.000000 0.000000 0.000000 0.000000 0.000001 0.499587 0.000000 0.499382 0.000000 0.000000 0.000000 0.000000 0.000000 0.000000 0.000000
 0.015357 0.000000 0.000000 0.000000 0.000000 0.492399 0.000000 0.000000 0.000000 0.000000 0.000000 0.000000 0.000000 0.000000 0.000000 0.492227 0.000000 0.000017 0.000000 0.000000
 0.000000 0.000000 0.000000 0.000000 0.000000 0.010642 0.000000 0.000000 0.000000 0.000000 0.000000 0.000000 0.000000 0.000000 0.494594 0.000000 0.000000 0.494764 0.000000 0.000000
 0.000000 0.000000 0.000000 0.000000 0.000000 0.000000 0.500001 0.499999 0.000000 0.000000 0.000000 0.000000 0.000000 0.000000 0.000000 0.000000 0.000000 0.000000 0.000000 0.000000
 0.000048 0.486130 0.000000 0.000000 0.000000 0.000000 0.000000 0.000000 0.001064 0.000000 0.000000 0.000000 0.000000 0.000000 0.000017 0.488341 0.000000 0.000000 0.024399 0.000000
 0.000000 0.483929 0.000000 0.000000 0.000004 0.002827 0.000000 0.488817 0.000000 0.000000 0.000000 0.000000 0.000000 0.000000 0.000000 0.000000 0.000000 0.024423 0.000000 0.000000
 0.000000 0.000001 0.087474 0.000000 0.000000 0.000000 0.000000 0.000000 0.456195 0.000000 0.000000 0.456330 0.000000 0.000000 0.000000 0.000000 0.000000 0.000000 0.000000 0.000000
the mean of prob-rank is 1.368421052631579
the number of false negetive edges is 0
the number of probability greater than 0 is 3.5/edge
