20
 0.000000 0.000000 0.000000 0.000000 0.000000 0.000000 0.000000 0.031269 0.000000 0.000000 0.487398 0.481333 0.000000 0.000000 0.000000 0.000000 0.000000 0.000000 0.000000 0.000000
 0.000000 0.000000 0.500000 0.000000 0.000000 0.000000 0.000000 0.000000 0.000000 0.000000 0.000000 0.000000 0.000000 0.000000 0.000000 0.000000 0.000000 0.500000 0.000000 0.000000
 0.000000 0.500000 0.000000 0.000000 0.000000 0.000000 0.000000 0.000000 0.000000 0.000000 0.000000 0.000000 0.000000 0.500000 0.000000 0.000000 0.000000 0.000000 0.000000 0.000000
 0.000000 0.000000 0.000000 0.000000 0.000000 0.003546 0.476074 0.032615 0.010193 0.477573 0.000000 0.000000 0.000000 0.000000 0.000000 0.000000 0.000000 0.000000 0.000000 0.000000
 0.000000 0.000000 0.000000 0.000000 0.000000 0.000000 0.000000 0.000000 0.000000 0.000000 0.000000 0.000000 0.119004 0.000000 0.011800 0.000000 0.435089 0.000000 0.000000 0.434108
 0.000000 0.000000 0.000000 0.003686 0.000000 0.000000 0.000000 0.003255 0.000000 0.496472 0.000000 0.000000 0.496430 0.000000 0.000157 0.000000 0.000000 0.000000 0.000000 0.000000
 0.000000 0.000000 0.000000 0.490184 0.000000 0.000000 0.000000 0.000000 0.491729 0.003586 0.000000 0.000000 0.000000 0.000000 0.000000 0.000000 0.014501 0.000000 0.000000 0.000000
 0.029840 0.000000 0.000000 0.031764 0.000000 0.003049 0.000000 0.000000 0.005587 0.000000 0.000000 0.464951 0.000000 0.000000 0.000000 0.000000 0.000000 0.000000 0.464809 0.000000
 0.000000 0.000000 0.000000 0.010497 0.000000 0.000000 0.491840 0.005908 0.000000 0.000000 0.491755 0.000000 0.000000 0.000000 0.000000 0.000000 0.000000 0.000000 0.000000 0.000000
 0.000000 0.000000 0.000000 0.497869 0.000000 0.497868 0.003631 0.000000 0.000000 0.000000 0.000000 0.000000 0.000000 0.000000 0.000625 0.000000 0.000008 0.000000 0.000000 0.000000
 0.481822 0.000000 0.000000 0.000000 0.000000 0.000000 0.000000 0.000000 0.481740 0.000000 0.000000 0.012912 0.000000 0.000000 0.000000 0.000000 0.000000 0.000000 0.023527 0.000000
 0.471241 0.000000 0.000000 0.000000 0.000000 0.000000 0.000000 0.477011 0.000000 0.000000 0.012788 0.000000 0.000000 0.000000 0.000000 0.000000 0.000000 0.000000 0.038961 0.000000
 0.000000 0.000000 0.000000 0.000000 0.113664 0.415684 0.000000 0.000000 0.000000 0.000000 0.000000 0.000000 0.000000 0.000000 0.415600 0.000000 0.000000 0.000000 0.000000 0.055052
 0.000000 0.000000 0.500000 0.000000 0.000000 0.000000 0.000000 0.000000 0.000000 0.000000 0.000000 0.000000 0.000000 0.000000 0.000000 0.500000 0.000000 0.000000 0.000000 0.000000
 0.000000 0.000000 0.000000 0.000000 0.013366 0.000156 0.000000 0.000000 0.000000 0.000619 0.000000 0.000000 0.492866 0.000000 0.000000 0.000000 0.492994 0.000000 0.000000 0.000000
 0.000000 0.000000 0.000000 0.000000 0.000000 0.000000 0.000000 0.000000 0.000000 0.000000 0.000000 0.000000 0.000000 0.500000 0.000000 0.000000 0.000000 0.000000 0.000000 0.500000
 0.000000 0.000000 0.000000 0.000000 0.492646 0.000000 0.014534 0.000000 0.000000 0.000008 0.000000 0.000000 0.000000 0.000000 0.492813 0.000000 0.000000 0.000000 0.000000 0.000000
 0.000000 0.500000 0.000000 0.000000 0.000000 0.000000 0.000000 0.000000 0.000000 0.000000 0.000000 0.000000 0.000000 0.000000 0.000000 0.000000 0.000000 0.000000 0.500000 0.000000
 0.000000 0.000000 0.000000 0.000000 0.000000 0.000000 0.000000 0.469215 0.000000 0.000000 0.022926 0.038336 0.000000 0.000000 0.000000 0.000000 0.000000 0.469523 0.000000 0.000000
 0.000000 0.000000 0.000000 0.000000 0.468295 0.000000 0.000000 0.000000 0.000000 0.000000 0.000000 0.000000 0.062177 0.000000 0.000000 0.469527 0.000000 0.000000 0.000000 0.000000
the mean of prob-rank is 1.631578947368421
the number of false negetive edges is 0
the number of probability greater than 0 is 3.7/edge
