20
 0.000000 0.000137 0.000002 0.000000 0.000000 0.000000 0.000000 0.000000 0.000001 0.390153 0.000000 0.000000 0.242381 0.000005 0.000000 0.000000 0.000000 0.367320 0.000000 0.000000
 0.000176 0.000000 0.000000 0.000000 0.000000 0.000000 0.000000 0.000000 0.000000 0.000000 0.499909 0.499916 0.000000 0.000000 0.000000 0.000000 0.000000 0.000000 0.000000 0.000000
 0.000002 0.000000 0.000000 0.000000 0.334468 0.270408 0.059970 0.000000 0.000000 0.000000 0.000000 0.000000 0.000000 0.335152 0.000000 0.000000 0.000000 0.000000 0.000000 0.000000
 0.000000 0.000000 0.000000 0.000000 0.000000 0.000000 0.000000 0.000000 0.500000 0.000000 0.000000 0.500000 0.000000 0.000000 0.000000 0.000000 0.000000 0.000000 0.000000 0.000000
 0.000000 0.000000 0.374513 0.000000 0.000000 0.375850 0.249638 0.000000 0.000000 0.000000 0.000000 0.000000 0.000000 0.000000 0.000000 0.000000 0.000000 0.000000 0.000000 0.000000
 0.000000 0.000000 0.286318 0.000000 0.355412 0.000000 0.349741 0.000000 0.000000 0.000000 0.000000 0.000000 0.000000 0.008105 0.000000 0.000000 0.000000 0.000000 0.000000 0.000424
 0.000000 0.000000 0.063201 0.000000 0.234955 0.348100 0.000000 0.000000 0.353744 0.000000 0.000000 0.000000 0.000000 0.000000 0.000000 0.000000 0.000000 0.000000 0.000000 0.000000
 0.000000 0.000000 0.000000 0.000000 0.000000 0.000000 0.000000 0.000000 0.000000 0.000000 0.000001 0.000000 0.006370 0.000000 0.496822 0.000000 0.496807 0.000000 0.000000 0.000000
 0.000001 0.000000 0.000000 0.500000 0.000000 0.000000 0.500000 0.000000 0.000000 0.000000 0.000000 0.000000 0.000000 0.000000 0.000000 0.000000 0.000000 0.000000 0.000000 0.000000
 0.499964 0.000000 0.000000 0.000000 0.000000 0.000000 0.000000 0.000000 0.000000 0.000000 0.000000 0.000000 0.000011 0.000000 0.500019 0.000000 0.000006 0.000000 0.000000 0.000000
 0.000000 0.499996 0.000000 0.000000 0.000000 0.000000 0.000000 0.000001 0.000000 0.000000 0.000000 0.000000 0.000000 0.000000 0.000000 0.000000 0.500003 0.000000 0.000000 0.000000
 0.000000 0.500000 0.000000 0.500000 0.000000 0.000000 0.000000 0.000000 0.000000 0.000000 0.000000 0.000000 0.000000 0.000000 0.000000 0.000000 0.000000 0.000000 0.000000 0.000000
 0.194859 0.000000 0.000000 0.000000 0.000000 0.000000 0.000000 0.004022 0.000000 0.000007 0.000000 0.000000 0.000000 0.000000 0.000000 0.313692 0.000000 0.136280 0.279135 0.072006
 0.000007 0.000000 0.493976 0.000000 0.000000 0.011282 0.000000 0.000000 0.000000 0.000000 0.000000 0.000000 0.000000 0.000000 0.000000 0.000000 0.000000 0.000007 0.000000 0.494728
 0.000000 0.000000 0.000000 0.000000 0.000000 0.000000 0.000000 0.499994 0.000000 0.499994 0.000000 0.000000 0.000000 0.000000 0.000000 0.000000 0.000011 0.000000 0.000000 0.000000
 0.000000 0.000000 0.000000 0.000000 0.000000 0.000000 0.000000 0.000000 0.000000 0.000000 0.000000 0.000000 0.366122 0.000000 0.000000 0.000000 0.000000 0.031743 0.341304 0.260831
 0.000000 0.000000 0.000000 0.000000 0.000000 0.000000 0.000000 0.499983 0.000000 0.000006 0.499999 0.000000 0.000000 0.000000 0.000011 0.000000 0.000000 0.000000 0.000000 0.000000
 0.283968 0.000000 0.000000 0.000000 0.000000 0.000000 0.000000 0.000000 0.000000 0.000000 0.000000 0.000000 0.131050 0.000004 0.000000 0.026154 0.000000 0.000000 0.295873 0.262951
 0.000000 0.000000 0.000000 0.000000 0.000000 0.000000 0.000000 0.000000 0.000000 0.000000 0.000000 0.000000 0.312122 0.000000 0.000000 0.326987 0.000000 0.344041 0.000000 0.016850
 0.000000 0.000000 0.000000 0.000000 0.000000 0.000417 0.000000 0.000000 0.000000 0.000000 0.000000 0.000000 0.080179 0.349298 0.000000 0.248845 0.000000 0.304483 0.016779 0.000000
the mean of prob-rank is 1.5789473684210527
the number of false negetive edges is 0
the number of probability greater than 0 is 4.0/edge
