20
 0.000000 0.000000 0.000000 0.308978 0.000000 0.000000 0.000000 0.190638 0.000000 0.276723 0.196678 0.018169 0.000000 0.000000 0.000000 0.000000 0.000000 0.000000 0.000000 0.008813
 0.000000 0.000000 0.000000 0.000000 0.000000 0.000000 0.000000 0.000000 0.000000 0.067383 0.000000 0.000000 0.000000 0.000000 0.000000 0.439208 0.439176 0.000000 0.000000 0.054233
 0.000000 0.000000 0.000000 0.000000 0.000000 0.499909 0.000212 0.000000 0.000000 0.000000 0.000000 0.000000 0.000000 0.000000 0.000000 0.499875 0.000000 0.000000 0.000003 0.000000
 0.499296 0.000000 0.000000 0.000000 0.000000 0.000000 0.000000 0.000000 0.000000 0.000000 0.000000 0.001415 0.000000 0.499289 0.000000 0.000000 0.000000 0.000000 0.000000 0.000000
 0.000000 0.000000 0.000000 0.000000 0.000000 0.282947 0.367263 0.000000 0.018246 0.000000 0.000000 0.000000 0.000000 0.000000 0.000000 0.000000 0.000000 0.000000 0.331545 0.000000
 0.000000 0.000000 0.369535 0.000000 0.284698 0.000000 0.345767 0.000000 0.000000 0.000000 0.000000 0.000000 0.000000 0.000000 0.000000 0.000000 0.000000 0.000000 0.000000 0.000000
 0.000000 0.000000 0.000157 0.000000 0.368556 0.344850 0.000000 0.000000 0.000000 0.000000 0.000000 0.000000 0.000000 0.000000 0.000000 0.000000 0.000000 0.000000 0.286437 0.000000
 0.181692 0.000000 0.000000 0.000000 0.000000 0.000000 0.000000 0.000000 0.000000 0.225384 0.000000 0.293104 0.292511 0.000000 0.000000 0.000000 0.000000 0.000323 0.000000 0.006986
 0.000000 0.000000 0.000000 0.000000 0.017576 0.000000 0.000000 0.000000 0.000000 0.131890 0.000000 0.000000 0.000000 0.000000 0.353769 0.000000 0.000000 0.000000 0.352418 0.144348
 0.248923 0.042612 0.000000 0.000000 0.000000 0.000000 0.000000 0.212724 0.103619 0.000000 0.000011 0.001334 0.025083 0.000000 0.000000 0.000865 0.000000 0.000000 0.087396 0.277433
 0.245181 0.000000 0.000000 0.000000 0.000000 0.000000 0.000000 0.000000 0.000000 0.000015 0.000000 0.000000 0.000000 0.000000 0.385176 0.000000 0.000000 0.000000 0.000000 0.369628
 0.027427 0.000000 0.000000 0.001322 0.000000 0.000000 0.000000 0.464242 0.000000 0.002239 0.000000 0.000000 0.038053 0.000338 0.000000 0.000000 0.000000 0.466329 0.000000 0.000050
 0.000000 0.000000 0.000000 0.000000 0.000000 0.000000 0.000000 0.456907 0.000000 0.041512 0.000000 0.037528 0.000000 0.000001 0.000000 0.000000 0.459875 0.004176 0.000000 0.000000
 0.000000 0.000000 0.000000 0.499815 0.000000 0.000000 0.000000 0.000000 0.000000 0.000000 0.000000 0.000362 0.000001 0.000000 0.000000 0.000000 0.000000 0.499822 0.000000 0.000000
 0.000000 0.000000 0.000000 0.000000 0.000000 0.000000 0.000000 0.000000 0.500000 0.000000 0.500000 0.000000 0.000000 0.000000 0.000000 0.000000 0.000000 0.000000 0.000000 0.000000
 0.000000 0.495851 0.496157 0.000000 0.000000 0.000000 0.000000 0.000000 0.000000 0.001545 0.000000 0.000000 0.000000 0.000000 0.000000 0.000000 0.005889 0.000000 0.000000 0.000558
 0.000000 0.496918 0.000000 0.000000 0.000000 0.000000 0.000000 0.000000 0.000000 0.000000 0.000000 0.000000 0.497180 0.000000 0.000000 0.005902 0.000000 0.000000 0.000000 0.000000
 0.000000 0.000000 0.000000 0.000000 0.000000 0.000000 0.000000 0.000545 0.000000 0.000000 0.000000 0.497422 0.004517 0.497516 0.000000 0.000000 0.000000 0.000000 0.000000 0.000000
 0.000000 0.000000 0.000002 0.000000 0.279542 0.000000 0.240662 0.000000 0.308475 0.097371 0.000000 0.000000 0.000000 0.000000 0.000000 0.000000 0.000000 0.000000 0.000000 0.073948
 0.010255 0.044362 0.000000 0.000000 0.000000 0.000000 0.000000 0.008528 0.146692 0.358863 0.345003 0.000039 0.000000 0.000000 0.000000 0.000404 0.000000 0.000000 0.085854 0.000000
the mean of prob-rank is 1.4210526315789473
the number of false negetive edges is 0
the number of probability greater than 0 is 5.0/edge
