20
 0.000000 0.000000 0.000000 0.000000 0.000000 0.000000 0.500000 0.000000 0.000000 0.000000 0.000000 0.000000 0.000000 0.000000 0.500000 0.000000 0.000000 0.000000 0.000000 0.000000
 0.000000 0.000000 0.000000 0.000000 0.000000 0.000000 0.000002 0.000000 0.157482 0.356269 0.000000 0.001495 0.000000 0.000000 0.000000 0.112914 0.000000 0.000000 0.000000 0.371837
 0.000000 0.000000 0.000000 0.000000 0.000000 0.330681 0.000000 0.000000 0.000000 0.329347 0.000000 0.000000 0.000000 0.000000 0.000000 0.000000 0.000000 0.339972 0.000000 0.000000
 0.000000 0.000000 0.000000 0.000000 0.000000 0.000000 0.000000 0.000000 0.000000 0.000000 0.500000 0.000000 0.000000 0.000000 0.000000 0.000000 0.500000 0.000000 0.000000 0.000000
 0.000000 0.000000 0.000000 0.000000 0.000000 0.064720 0.000000 0.000000 0.000000 0.000000 0.467420 0.000000 0.000000 0.000000 0.000000 0.000000 0.000000 0.000000 0.467860 0.000000
 0.000000 0.000000 0.255338 0.000000 0.038003 0.000000 0.000000 0.230192 0.000014 0.152396 0.000000 0.257376 0.000000 0.066630 0.000000 0.000000 0.000000 0.000051 0.000000 0.000000
 0.500000 0.000002 0.000000 0.000000 0.000000 0.000000 0.000000 0.000000 0.000000 0.000000 0.000000 0.000000 0.000000 0.000000 0.000000 0.000000 0.000000 0.000000 0.000000 0.499998
 0.000000 0.000000 0.000000 0.000000 0.000000 0.240464 0.000000 0.000000 0.000000 0.000000 0.000000 0.000000 0.278150 0.000000 0.000000 0.000000 0.000000 0.225054 0.256333 0.000000
 0.000000 0.175183 0.000000 0.000000 0.000000 0.000020 0.000000 0.000000 0.000000 0.000000 0.000000 0.413631 0.000000 0.411155 0.000000 0.000011 0.000000 0.000000 0.000000 0.000000
 0.000000 0.266307 0.257289 0.000000 0.000000 0.154183 0.000000 0.000000 0.000000 0.000000 0.000000 0.000000 0.000000 0.045671 0.000000 0.276549 0.000000 0.000000 0.000000 0.000000
 0.000000 0.000000 0.000000 0.448754 0.448327 0.000000 0.000000 0.000000 0.000000 0.000000 0.000000 0.000000 0.000000 0.000000 0.000004 0.000000 0.000000 0.000000 0.102914 0.000000
 0.000000 0.001634 0.000000 0.000000 0.000000 0.380615 0.000000 0.000000 0.406270 0.000000 0.000000 0.000000 0.000000 0.211481 0.000000 0.000000 0.000000 0.000000 0.000000 0.000000
 0.000000 0.000000 0.000000 0.000000 0.000000 0.000000 0.000000 0.339537 0.000000 0.000000 0.000000 0.000000 0.000000 0.000000 0.000000 0.000000 0.000000 0.350320 0.310143 0.000000
 0.000000 0.000000 0.000000 0.000000 0.000000 0.083338 0.000000 0.000000 0.341556 0.056462 0.000000 0.178866 0.000000 0.000000 0.000000 0.339778 0.000000 0.000000 0.000000 0.000000
 0.499998 0.000000 0.000000 0.000000 0.000000 0.000000 0.000000 0.000000 0.000000 0.000000 0.000004 0.000000 0.000000 0.000000 0.000000 0.000000 0.499998 0.000000 0.000000 0.000000
 0.000000 0.132749 0.000000 0.000000 0.000000 0.000000 0.000000 0.000000 0.000012 0.434962 0.000000 0.000000 0.000000 0.432277 0.000000 0.000000 0.000000 0.000000 0.000000 0.000000
 0.000000 0.000000 0.000000 0.500000 0.000000 0.000000 0.000000 0.000000 0.000000 0.000000 0.000000 0.000000 0.000000 0.000000 0.500000 0.000000 0.000000 0.000000 0.000000 0.000000
 0.000000 0.000000 0.348749 0.000000 0.000000 0.000068 0.000000 0.286212 0.000000 0.000000 0.000000 0.000000 0.364971 0.000000 0.000000 0.000000 0.000000 0.000000 0.000000 0.000000
 0.000000 0.000000 0.000000 0.000000 0.332461 0.000000 0.000000 0.296958 0.000000 0.000000 0.076245 0.000000 0.294336 0.000000 0.000000 0.000000 0.000000 0.000000 0.000000 0.000000
 0.000000 0.500001 0.000000 0.000000 0.000000 0.000000 0.499999 0.000000 0.000000 0.000000 0.000000 0.000000 0.000000 0.000000 0.000000 0.000000 0.000000 0.000000 0.000000 0.000000
the mean of prob-rank is 1.4736842105263157
the number of false negetive edges is 0
the number of probability greater than 0 is 3.8/edge
