20
 0.000000 0.000079 0.028503 0.000008 0.000000 0.375968 0.000026 0.250634 0.000000 0.000000 0.000000 0.000000 0.000000 0.001412 0.000000 0.339996 0.001741 0.001633 0.000000 0.000000
 0.000075 0.000000 0.000000 0.005377 0.000000 0.000000 0.000000 0.000000 0.000000 0.000000 0.307085 0.000000 0.331207 0.000000 0.000000 0.000000 0.000000 0.356256 0.000000 0.000000
 0.022972 0.000000 0.000000 0.000000 0.000000 0.302598 0.294067 0.000000 0.000000 0.000000 0.000000 0.000000 0.000000 0.000000 0.000000 0.108679 0.000000 0.000000 0.260588 0.011096
 0.000009 0.006262 0.000000 0.000000 0.000000 0.000000 0.000000 0.000000 0.000000 0.414932 0.400097 0.000000 0.000000 0.000000 0.000000 0.000000 0.000000 0.178700 0.000000 0.000000
 0.000000 0.000000 0.000000 0.000000 0.000000 0.000000 0.000000 0.000000 0.500029 0.000000 0.000000 0.000000 0.000000 0.000000 0.000000 0.000000 0.000000 0.000000 0.000000 0.499971
 0.488375 0.000000 0.487709 0.000000 0.000000 0.000000 0.000000 0.023916 0.000000 0.000000 0.000000 0.000000 0.000000 0.000000 0.000000 0.000000 0.000000 0.000000 0.000000 0.000000
 0.000024 0.000000 0.338664 0.000000 0.000000 0.000000 0.000000 0.000000 0.000000 0.000000 0.000000 0.000000 0.000000 0.000000 0.000000 0.313076 0.000000 0.000000 0.000000 0.348236
 0.251247 0.000000 0.000000 0.000000 0.000000 0.018456 0.000000 0.000000 0.000000 0.000000 0.000000 0.376984 0.000000 0.000000 0.000000 0.000000 0.000000 0.000000 0.353313 0.000000
 0.000000 0.000000 0.000000 0.000000 0.500047 0.000000 0.000000 0.000000 0.000000 0.000000 0.000000 0.000000 0.000000 0.000000 0.000000 0.000000 0.000000 0.000000 0.499797 0.000155
 0.000000 0.000000 0.000000 0.500000 0.000000 0.000000 0.000000 0.000000 0.000000 0.000000 0.000000 0.500000 0.000000 0.000000 0.000000 0.000000 0.000000 0.000000 0.000000 0.000000
 0.000000 0.266383 0.000000 0.297988 0.000000 0.000000 0.000000 0.000000 0.000000 0.000000 0.000000 0.000000 0.130075 0.000000 0.000000 0.000000 0.000000 0.305555 0.000000 0.000000
 0.000000 0.000000 0.000000 0.000000 0.000000 0.000000 0.000000 0.500000 0.000000 0.500000 0.000000 0.000000 0.000000 0.000000 0.000000 0.000000 0.000000 0.000000 0.000000 0.000000
 0.000000 0.341823 0.000000 0.000000 0.000000 0.000000 0.000000 0.000000 0.000000 0.000000 0.154755 0.000000 0.000000 0.000000 0.367675 0.000000 0.000000 0.135747 0.000000 0.000000
 0.001874 0.000000 0.000000 0.000000 0.000000 0.000000 0.000000 0.000000 0.000000 0.000000 0.000000 0.000000 0.000000 0.000000 0.498922 0.000000 0.499204 0.000000 0.000000 0.000000
 0.000000 0.000000 0.000000 0.000000 0.000000 0.000000 0.000000 0.000000 0.000000 0.000000 0.000000 0.000000 0.499941 0.499658 0.000000 0.000000 0.000401 0.000000 0.000000 0.000000
 0.287169 0.000000 0.113895 0.000000 0.000000 0.000000 0.284896 0.000000 0.000000 0.000000 0.000000 0.000000 0.000000 0.000000 0.000000 0.000000 0.314040 0.000000 0.000000 0.000000
 0.002322 0.000000 0.000000 0.000000 0.000000 0.000000 0.000000 0.000000 0.000000 0.000000 0.000000 0.000000 0.000000 0.501475 0.000402 0.495801 0.000000 0.000000 0.000000 0.000000
 0.001555 0.358044 0.000000 0.154200 0.000000 0.000000 0.000000 0.000000 0.000000 0.000000 0.354010 0.000000 0.132192 0.000000 0.000000 0.000000 0.000000 0.000000 0.000000 0.000000
 0.000000 0.000000 0.307449 0.000000 0.000000 0.000000 0.000000 0.335138 0.357412 0.000000 0.000000 0.000000 0.000000 0.000000 0.000000 0.000000 0.000000 0.000000 0.000000 0.000000
 0.000000 0.000000 0.017994 0.000000 0.491473 0.000000 0.490380 0.000000 0.000153 0.000000 0.000000 0.000000 0.000000 0.000000 0.000000 0.000000 0.000000 0.000000 0.000000 0.000000
the mean of prob-rank is 1.5789473684210527
the number of false negetive edges is 0
the number of probability greater than 0 is 4.0/edge
