20
 0.000000 0.000000 0.051141 0.000000 0.000253 0.000000 0.000000 0.000000 0.000000 0.000000 0.000000 0.474491 0.000000 0.000000 0.000000 0.000000 0.474106 0.000000 0.000000 0.000011
 0.000000 0.000000 0.000000 0.000000 0.000000 0.000000 0.444154 0.000000 0.000000 0.000002 0.427398 0.000000 0.000000 0.012953 0.000988 0.000000 0.000000 0.000000 0.000000 0.114505
 0.051202 0.000000 0.000000 0.000000 0.475059 0.000000 0.000000 0.000000 0.000000 0.000000 0.000000 0.000000 0.000000 0.000000 0.000000 0.000000 0.000000 0.000000 0.000000 0.473739
 0.000000 0.000000 0.000000 0.000000 0.000000 0.000000 0.000000 0.000000 0.000000 0.000000 0.000000 0.000000 0.000000 0.000000 0.000000 0.369855 0.000000 0.365706 0.264439 0.000000
 0.000266 0.000000 0.499867 0.000000 0.000000 0.000000 0.000000 0.499867 0.000000 0.000000 0.000000 0.000000 0.000000 0.000000 0.000000 0.000000 0.000000 0.000000 0.000000 0.000000
 0.000000 0.000000 0.000000 0.000000 0.000000 0.000000 0.000000 0.000000 0.000000 0.000000 0.356997 0.000000 0.000000 0.000000 0.344859 0.298144 0.000000 0.000000 0.000000 0.000000
 0.000000 0.489011 0.000000 0.000000 0.000000 0.000000 0.000000 0.000000 0.000000 0.489161 0.000000 0.000000 0.000000 0.010170 0.000000 0.000000 0.000002 0.011656 0.000000 0.000000
 0.000000 0.000000 0.000000 0.000000 0.500000 0.000000 0.000000 0.000000 0.500000 0.000000 0.000000 0.000000 0.000000 0.000000 0.000000 0.000000 0.000000 0.000000 0.000000 0.000000
 0.000000 0.000000 0.000000 0.000000 0.000000 0.000000 0.000000 0.500000 0.000000 0.000000 0.000000 0.000000 0.000000 0.000000 0.500000 0.000000 0.000000 0.000000 0.000000 0.000000
 0.000000 0.000003 0.000000 0.000000 0.000000 0.000000 0.499475 0.000000 0.000000 0.000000 0.000000 0.000000 0.000000 0.499481 0.000000 0.000000 0.000000 0.001042 0.000000 0.000000
 0.000000 0.350662 0.000000 0.000000 0.000000 0.364525 0.000000 0.000000 0.000000 0.000000 0.000000 0.000000 0.000000 0.000000 0.283964 0.000849 0.000000 0.000000 0.000000 0.000000
 0.500035 0.000000 0.000000 0.000000 0.000000 0.000000 0.000000 0.000000 0.000000 0.000000 0.000000 0.000000 0.000000 0.000000 0.000000 0.000000 0.000008 0.000000 0.000000 0.499957
 0.000000 0.000000 0.000000 0.000000 0.000000 0.000000 0.000000 0.000000 0.000000 0.000000 0.000000 0.000000 0.000000 0.004415 0.000000 0.000000 0.497642 0.000000 0.497943 0.000000
 0.000000 0.013070 0.000000 0.000000 0.000000 0.000000 0.009320 0.000000 0.000000 0.448314 0.000000 0.000000 0.003975 0.000000 0.000000 0.000000 0.083230 0.442091 0.000000 0.000000
 0.000000 0.000810 0.000000 0.000000 0.000000 0.351628 0.000000 0.000000 0.364005 0.000000 0.283558 0.000000 0.000000 0.000000 0.000000 0.000000 0.000000 0.000000 0.000000 0.000000
 0.000000 0.000000 0.000000 0.332441 0.000000 0.277638 0.000000 0.000000 0.000000 0.000000 0.000775 0.000000 0.000000 0.000000 0.000000 0.000000 0.000000 0.140220 0.248927 0.000000
 0.457457 0.000000 0.000000 0.000000 0.000000 0.000000 0.000002 0.000000 0.000000 0.000000 0.000000 0.000007 0.457537 0.084997 0.000000 0.000000 0.000000 0.000000 0.000000 0.000000
 0.000000 0.000000 0.000000 0.332430 0.000000 0.000000 0.008011 0.000000 0.000000 0.000701 0.000000 0.000000 0.000000 0.331538 0.000000 0.141806 0.000000 0.000000 0.185513 0.000000
 0.000000 0.000000 0.000000 0.237099 0.000000 0.000000 0.000000 0.000000 0.000000 0.000000 0.000000 0.000000 0.331608 0.000000 0.000000 0.248310 0.000000 0.182983 0.000000 0.000000
 0.000010 0.114299 0.442264 0.000000 0.000000 0.000000 0.000000 0.000000 0.000000 0.000000 0.000000 0.443427 0.000000 0.000000 0.000000 0.000000 0.000000 0.000000 0.000000 0.000000
the mean of prob-rank is 1.5789473684210527
the number of false negetive edges is 0
the number of probability greater than 0 is 4.0/edge
