20
 0.000000 0.000000 0.000000 0.000000 0.000075 0.000000 0.000000 0.000000 0.005819 0.000000 0.000000 0.000000 0.000000 0.006988 0.000000 0.129551 0.000011 0.428408 0.429149 0.000000
 0.000000 0.000000 0.298351 0.011199 0.240914 0.000000 0.208879 0.002530 0.000000 0.000000 0.000000 0.000000 0.238128 0.000000 0.000000 0.000000 0.000000 0.000000 0.000000 0.000000
 0.000000 0.318731 0.000000 0.272205 0.000001 0.000000 0.126503 0.039796 0.000000 0.242755 0.000000 0.000000 0.000010 0.000000 0.000000 0.000000 0.000000 0.000000 0.000000 0.000000
 0.000000 0.013179 0.299828 0.000000 0.000000 0.000000 0.335885 0.000033 0.000000 0.351076 0.000000 0.000000 0.000000 0.000000 0.000000 0.000000 0.000000 0.000000 0.000000 0.000000
 0.000053 0.245410 0.000001 0.000000 0.000000 0.000000 0.000000 0.253167 0.167522 0.000000 0.000000 0.000000 0.285482 0.048364 0.000000 0.000001 0.000000 0.000000 0.000000 0.000000
 0.000000 0.000000 0.000000 0.000000 0.000000 0.000000 0.000000 0.000000 0.000000 0.000000 0.008608 0.000000 0.000000 0.000000 0.000000 0.000000 0.488352 0.014799 0.000000 0.488241
 0.000000 0.229263 0.129971 0.313298 0.000000 0.000000 0.000000 0.327468 0.000000 0.000000 0.000000 0.000000 0.000000 0.000000 0.000000 0.000000 0.000000 0.000000 0.000000 0.000000
 0.000000 0.003026 0.044567 0.000033 0.297338 0.000000 0.356944 0.000000 0.298091 0.000000 0.000000 0.000000 0.000000 0.000000 0.000000 0.000000 0.000000 0.000000 0.000000 0.000000
 0.004370 0.000000 0.000000 0.000000 0.177921 0.000000 0.000000 0.269564 0.000000 0.000000 0.000000 0.000000 0.000000 0.007077 0.000000 0.000000 0.217809 0.000518 0.322740 0.000000
 0.000000 0.000000 0.282266 0.370608 0.000000 0.000000 0.000000 0.000000 0.000000 0.000000 0.000002 0.000000 0.000000 0.000000 0.347125 0.000000 0.000000 0.000000 0.000000 0.000000
 0.000000 0.000000 0.000000 0.000000 0.000000 0.005524 0.000000 0.000000 0.000000 0.000002 0.000000 0.271810 0.000000 0.000000 0.313369 0.115283 0.000039 0.000000 0.000000 0.293973
 0.000000 0.000000 0.000000 0.000000 0.000000 0.000000 0.000000 0.000000 0.000000 0.000000 0.244753 0.000000 0.000000 0.240969 0.234710 0.279557 0.000000 0.000000 0.000000 0.000011
 0.000000 0.293003 0.000012 0.000000 0.344834 0.000000 0.000000 0.000000 0.000000 0.000000 0.000000 0.000000 0.000000 0.362151 0.000001 0.000000 0.000000 0.000000 0.000000 0.000000
 0.005518 0.000000 0.000000 0.000000 0.054000 0.000000 0.000000 0.000000 0.007440 0.000000 0.000000 0.289782 0.334758 0.000000 0.065770 0.217430 0.000000 0.025301 0.000000 0.000000
 0.000000 0.000000 0.000000 0.000000 0.000000 0.000000 0.000000 0.000000 0.000000 0.316192 0.337582 0.280796 0.000001 0.065430 0.000000 0.000000 0.000000 0.000000 0.000000 0.000000
 0.077563 0.000000 0.000000 0.000000 0.000000 0.000000 0.000000 0.000000 0.000000 0.000000 0.094660 0.254921 0.000000 0.164871 0.000000 0.000000 0.000000 0.155749 0.000000 0.252236
 0.000009 0.000000 0.000000 0.000000 0.000000 0.377422 0.000000 0.000000 0.254677 0.000000 0.000047 0.000000 0.000000 0.000000 0.000000 0.000000 0.000000 0.367843 0.000000 0.000000
 0.340915 0.000000 0.000000 0.000000 0.000000 0.010364 0.000000 0.000000 0.000549 0.000000 0.000000 0.000000 0.000000 0.025499 0.000000 0.207013 0.333322 0.000000 0.048704 0.033634
 0.466433 0.000000 0.000000 0.000000 0.000001 0.000000 0.000000 0.000000 0.467045 0.000000 0.000000 0.000000 0.000000 0.000001 0.000000 0.000000 0.000001 0.066520 0.000000 0.000000
 0.000000 0.000000 0.000000 0.000000 0.000000 0.331430 0.000000 0.000000 0.000000 0.000000 0.310986 0.000012 0.000000 0.000000 0.000000 0.324969 0.000000 0.032602 0.000000 0.000000
the mean of prob-rank is 1.7894736842105263
the number of false negetive edges is 0
the number of probability greater than 0 is 5.5/edge
