20
 0.000000 0.000000 0.000000 0.000000 0.000002 0.000000 0.000000 0.000000 0.000000 0.269468 0.000000 0.000000 0.000000 0.000000 0.000000 0.272707 0.206559 0.000000 0.000000 0.251264
 0.000000 0.000000 0.000000 0.000000 0.000000 0.000000 0.499996 0.000000 0.000000 0.000000 0.500004 0.000000 0.000000 0.000000 0.000000 0.000000 0.000000 0.000000 0.000000 0.000000
 0.000000 0.000000 0.000000 0.000000 0.000000 0.000000 0.000000 0.000000 0.000000 0.000000 0.384610 0.000000 0.000000 0.251106 0.000000 0.000000 0.000000 0.000000 0.000000 0.364285
 0.000000 0.000000 0.000000 0.000000 0.000000 0.000000 0.000000 0.000000 0.000000 0.000000 0.000000 0.000000 0.500000 0.500000 0.000000 0.000000 0.000000 0.000000 0.000000 0.000000
 0.000003 0.000000 0.000000 0.000000 0.000000 0.000000 0.000000 0.000000 0.000000 0.000000 0.000000 0.000000 0.000000 0.000000 0.000000 0.499978 0.500019 0.000000 0.000000 0.000000
 0.000000 0.000000 0.000000 0.000000 0.000000 0.000000 0.000000 0.000000 0.000000 0.000000 0.000000 0.500000 0.000000 0.000000 0.000000 0.000000 0.000000 0.500000 0.000000 0.000000
 0.000000 0.499998 0.000000 0.000000 0.000000 0.000000 0.000000 0.499998 0.000000 0.000000 0.000004 0.000000 0.000000 0.000000 0.000000 0.000000 0.000000 0.000000 0.000000 0.000000
 0.000000 0.000000 0.000000 0.000000 0.000000 0.000000 0.380413 0.000000 0.000000 0.000000 0.000000 0.000000 0.000000 0.000000 0.000000 0.000000 0.353360 0.000000 0.000000 0.266226
 0.000000 0.000000 0.000000 0.000000 0.000000 0.000000 0.000000 0.000000 0.000000 0.000632 0.000000 0.000000 0.000000 0.000000 0.499684 0.000000 0.000000 0.499684 0.000000 0.000000
 0.377650 0.000000 0.000000 0.000000 0.000000 0.000000 0.000000 0.000000 0.000500 0.000000 0.000000 0.000000 0.000000 0.000000 0.395585 0.226265 0.000000 0.000000 0.000000 0.000000
 0.000000 0.500019 0.499977 0.000000 0.000000 0.000000 0.000004 0.000000 0.000000 0.000000 0.000000 0.000000 0.000000 0.000000 0.000000 0.000000 0.000000 0.000000 0.000000 0.000000
 0.000000 0.000000 0.000000 0.000000 0.000000 0.500000 0.000000 0.000000 0.000000 0.000000 0.000000 0.000000 0.000000 0.000000 0.000000 0.000000 0.000000 0.000000 0.500000 0.000000
 0.000000 0.000000 0.000000 0.500001 0.000000 0.000000 0.000000 0.000000 0.000000 0.000000 0.000000 0.000000 0.000000 0.000000 0.000000 0.000000 0.000000 0.000000 0.499999 0.000000
 0.000000 0.000000 0.247907 0.379742 0.000000 0.000000 0.000000 0.000000 0.000000 0.000000 0.000000 0.000000 0.000000 0.000000 0.000000 0.000000 0.000000 0.000000 0.000000 0.372351
 0.000000 0.000000 0.000000 0.000000 0.000000 0.000000 0.000000 0.000000 0.499992 0.499992 0.000000 0.000000 0.000000 0.000000 0.000000 0.000015 0.000000 0.000000 0.000000 0.000000
 0.379567 0.000000 0.000000 0.000000 0.392839 0.000000 0.000000 0.000000 0.000000 0.224713 0.000000 0.000000 0.000000 0.000000 0.000012 0.000000 0.002869 0.000000 0.000000 0.000000
 0.274280 0.000000 0.000000 0.000000 0.374808 0.000000 0.000000 0.348148 0.000000 0.000000 0.000000 0.000000 0.000000 0.000000 0.000000 0.002737 0.000000 0.000000 0.000000 0.000028
 0.000000 0.000000 0.000000 0.000000 0.000000 0.500000 0.000000 0.000000 0.500000 0.000000 0.000000 0.000000 0.000000 0.000000 0.000000 0.000000 0.000000 0.000000 0.000000 0.000000
 0.000000 0.000000 0.000000 0.000000 0.000000 0.000000 0.000000 0.000000 0.000000 0.000000 0.000000 0.500001 0.499999 0.000000 0.000000 0.000000 0.000000 0.000000 0.000000 0.000000
 0.253056 0.000000 0.269233 0.000000 0.000000 0.000000 0.000000 0.198945 0.000000 0.000000 0.000000 0.000000 0.000000 0.278745 0.000000 0.000000 0.000021 0.000000 0.000000 0.000000
the mean of prob-rank is 1.5789473684210527
the number of false negetive edges is 0
the number of probability greater than 0 is 3.1/edge
