20
 0.000000 0.000000 0.181282 0.000000 0.000000 0.000000 0.282374 0.208994 0.000000 0.000000 0.030571 0.000000 0.000011 0.000000 0.000340 0.000000 0.285269 0.011156 0.000003 0.000000
 0.000000 0.000000 0.000000 0.493890 0.000000 0.012270 0.000000 0.000000 0.000000 0.000000 0.000000 0.000000 0.000000 0.000000 0.000000 0.493840 0.000000 0.000000 0.000000 0.000000
 0.205755 0.000000 0.000000 0.000000 0.000000 0.000000 0.000000 0.326147 0.000000 0.000000 0.058521 0.000000 0.000000 0.000000 0.321532 0.000000 0.079866 0.000000 0.008178 0.000000
 0.000000 0.349887 0.000000 0.000000 0.000000 0.327557 0.000000 0.000000 0.000000 0.000000 0.000000 0.000000 0.000000 0.000000 0.000000 0.000000 0.000000 0.322549 0.000000 0.000007
 0.000000 0.000000 0.000000 0.000000 0.000000 0.000000 0.000000 0.000000 0.499998 0.000000 0.000000 0.500002 0.000000 0.000000 0.000000 0.000000 0.000000 0.000000 0.000000 0.000000
 0.000000 0.007838 0.000000 0.295343 0.000000 0.000000 0.313650 0.000000 0.000000 0.000000 0.000000 0.000000 0.000000 0.000000 0.000000 0.275084 0.000000 0.108085 0.000000 0.000000
 0.360464 0.000000 0.000000 0.000000 0.000000 0.364704 0.000000 0.000000 0.000000 0.000000 0.000000 0.000000 0.000000 0.000000 0.000000 0.000000 0.000001 0.274832 0.000000 0.000000
 0.213088 0.000000 0.292983 0.000000 0.000000 0.000000 0.000000 0.000000 0.000000 0.000000 0.000001 0.000000 0.282827 0.000000 0.067983 0.000000 0.129573 0.000000 0.013544 0.000000
 0.000000 0.000000 0.000000 0.000000 0.499998 0.000000 0.000000 0.000000 0.000000 0.000000 0.000000 0.000000 0.500002 0.000000 0.000000 0.000000 0.000000 0.000000 0.000000 0.000000
 0.000000 0.000000 0.000000 0.000000 0.000000 0.000000 0.000000 0.000000 0.000000 0.000000 0.000000 0.468041 0.000000 0.468139 0.000000 0.000000 0.000000 0.047568 0.000000 0.016253
 0.028921 0.000000 0.048777 0.000000 0.000000 0.000000 0.000000 0.000001 0.000000 0.000000 0.000000 0.000000 0.000000 0.000000 0.207453 0.249761 0.193237 0.000000 0.271850 0.000000
 0.000000 0.000000 0.000000 0.000000 0.472393 0.000000 0.000000 0.000000 0.000000 0.472040 0.000000 0.000000 0.000000 0.055567 0.000000 0.000000 0.000000 0.000000 0.000000 0.000000
 0.000014 0.000000 0.000000 0.000000 0.000000 0.000000 0.000000 0.352499 0.365164 0.000000 0.000000 0.000000 0.000000 0.000000 0.000000 0.000000 0.282322 0.000000 0.000000 0.000000
 0.000000 0.000000 0.000000 0.000000 0.000000 0.000000 0.000000 0.000000 0.000000 0.472092 0.000000 0.055561 0.000000 0.000000 0.000000 0.000000 0.000000 0.000000 0.000000 0.472346
 0.000368 0.000000 0.306338 0.000000 0.000000 0.000000 0.000000 0.072102 0.000000 0.000000 0.237133 0.000000 0.000000 0.000000 0.000000 0.000000 0.077576 0.000000 0.306483 0.000000
 0.000000 0.358308 0.000000 0.000000 0.000000 0.312463 0.000000 0.000000 0.000000 0.000000 0.329229 0.000000 0.000000 0.000000 0.000000 0.000000 0.000000 0.000000 0.000000 0.000000
 0.290826 0.000000 0.071738 0.000000 0.000000 0.000000 0.000001 0.129560 0.000000 0.000000 0.208241 0.000000 0.226497 0.000000 0.073137 0.000000 0.000000 0.000000 0.000001 0.000000
 0.012310 0.000000 0.000000 0.292306 0.000000 0.108635 0.237560 0.000000 0.000000 0.032201 0.000000 0.000000 0.000000 0.000000 0.000000 0.000000 0.000000 0.000000 0.000000 0.316988
 0.000006 0.000000 0.012186 0.000000 0.000000 0.000000 0.000000 0.022467 0.000000 0.000000 0.486000 0.000000 0.000000 0.000000 0.479340 0.000000 0.000001 0.000000 0.000000 0.000000
 0.000000 0.000000 0.000000 0.000010 0.000000 0.000000 0.000000 0.000000 0.000000 0.017056 0.000000 0.000000 0.000000 0.491539 0.000000 0.000000 0.000000 0.491395 0.000000 0.000000
the mean of prob-rank is 1.631578947368421
the number of false negetive edges is 0
the number of probability greater than 0 is 4.55/edge
