20
 0.000000 0.000026 0.000000 0.000000 0.000000 0.000000 0.491817 0.004401 0.000000 0.000003 0.000000 0.491823 0.000000 0.000000 0.011928 0.000000 0.000000 0.000000 0.000000 0.000000
 0.000027 0.000000 0.000000 0.000000 0.499965 0.000000 0.000000 0.000000 0.000000 0.500006 0.000002 0.000000 0.000000 0.000000 0.000000 0.000000 0.000000 0.000000 0.000000 0.000000
 0.000000 0.000000 0.000000 0.000000 0.000000 0.000000 0.000000 0.000000 0.000000 0.000000 0.000000 0.000000 0.000000 0.000000 0.000000 0.000000 0.500000 0.500000 0.000000 0.000000
 0.000000 0.000000 0.000000 0.000000 0.000000 0.000000 0.000000 0.499999 0.000000 0.000000 0.000000 0.000000 0.500001 0.000000 0.000000 0.000000 0.000000 0.000000 0.000000 0.000000
 0.000000 0.479151 0.000000 0.000000 0.000000 0.000000 0.000000 0.000000 0.000000 0.000000 0.479192 0.000000 0.000000 0.000000 0.000000 0.041657 0.000000 0.000000 0.000000 0.000000
 0.000000 0.000000 0.000000 0.000000 0.000000 0.000000 0.000000 0.000000 0.000000 0.000000 0.000000 0.000000 0.000000 0.000000 0.500000 0.000000 0.000000 0.000000 0.500000 0.000000
 0.478528 0.000000 0.000000 0.000000 0.000000 0.000000 0.000000 0.000000 0.000000 0.025748 0.000000 0.000000 0.000000 0.000000 0.478441 0.000000 0.000000 0.000000 0.000000 0.017284
 0.004452 0.000000 0.000000 0.497459 0.000000 0.000000 0.000000 0.000000 0.000000 0.000000 0.000000 0.497461 0.000000 0.000000 0.000628 0.000000 0.000000 0.000000 0.000000 0.000000
 0.000000 0.000000 0.000000 0.000000 0.000000 0.000000 0.000000 0.000000 0.000000 0.000000 0.010077 0.000000 0.000000 0.000000 0.000000 0.494996 0.000000 0.494927 0.000000 0.000000
 0.000003 0.487083 0.000000 0.000000 0.000000 0.000000 0.026207 0.000000 0.000000 0.000000 0.000000 0.000000 0.000000 0.000000 0.000000 0.000000 0.000000 0.000000 0.000000 0.486707
 0.000000 0.000002 0.000000 0.000000 0.495017 0.000000 0.000000 0.000000 0.010078 0.000000 0.000000 0.000000 0.000000 0.000000 0.000000 0.494904 0.000000 0.000000 0.000000 0.000000
 0.499991 0.000000 0.000000 0.000000 0.000000 0.000000 0.000000 0.500008 0.000000 0.000000 0.000000 0.000000 0.000000 0.000000 0.000000 0.000000 0.000000 0.000000 0.000000 0.000000
 0.000000 0.000000 0.000000 0.500000 0.000000 0.000000 0.000000 0.000000 0.000000 0.000000 0.000000 0.000000 0.000000 0.500000 0.000000 0.000000 0.000000 0.000000 0.000000 0.000000
 0.000000 0.000000 0.000000 0.000000 0.000000 0.000000 0.000000 0.000000 0.000000 0.000000 0.000000 0.000000 0.500000 0.000000 0.000000 0.000000 0.500000 0.000000 0.000000 0.000000
 0.011975 0.000000 0.000000 0.000000 0.000000 0.493745 0.493633 0.000624 0.000000 0.000000 0.000000 0.000000 0.000000 0.000000 0.000000 0.000000 0.000000 0.000000 0.000000 0.000024
 0.000000 0.000000 0.000000 0.000000 0.041579 0.000000 0.000000 0.000000 0.478293 0.000000 0.478184 0.000000 0.000000 0.000000 0.000000 0.000000 0.000000 0.001945 0.000000 0.000000
 0.000000 0.000000 0.500000 0.000000 0.000000 0.000000 0.000000 0.000000 0.000000 0.000000 0.000000 0.000000 0.000000 0.500000 0.000000 0.000000 0.000000 0.000000 0.000000 0.000000
 0.000000 0.000000 0.499020 0.000000 0.000000 0.000000 0.000000 0.000000 0.498950 0.000000 0.000000 0.000000 0.000000 0.000000 0.000000 0.002029 0.000000 0.000000 0.000000 0.000000
 0.000000 0.000000 0.000000 0.000000 0.000000 0.500000 0.000000 0.000000 0.000000 0.000000 0.000000 0.000000 0.000000 0.000000 0.000000 0.000000 0.000000 0.000000 0.000000 0.500000
 0.000000 0.000000 0.000000 0.000000 0.000000 0.000000 0.017744 0.000000 0.000000 0.490926 0.000000 0.000000 0.000000 0.000000 0.000023 0.000000 0.000000 0.000000 0.491306 0.000000
the mean of prob-rank is 1.5789473684210527
the number of false negetive edges is 0
the number of probability greater than 0 is 3.2/edge
