20
 0.000000 0.000000 0.499998 0.000000 0.000000 0.000000 0.000000 0.000000 0.000000 0.000000 0.000000 0.000005 0.000000 0.000000 0.000000 0.499997 0.000000 0.000000 0.000000 0.000000
 0.000000 0.000000 0.000000 0.384476 0.000000 0.000000 0.000000 0.000000 0.103688 0.000000 0.000000 0.000000 0.374686 0.000000 0.137151 0.000000 0.000000 0.000000 0.000000 0.000000
 0.483586 0.000000 0.000000 0.000000 0.017147 0.000000 0.000000 0.000000 0.000000 0.016627 0.000000 0.482594 0.000000 0.000000 0.000000 0.000046 0.000000 0.000000 0.000000 0.000000
 0.000000 0.380211 0.000000 0.000000 0.000000 0.000000 0.000000 0.000000 0.226684 0.000000 0.000000 0.000000 0.000000 0.000000 0.356894 0.000000 0.000000 0.000000 0.000000 0.036211
 0.000000 0.000000 0.017432 0.000000 0.000000 0.000000 0.000000 0.000000 0.000000 0.000000 0.490949 0.000000 0.000000 0.491619 0.000000 0.000000 0.000000 0.000000 0.000000 0.000000
 0.000000 0.000000 0.000000 0.000000 0.000000 0.000000 0.000000 0.500000 0.000000 0.000000 0.000000 0.000000 0.000000 0.000000 0.000000 0.000000 0.000000 0.000000 0.500000 0.000000
 0.000000 0.000000 0.000000 0.000000 0.000000 0.000000 0.000000 0.000000 0.000000 0.000000 0.000000 0.000000 0.000000 0.000000 0.000000 0.000000 0.500000 0.000000 0.500000 0.000000
 0.000000 0.000000 0.000000 0.000000 0.000000 0.500000 0.000000 0.000000 0.000000 0.000000 0.000000 0.000000 0.500000 0.000000 0.000000 0.000000 0.000000 0.000000 0.000000 0.000000
 0.000000 0.094385 0.000000 0.208661 0.000000 0.000000 0.000000 0.000000 0.000000 0.346977 0.000000 0.000000 0.000000 0.000000 0.349977 0.000000 0.000000 0.000000 0.000000 0.000000
 0.000000 0.000000 0.013445 0.000000 0.000000 0.000000 0.000000 0.000000 0.387694 0.000000 0.000000 0.015557 0.000000 0.000000 0.192539 0.000000 0.000000 0.000000 0.000000 0.390765
 0.000000 0.000000 0.000000 0.000000 0.499659 0.000000 0.000000 0.000000 0.000000 0.000000 0.000000 0.000000 0.000000 0.000000 0.000000 0.500341 0.000000 0.000000 0.000000 0.000000
 0.000005 0.000000 0.489733 0.000000 0.000000 0.000000 0.000000 0.000000 0.000000 0.019523 0.000000 0.000000 0.000000 0.000000 0.000000 0.000000 0.000000 0.000000 0.000000 0.490739
 0.000000 0.348674 0.000000 0.000000 0.000000 0.000000 0.000000 0.357784 0.000000 0.000000 0.000000 0.000000 0.000000 0.000000 0.293542 0.000000 0.000000 0.000000 0.000000 0.000000
 0.000000 0.000000 0.000000 0.000000 0.500000 0.000000 0.000000 0.000000 0.000000 0.000000 0.000000 0.000000 0.000000 0.000000 0.000000 0.000000 0.000000 0.500000 0.000000 0.000000
 0.000000 0.098864 0.000000 0.260151 0.000000 0.000000 0.000000 0.000000 0.277144 0.136457 0.000000 0.000000 0.227384 0.000000 0.000000 0.000000 0.000000 0.000000 0.000000 0.000000
 0.499976 0.000000 0.000048 0.000000 0.000000 0.000000 0.000000 0.000000 0.000000 0.000000 0.499977 0.000000 0.000000 0.000000 0.000000 0.000000 0.000000 0.000000 0.000000 0.000000
 0.000000 0.000000 0.000000 0.000000 0.000000 0.000000 0.500000 0.000000 0.000000 0.000000 0.000000 0.000000 0.000000 0.000000 0.000000 0.000000 0.000000 0.500000 0.000000 0.000000
 0.000000 0.000000 0.000000 0.000000 0.000000 0.000000 0.000000 0.000000 0.000000 0.000000 0.000000 0.000000 0.000000 0.500000 0.000000 0.000000 0.500000 0.000000 0.000000 0.000000
 0.000000 0.000000 0.000000 0.000000 0.000000 0.500000 0.500000 0.000000 0.000000 0.000000 0.000000 0.000000 0.000000 0.000000 0.000000 0.000000 0.000000 0.000000 0.000000 0.000000
 0.000000 0.000000 0.000000 0.045471 0.000000 0.000000 0.000000 0.000000 0.000000 0.477091 0.000000 0.477438 0.000000 0.000000 0.000000 0.000000 0.000000 0.000000 0.000000 0.000000
the mean of prob-rank is 1.5263157894736843
the number of false negetive edges is 0
the number of probability greater than 0 is 3.1/edge
