20
 0.000000 0.000000 0.345500 0.000000 0.000000 0.000000 0.352729 0.000000 0.000000 0.000000 0.000304 0.000000 0.000000 0.000000 0.301467 0.000000 0.000000 0.000000 0.000000 0.000000
 0.000000 0.000000 0.000000 0.000000 0.000000 0.472395 0.000000 0.000000 0.000000 0.000000 0.000000 0.000000 0.000000 0.000000 0.000000 0.000000 0.000000 0.000000 0.473380 0.054225
 0.385219 0.000000 0.000000 0.000000 0.221070 0.000000 0.000000 0.000000 0.000000 0.000000 0.000000 0.000000 0.000000 0.000000 0.393711 0.000000 0.000000 0.000000 0.000000 0.000000
 0.000000 0.000000 0.000000 0.000000 0.000000 0.000000 0.499998 0.000000 0.000000 0.000000 0.000000 0.000000 0.000000 0.000000 0.000000 0.000000 0.000000 0.500002 0.000000 0.000000
 0.000000 0.000000 0.144429 0.000000 0.000000 0.210215 0.000000 0.000000 0.000000 0.244856 0.065819 0.000000 0.015454 0.000000 0.220334 0.000000 0.098892 0.000000 0.000000 0.000000
 0.000000 0.367644 0.000000 0.000000 0.301067 0.000000 0.000000 0.000000 0.000000 0.000000 0.000000 0.000000 0.331201 0.000000 0.000000 0.000000 0.000088 0.000000 0.000000 0.000000
 0.492281 0.000000 0.000000 0.492855 0.000000 0.000000 0.000000 0.000000 0.000000 0.000000 0.014865 0.000000 0.000000 0.000000 0.000000 0.000000 0.000000 0.000000 0.000000 0.000000
 0.000000 0.000000 0.000000 0.000000 0.000000 0.000000 0.000000 0.000000 0.000000 0.000000 0.068673 0.000000 0.000000 0.000000 0.000000 0.465593 0.000000 0.465734 0.000000 0.000000
 0.000000 0.000000 0.000000 0.000000 0.000000 0.000000 0.000000 0.000000 0.000000 0.012593 0.490150 0.000000 0.000000 0.490090 0.000000 0.000000 0.000000 0.000000 0.000000 0.007166
 0.000000 0.000000 0.000000 0.000000 0.317582 0.000000 0.000000 0.000000 0.008572 0.000000 0.322644 0.004432 0.009826 0.004873 0.000000 0.000000 0.332069 0.000000 0.000000 0.000000
 0.000357 0.000000 0.000000 0.000000 0.106119 0.000000 0.012508 0.061148 0.414734 0.401067 0.000000 0.000000 0.000000 0.002850 0.000000 0.000080 0.000000 0.001052 0.000000 0.000085
 0.000000 0.000000 0.000000 0.000000 0.000000 0.000000 0.000000 0.000000 0.000000 0.005109 0.000000 0.000000 0.373631 0.384600 0.000000 0.000000 0.236660 0.000000 0.000000 0.000000
 0.000000 0.000000 0.000000 0.000000 0.020283 0.303514 0.000000 0.000000 0.000000 0.009943 0.000000 0.327981 0.000000 0.000673 0.000000 0.000000 0.337607 0.000000 0.000000 0.000000
 0.000000 0.000000 0.000000 0.000000 0.000000 0.000000 0.000000 0.000000 0.471928 0.006894 0.003244 0.471983 0.000940 0.000000 0.000000 0.000000 0.000046 0.000000 0.000000 0.044964
 0.314992 0.000000 0.368958 0.000000 0.316051 0.000000 0.000000 0.000000 0.000000 0.000000 0.000000 0.000000 0.000000 0.000000 0.000000 0.000000 0.000000 0.000000 0.000000 0.000000
 0.000000 0.000000 0.000000 0.000000 0.000000 0.000000 0.000000 0.414763 0.000000 0.000000 0.000080 0.000000 0.000000 0.000000 0.000000 0.000000 0.000000 0.000000 0.170583 0.414573
 0.000000 0.000000 0.000000 0.000000 0.128344 0.000080 0.000000 0.000000 0.000000 0.332275 0.000000 0.205427 0.333841 0.000032 0.000000 0.000000 0.000000 0.000000 0.000000 0.000000
 0.000000 0.000000 0.000000 0.499388 0.000000 0.000000 0.000000 0.499345 0.000000 0.000000 0.001266 0.000000 0.000000 0.000000 0.000000 0.000000 0.000000 0.000000 0.000000 0.000000
 0.000000 0.415170 0.000000 0.000000 0.000000 0.000000 0.000000 0.000000 0.000000 0.000000 0.000000 0.000000 0.000000 0.000000 0.000000 0.170683 0.000000 0.000000 0.000000 0.414147
 0.000000 0.051568 0.000000 0.000000 0.000000 0.000000 0.000000 0.000000 0.006582 0.000000 0.000092 0.000000 0.000000 0.042887 0.000000 0.449799 0.000000 0.000000 0.449072 0.000000
the mean of prob-rank is 1.6842105263157894
the number of false negetive edges is 0
the number of probability greater than 0 is 4.6/edge
