20
 0.000000 0.000000 0.000000 0.000000 0.493906 0.000000 0.000000 0.000000 0.000000 0.000000 0.493944 0.000000 0.000000 0.000000 0.000000 0.000000 0.012150 0.000000 0.000000 0.000000
 0.000000 0.000000 0.013123 0.000000 0.000000 0.000000 0.352827 0.000000 0.000000 0.000000 0.000000 0.000000 0.000000 0.307270 0.000000 0.000000 0.000000 0.326781 0.000000 0.000000
 0.000000 0.018263 0.000000 0.000000 0.000000 0.000000 0.000000 0.000000 0.000000 0.000000 0.000000 0.000000 0.000000 0.490808 0.000000 0.000000 0.000000 0.490929 0.000000 0.000000
 0.000000 0.000000 0.000000 0.000000 0.500000 0.000000 0.000000 0.000000 0.000000 0.000000 0.000000 0.500000 0.000000 0.000000 0.000000 0.000000 0.000000 0.000000 0.000000 0.000000
 0.499678 0.000000 0.000000 0.499716 0.000000 0.000000 0.000000 0.000000 0.000000 0.000000 0.000606 0.000000 0.000000 0.000000 0.000000 0.000000 0.000000 0.000000 0.000000 0.000000
 0.000000 0.000000 0.000000 0.000000 0.000000 0.000000 0.000000 0.499999 0.500001 0.000000 0.000000 0.000000 0.000000 0.000000 0.000000 0.000000 0.000000 0.000000 0.000000 0.000000
 0.000000 0.392716 0.000000 0.000000 0.000000 0.000000 0.000000 0.000000 0.000000 0.000000 0.000000 0.000000 0.000000 0.003272 0.384840 0.000000 0.000000 0.000000 0.219023 0.000148
 0.000000 0.000000 0.000000 0.000000 0.000000 0.499999 0.000000 0.000000 0.000000 0.000000 0.000000 0.000000 0.000000 0.000000 0.000000 0.500001 0.000000 0.000000 0.000000 0.000000
 0.000000 0.000000 0.000000 0.000000 0.000000 0.500000 0.000000 0.000000 0.000000 0.000000 0.000000 0.000000 0.000000 0.000000 0.000000 0.000000 0.000000 0.000000 0.500000 0.000000
 0.000000 0.000000 0.000000 0.000000 0.000000 0.000000 0.000000 0.000000 0.000000 0.000000 0.000000 0.000000 0.500000 0.000000 0.000000 0.500000 0.000000 0.000000 0.000000 0.000000
 0.380036 0.000000 0.000000 0.000000 0.000461 0.000000 0.000000 0.000000 0.000000 0.000000 0.000000 0.000000 0.000000 0.000000 0.241458 0.000000 0.378044 0.000000 0.000000 0.000000
 0.000000 0.000000 0.000000 0.500000 0.000000 0.000000 0.000000 0.000000 0.000000 0.000000 0.000000 0.000000 0.500000 0.000000 0.000000 0.000000 0.000000 0.000000 0.000000 0.000000
 0.000000 0.000000 0.000000 0.000000 0.000000 0.000000 0.000000 0.000000 0.000000 0.500000 0.000000 0.500000 0.000000 0.000000 0.000000 0.000000 0.000000 0.000000 0.000000 0.000000
 0.000000 0.360087 0.413297 0.000000 0.000000 0.000000 0.003445 0.000000 0.000000 0.000000 0.000000 0.000000 0.000000 0.000000 0.000000 0.000000 0.223170 0.000000 0.000000 0.000000
 0.000000 0.000000 0.000000 0.000000 0.000000 0.000000 0.374698 0.000000 0.000000 0.000000 0.242939 0.000000 0.000000 0.000000 0.000000 0.000000 0.000000 0.000000 0.000000 0.382363
 0.000000 0.000000 0.000000 0.000000 0.000000 0.000000 0.000000 0.500000 0.000000 0.500000 0.000000 0.000000 0.000000 0.000000 0.000000 0.000000 0.000000 0.000000 0.000000 0.000000
 0.009612 0.000000 0.000000 0.000000 0.000000 0.000000 0.000000 0.000000 0.000000 0.000000 0.388714 0.000000 0.000000 0.210911 0.000000 0.000000 0.000000 0.000000 0.000000 0.390763
 0.000000 0.331942 0.358333 0.000000 0.000000 0.000000 0.000000 0.000000 0.000000 0.000000 0.000000 0.000000 0.000000 0.000000 0.000000 0.000000 0.000000 0.000000 0.309725 0.000000
 0.000000 0.000000 0.000000 0.000000 0.000000 0.000000 0.230278 0.000000 0.412898 0.000000 0.000000 0.000000 0.000000 0.000000 0.000000 0.000000 0.000000 0.356823 0.000000 0.000000
 0.000000 0.000000 0.000000 0.000000 0.000000 0.000000 0.000189 0.000000 0.000000 0.000000 0.000000 0.000000 0.000000 0.000000 0.499903 0.000000 0.499909 0.000000 0.000000 0.000000
the mean of prob-rank is 1.5789473684210527
the number of false negetive edges is 0
the number of probability greater than 0 is 2.9/edge
