20
 0.000000 0.000000 0.000000 0.000000 0.000000 0.500000 0.000000 0.000000 0.000000 0.000000 0.500000 0.000000 0.000000 0.000000 0.000000 0.000000 0.000000 0.000000 0.000000 0.000000
 0.000000 0.000000 0.000000 0.000123 0.000000 0.000000 0.499939 0.000000 0.000000 0.000000 0.000000 0.000000 0.000000 0.499939 0.000000 0.000000 0.000000 0.000000 0.000000 0.000000
 0.000000 0.000000 0.000000 0.000000 0.000000 0.000000 0.000000 0.000004 0.455022 0.000000 0.000000 0.000000 0.088991 0.000000 0.000000 0.455983 0.000000 0.000000 0.000000 0.000000
 0.000000 0.000102 0.000000 0.000000 0.000000 0.000000 0.000000 0.000000 0.000018 0.167974 0.000000 0.000000 0.415365 0.000000 0.416540 0.000000 0.000000 0.000000 0.000000 0.000000
 0.000000 0.000000 0.000000 0.000000 0.000000 0.002609 0.000000 0.000000 0.000000 0.000000 0.000000 0.498695 0.000000 0.000000 0.000000 0.000000 0.000000 0.000000 0.498696 0.000000
 0.498696 0.000000 0.000000 0.000000 0.002609 0.000000 0.000000 0.000000 0.000000 0.000000 0.000000 0.498695 0.000000 0.000000 0.000000 0.000000 0.000000 0.000000 0.000000 0.000000
 0.000000 0.500000 0.000000 0.000000 0.000000 0.000000 0.000000 0.000000 0.000000 0.000000 0.000000 0.000000 0.000000 0.000000 0.000000 0.000000 0.500000 0.000000 0.000000 0.000000
 0.000000 0.000000 0.000004 0.000000 0.000000 0.000000 0.000000 0.000000 0.000000 0.000000 0.000000 0.000000 0.000000 0.000000 0.000000 0.499997 0.000000 0.000000 0.000000 0.499998
 0.000000 0.000000 0.459471 0.000020 0.000000 0.000000 0.000000 0.000000 0.000000 0.000000 0.000000 0.000000 0.080053 0.000000 0.460443 0.000012 0.000000 0.000000 0.000000 0.000000
 0.000000 0.000000 0.000000 0.167994 0.000000 0.000000 0.000000 0.000000 0.000000 0.000000 0.000000 0.000000 0.415417 0.000000 0.000000 0.000000 0.000000 0.416588 0.000000 0.000000
 0.500000 0.000000 0.000000 0.000000 0.000000 0.000000 0.000000 0.000000 0.000000 0.000000 0.000000 0.000000 0.000000 0.000000 0.000000 0.000000 0.000000 0.000000 0.000000 0.500000
 0.000000 0.000000 0.000000 0.000000 0.481492 0.481492 0.000000 0.000000 0.000000 0.000000 0.000000 0.000000 0.000000 0.000000 0.000000 0.000000 0.000000 0.000000 0.037016 0.000000
 0.000000 0.000000 0.082577 0.421927 0.000000 0.000000 0.000000 0.000000 0.073565 0.421931 0.000000 0.000000 0.000000 0.000000 0.000000 0.000000 0.000000 0.000000 0.000000 0.000000
 0.000000 0.500000 0.000000 0.000000 0.000000 0.000000 0.000000 0.000000 0.000000 0.000000 0.000000 0.000000 0.000000 0.000000 0.000000 0.000000 0.000000 0.500000 0.000000 0.000000
 0.000000 0.000000 0.000000 0.500000 0.000000 0.000000 0.000000 0.000000 0.500000 0.000000 0.000000 0.000000 0.000000 0.000000 0.000000 0.000000 0.000000 0.000000 0.000000 0.000000
 0.000000 0.000000 0.499993 0.000000 0.000000 0.000000 0.000000 0.499993 0.000013 0.000000 0.000000 0.000000 0.000000 0.000000 0.000000 0.000000 0.000000 0.000000 0.000000 0.000000
 0.000000 0.000000 0.000000 0.000000 0.000000 0.000000 0.500000 0.000000 0.000000 0.000000 0.000000 0.000000 0.000000 0.000000 0.000000 0.000000 0.000000 0.000000 0.500000 0.000000
 0.000000 0.000000 0.000000 0.000000 0.000000 0.000000 0.000000 0.000000 0.000000 0.499999 0.000000 0.000000 0.000000 0.500000 0.000000 0.000000 0.000000 0.000000 0.000000 0.000000
 0.000000 0.000000 0.000000 0.000000 0.481492 0.000000 0.000000 0.000000 0.000000 0.000000 0.000000 0.037016 0.000000 0.000000 0.000000 0.000000 0.481492 0.000000 0.000000 0.000000
 0.000000 0.000000 0.000000 0.000000 0.000000 0.000000 0.000000 0.500000 0.000000 0.000000 0.500000 0.000000 0.000000 0.000000 0.000000 0.000000 0.000000 0.000000 0.000000 0.000000
the mean of prob-rank is 1.631578947368421
the number of false negetive edges is 0
the number of probability greater than 0 is 2.9/edge
