20
 0.000000 0.181241 0.000001 0.000000 0.000000 0.000000 0.000006 0.000000 0.000146 0.296517 0.000000 0.000000 0.047491 0.000000 0.217995 0.000000 0.000000 0.000000 0.002294 0.254309
 0.231578 0.000000 0.000000 0.000000 0.000000 0.000000 0.013468 0.000000 0.000161 0.000000 0.000000 0.000000 0.384654 0.000000 0.000000 0.007068 0.000000 0.000000 0.000000 0.363070
 0.000001 0.000000 0.000000 0.000000 0.000000 0.432587 0.000000 0.000000 0.000000 0.000000 0.000000 0.003830 0.000000 0.000000 0.423859 0.000000 0.000000 0.139723 0.000000 0.000000
 0.000000 0.000000 0.000000 0.000000 0.000000 0.000000 0.000000 0.499997 0.000000 0.000000 0.000001 0.000000 0.000000 0.500002 0.000000 0.000000 0.000000 0.000000 0.000000 0.000000
 0.000000 0.000000 0.000000 0.000000 0.000000 0.000000 0.000000 0.000000 0.000000 0.000000 0.499948 0.000000 0.000000 0.000000 0.000000 0.000000 0.000022 0.500031 0.000000 0.000000
 0.000000 0.000000 0.497439 0.000000 0.000000 0.000000 0.000000 0.000000 0.000000 0.000000 0.000000 0.497529 0.000000 0.000000 0.000000 0.000000 0.000000 0.001317 0.003715 0.000000
 0.000009 0.015244 0.000000 0.000000 0.000000 0.000000 0.000000 0.000000 0.000388 0.081434 0.000000 0.000000 0.012765 0.000000 0.018519 0.436869 0.434773 0.000000 0.000000 0.000000
 0.000000 0.000000 0.000000 0.500012 0.000000 0.000000 0.000000 0.000000 0.000000 0.000000 0.000000 0.000000 0.000000 0.000000 0.000000 0.000000 0.499988 0.000000 0.000000 0.000000
 0.000145 0.000125 0.000000 0.000000 0.000000 0.000000 0.000266 0.000000 0.000000 0.000000 0.000000 0.006187 0.000000 0.000000 0.000000 0.000000 0.131575 0.271960 0.300231 0.289510
 0.386289 0.000000 0.000000 0.000000 0.000000 0.000000 0.073357 0.000000 0.000000 0.000000 0.000000 0.000000 0.146766 0.000000 0.393539 0.000050 0.000000 0.000000 0.000000 0.000000
 0.000000 0.000000 0.000000 0.000001 0.468440 0.000000 0.000000 0.000000 0.000000 0.000000 0.000000 0.000000 0.000000 0.468516 0.000000 0.000000 0.000000 0.063043 0.000000 0.000000
 0.000000 0.000000 0.003195 0.000000 0.000000 0.360879 0.000000 0.000000 0.007436 0.000000 0.000000 0.000000 0.000000 0.000000 0.000000 0.000000 0.000000 0.299394 0.329096 0.000000
 0.061538 0.390088 0.000000 0.000000 0.000000 0.000000 0.011437 0.000000 0.000000 0.145981 0.000000 0.000000 0.000000 0.000000 0.000000 0.390955 0.000000 0.000000 0.000000 0.000000
 0.000000 0.000000 0.000000 0.500001 0.000000 0.000000 0.000000 0.000000 0.000000 0.000000 0.499999 0.000000 0.000000 0.000000 0.000000 0.000000 0.000000 0.000000 0.000000 0.000000
 0.263020 0.000000 0.357055 0.000000 0.000000 0.000000 0.015450 0.000000 0.000000 0.364474 0.000000 0.000000 0.000000 0.000000 0.000000 0.000000 0.000000 0.000000 0.000000 0.000000
 0.000000 0.009078 0.000000 0.000000 0.000000 0.000000 0.495733 0.000000 0.000000 0.000062 0.000000 0.000000 0.495127 0.000000 0.000000 0.000000 0.000000 0.000000 0.000000 0.000000
 0.000000 0.000000 0.000000 0.000000 0.000018 0.000000 0.408820 0.410768 0.180024 0.000000 0.000000 0.000000 0.000000 0.000000 0.000000 0.000000 0.000000 0.000000 0.000370 0.000000
 0.000000 0.000000 0.097387 0.000000 0.301567 0.000799 0.000000 0.000000 0.273166 0.000000 0.040579 0.250188 0.000000 0.000000 0.000000 0.000000 0.000000 0.000000 0.036313 0.000002
 0.002676 0.000000 0.000000 0.000000 0.000000 0.002631 0.000000 0.000000 0.352360 0.000000 0.000000 0.321333 0.000000 0.000000 0.000000 0.000000 0.000317 0.042430 0.000000 0.278253
 0.238051 0.265985 0.000000 0.000000 0.000000 0.000000 0.000000 0.000000 0.272667 0.000000 0.000000 0.000000 0.000000 0.000000 0.000000 0.000000 0.000000 0.000001 0.223295 0.000000
the mean of prob-rank is 1.4736842105263157
the number of false negetive edges is 0
the number of probability greater than 0 is 5.0/edge
