20
 0.000000 0.000000 0.000000 0.000000 0.003535 0.000002 0.000000 0.000000 0.000587 0.000000 0.000000 0.000000 0.000000 0.498023 0.000000 0.000000 0.000470 0.000000 0.497383 0.000000
 0.000000 0.000000 0.000000 0.000000 0.000000 0.500000 0.000000 0.000000 0.500000 0.000000 0.000000 0.000000 0.000000 0.000000 0.000000 0.000000 0.000000 0.000000 0.000000 0.000000
 0.000000 0.000000 0.000000 0.000000 0.350721 0.000000 0.000000 0.000000 0.000000 0.288061 0.000060 0.000000 0.000000 0.000000 0.000000 0.000000 0.000000 0.351910 0.009249 0.000000
 0.000000 0.000000 0.000000 0.000000 0.000000 0.000000 0.500000 0.000000 0.000000 0.000000 0.000000 0.000000 0.000000 0.000000 0.000000 0.000000 0.500000 0.000000 0.000000 0.000000
 0.003248 0.000000 0.456147 0.000000 0.000000 0.000000 0.000000 0.000000 0.000000 0.021222 0.000000 0.000078 0.000000 0.457678 0.000000 0.000000 0.000000 0.000000 0.061627 0.000000
 0.000002 0.500005 0.000000 0.000000 0.000000 0.000000 0.499993 0.000000 0.000000 0.000000 0.000000 0.000000 0.000000 0.000000 0.000000 0.000000 0.000000 0.000000 0.000000 0.000000
 0.000000 0.000000 0.000000 0.500006 0.000000 0.499994 0.000000 0.000000 0.000000 0.000000 0.000000 0.000000 0.000000 0.000000 0.000000 0.000000 0.000000 0.000000 0.000000 0.000000
 0.000000 0.000000 0.000000 0.000000 0.000000 0.000000 0.000000 0.000000 0.000000 0.000000 0.499807 0.000000 0.000000 0.000000 0.000000 0.499787 0.000000 0.000010 0.000000 0.000396
 0.000589 0.499744 0.000000 0.000000 0.000000 0.000000 0.000000 0.000000 0.000000 0.000000 0.000000 0.000000 0.000000 0.000000 0.000000 0.000000 0.000000 0.000000 0.499667 0.000000
 0.000000 0.000000 0.287131 0.000000 0.016264 0.000000 0.000000 0.000000 0.000000 0.000000 0.000020 0.350774 0.000000 0.000164 0.345182 0.000000 0.000464 0.000000 0.000000 0.000000
 0.000000 0.000000 0.000085 0.000000 0.000000 0.000000 0.000000 0.499953 0.000000 0.000028 0.000000 0.000000 0.000000 0.000000 0.000000 0.000000 0.000000 0.499934 0.000000 0.000000
 0.000000 0.000000 0.000000 0.000000 0.000084 0.000000 0.000000 0.000000 0.000000 0.493918 0.000000 0.000000 0.000000 0.003254 0.008960 0.000000 0.493784 0.000000 0.000000 0.000000
 0.000000 0.000000 0.000000 0.000000 0.000000 0.000000 0.000000 0.000000 0.000000 0.000000 0.000000 0.000000 0.000000 0.000000 0.499953 0.000080 0.000011 0.000000 0.000000 0.499956
 0.498250 0.000000 0.000000 0.000000 0.498235 0.000000 0.000000 0.000000 0.000000 0.000233 0.000000 0.003282 0.000000 0.000000 0.000000 0.000000 0.000000 0.000000 0.000000 0.000000
 0.000000 0.000000 0.000000 0.000000 0.000000 0.000000 0.000000 0.000000 0.000000 0.484262 0.000000 0.008927 0.492104 0.000000 0.000000 0.000830 0.013877 0.000000 0.000000 0.000000
 0.000000 0.000000 0.000000 0.000000 0.000000 0.000000 0.000000 0.499537 0.000000 0.000000 0.000000 0.000000 0.000080 0.000000 0.000843 0.000000 0.000000 0.000000 0.000000 0.499540
 0.000465 0.000000 0.000000 0.492559 0.000000 0.000000 0.000000 0.000000 0.000000 0.000651 0.000000 0.492424 0.000011 0.000000 0.013890 0.000000 0.000000 0.000000 0.000000 0.000000
 0.000000 0.000000 0.500003 0.000000 0.000000 0.000000 0.000000 0.000010 0.000000 0.000000 0.499984 0.000000 0.000000 0.000000 0.000000 0.000000 0.000000 0.000000 0.000003 0.000000
 0.462477 0.000000 0.012170 0.000000 0.062351 0.000000 0.000000 0.000000 0.462999 0.000000 0.000000 0.000000 0.000000 0.000000 0.000000 0.000000 0.000000 0.000003 0.000000 0.000000
 0.000000 0.000000 0.000000 0.000000 0.000000 0.000000 0.000000 0.000396 0.000000 0.000000 0.000000 0.000000 0.499811 0.000000 0.000000 0.499793 0.000000 0.000000 0.000000 0.000000
the mean of prob-rank is 1.5263157894736843
the number of false negetive edges is 0
the number of probability greater than 0 is 4.2/edge
