20
 0.000000 0.000000 0.000000 0.000000 0.000000 0.000000 0.000000 0.000000 0.000000 0.400177 0.000000 0.000000 0.000000 0.000000 0.000002 0.000000 0.398104 0.000000 0.201717 0.000000
 0.000000 0.000000 0.000000 0.000000 0.000000 0.000000 0.000000 0.000101 0.484290 0.000000 0.000000 0.484451 0.000000 0.000000 0.000001 0.008270 0.000015 0.022871 0.000000 0.000000
 0.000000 0.000000 0.000000 0.499969 0.000000 0.000000 0.000000 0.499967 0.000000 0.000000 0.000000 0.000064 0.000000 0.000000 0.000000 0.000000 0.000000 0.000000 0.000000 0.000000
 0.000000 0.000000 0.500000 0.000000 0.000000 0.000000 0.000000 0.000000 0.000000 0.000000 0.000000 0.500000 0.000000 0.000000 0.000000 0.000000 0.000000 0.000000 0.000000 0.000000
 0.000000 0.000000 0.000000 0.000000 0.000000 0.000000 0.500000 0.000000 0.000000 0.000000 0.000000 0.000000 0.500000 0.000000 0.000000 0.000000 0.000000 0.000000 0.000000 0.000000
 0.000000 0.000000 0.000000 0.000000 0.000000 0.000000 0.000000 0.314150 0.000000 0.000000 0.000000 0.000000 0.000000 0.357020 0.000000 0.000000 0.000000 0.328830 0.000000 0.000000
 0.000000 0.000000 0.000000 0.000000 0.499997 0.000000 0.000000 0.000000 0.000000 0.000000 0.499997 0.000000 0.000000 0.000000 0.000007 0.000000 0.000000 0.000000 0.000000 0.000000
 0.000000 0.000073 0.350131 0.000000 0.000000 0.308088 0.000000 0.000000 0.000000 0.000000 0.000000 0.000000 0.000000 0.000000 0.000000 0.000000 0.000000 0.341708 0.000000 0.000000
 0.000000 0.499219 0.000000 0.000000 0.000000 0.000000 0.000000 0.000000 0.000000 0.000000 0.000000 0.001217 0.000000 0.000000 0.000000 0.000000 0.000000 0.000000 0.499564 0.000000
 0.390791 0.000000 0.000000 0.000000 0.000000 0.000000 0.000000 0.000000 0.000000 0.000000 0.000000 0.000000 0.000000 0.000000 0.000000 0.000000 0.233356 0.000000 0.375852 0.000000
 0.000000 0.000000 0.000000 0.000000 0.000000 0.000000 0.500018 0.000000 0.000000 0.000000 0.000000 0.000000 0.000000 0.000000 0.499982 0.000000 0.000000 0.000000 0.000000 0.000000
 0.000000 0.499270 0.000064 0.499449 0.000000 0.000000 0.000000 0.000000 0.001216 0.000000 0.000000 0.000000 0.000000 0.000000 0.000000 0.000000 0.000000 0.000000 0.000000 0.000000
 0.000000 0.000000 0.000000 0.000000 0.500000 0.000000 0.000000 0.000000 0.000000 0.000000 0.000000 0.000000 0.000000 0.000000 0.000000 0.500000 0.000000 0.000000 0.000000 0.000000
 0.000000 0.000000 0.000000 0.000000 0.000000 0.500040 0.000000 0.000000 0.000000 0.000000 0.000000 0.000000 0.000000 0.000000 0.000000 0.000000 0.000000 0.000000 0.000000 0.499960
 0.000003 0.000001 0.000000 0.000000 0.000000 0.000000 0.000007 0.000000 0.000000 0.000000 0.499977 0.000000 0.000000 0.000000 0.000000 0.000000 0.500013 0.000000 0.000000 0.000000
 0.000000 0.005990 0.000000 0.000000 0.000000 0.000000 0.000000 0.000000 0.000000 0.000000 0.000000 0.000000 0.351010 0.000000 0.000000 0.000000 0.000000 0.326789 0.000000 0.316211
 0.383806 0.000012 0.000000 0.000000 0.000000 0.000000 0.000000 0.000000 0.000000 0.230378 0.000000 0.000000 0.000000 0.000000 0.385804 0.000000 0.000000 0.000000 0.000000 0.000000
 0.000000 0.012583 0.000000 0.000000 0.000000 0.245584 0.000000 0.260223 0.000000 0.000000 0.000000 0.000000 0.000000 0.000000 0.000000 0.248240 0.000000 0.000000 0.000000 0.233369
 0.204421 0.000000 0.000000 0.000000 0.000000 0.000000 0.000000 0.000000 0.405541 0.390038 0.000000 0.000000 0.000000 0.000000 0.000000 0.000000 0.000000 0.000000 0.000000 0.000000
 0.000000 0.000000 0.000000 0.000000 0.000000 0.000000 0.000000 0.000000 0.000000 0.000000 0.000000 0.000000 0.000000 0.360181 0.000000 0.324526 0.000000 0.315292 0.000000 0.000000
the mean of prob-rank is 1.5789473684210527
the number of false negetive edges is 0
the number of probability greater than 0 is 3.3/edge
