20
 0.000000 0.000000 0.000000 0.000000 0.000000 0.000000 0.000000 0.000001 0.499965 0.000000 0.000000 0.000000 0.499934 0.000000 0.000000 0.000086 0.000015 0.000000 0.000000 0.000000
 0.000000 0.000000 0.000000 0.499998 0.000000 0.000000 0.000000 0.000000 0.000000 0.000000 0.000000 0.000000 0.000000 0.000000 0.500002 0.000000 0.000000 0.000000 0.000000 0.000000
 0.000000 0.000000 0.000000 0.000000 0.000000 0.000000 0.000000 0.000000 0.000000 0.000000 0.000000 0.500000 0.000000 0.000000 0.500000 0.000000 0.000000 0.000000 0.000000 0.000000
 0.000000 0.499998 0.000000 0.000000 0.000000 0.000000 0.000000 0.000000 0.000000 0.000000 0.000000 0.000000 0.500002 0.000000 0.000000 0.000000 0.000000 0.000000 0.000000 0.000000
 0.000000 0.000000 0.000000 0.000000 0.000000 0.000000 0.000000 0.000000 0.000000 0.000000 0.000000 0.000000 0.000000 0.000000 0.000000 0.000000 0.000000 0.000000 0.500003 0.499997
 0.000000 0.000000 0.000000 0.000000 0.000000 0.000000 0.000000 0.449552 0.100821 0.000000 0.000000 0.000000 0.000000 0.000000 0.000000 0.000000 0.000000 0.449627 0.000000 0.000000
 0.000000 0.000000 0.000000 0.000000 0.000000 0.000000 0.000000 0.000000 0.000000 0.224868 0.000000 0.000000 0.000000 0.393086 0.000000 0.000000 0.000000 0.000000 0.382046 0.000000
 0.000001 0.000000 0.000000 0.000000 0.000000 0.491478 0.000000 0.000000 0.491536 0.000000 0.000000 0.000000 0.016986 0.000000 0.000000 0.000000 0.000000 0.000000 0.000000 0.000000
 0.449639 0.000000 0.000000 0.000000 0.000000 0.100809 0.000000 0.449552 0.000000 0.000000 0.000000 0.000000 0.000000 0.000000 0.000000 0.000000 0.000000 0.000000 0.000000 0.000000
 0.000000 0.000000 0.000000 0.000000 0.000000 0.000000 0.186596 0.000000 0.000000 0.000000 0.320172 0.000000 0.000000 0.000000 0.000000 0.000000 0.000000 0.317313 0.175919 0.000000
 0.000000 0.000000 0.000000 0.000000 0.000000 0.000000 0.000000 0.000000 0.000000 0.454782 0.000000 0.000000 0.000000 0.000000 0.000000 0.000002 0.463250 0.081966 0.000000 0.000000
 0.000000 0.000000 0.499999 0.000000 0.000000 0.000000 0.000000 0.000000 0.000000 0.000000 0.000000 0.000000 0.000000 0.000000 0.000000 0.000000 0.000000 0.000000 0.000000 0.500001
 0.491461 0.000000 0.000000 0.491558 0.000000 0.000000 0.000000 0.016981 0.000000 0.000000 0.000000 0.000000 0.000000 0.000000 0.000000 0.000000 0.000000 0.000000 0.000000 0.000000
 0.000000 0.000000 0.000000 0.000000 0.000000 0.000000 0.500000 0.000000 0.000000 0.000000 0.000000 0.000000 0.000000 0.000000 0.000000 0.500000 0.000000 0.000000 0.000000 0.000000
 0.000000 0.500001 0.499999 0.000000 0.000000 0.000000 0.000000 0.000000 0.000000 0.000000 0.000000 0.000000 0.000000 0.000000 0.000000 0.000000 0.000000 0.000000 0.000000 0.000000
 0.000086 0.000000 0.000000 0.000000 0.000000 0.000000 0.000000 0.000000 0.000000 0.000000 0.000002 0.000000 0.000000 0.499956 0.000000 0.000000 0.499956 0.000000 0.000000 0.000000
 0.000015 0.000000 0.000000 0.000000 0.000000 0.000000 0.000000 0.000000 0.000000 0.000000 0.499954 0.000000 0.000000 0.000000 0.000000 0.500031 0.000000 0.000000 0.000000 0.000000
 0.000000 0.000000 0.000000 0.000000 0.000000 0.465108 0.000000 0.000000 0.000000 0.452587 0.082305 0.000000 0.000000 0.000000 0.000000 0.000000 0.000000 0.000000 0.000000 0.000000
 0.000000 0.000000 0.000000 0.000000 0.398210 0.000000 0.387026 0.000000 0.000000 0.214764 0.000000 0.000000 0.000000 0.000000 0.000000 0.000000 0.000000 0.000000 0.000000 0.000000
 0.000000 0.000000 0.000000 0.000000 0.499997 0.000000 0.000000 0.000000 0.000000 0.000000 0.000000 0.500003 0.000000 0.000000 0.000000 0.000000 0.000000 0.000000 0.000000 0.000000
the mean of prob-rank is 1.5263157894736843
the number of false negetive edges is 0
the number of probability greater than 0 is 2.8/edge
