20
 0.000000 0.000000 0.000000 0.000000 0.000000 0.000000 0.000000 0.000000 0.000000 0.000000 0.000000 0.000000 0.500000 0.000000 0.000000 0.000000 0.500000 0.000000 0.000000 0.000000
 0.000000 0.000000 0.000000 0.000000 0.000001 0.000000 0.000000 0.350330 0.000000 0.315565 0.000000 0.000000 0.000000 0.000000 0.000004 0.000000 0.000000 0.000000 0.334101 0.000000
 0.000000 0.000000 0.000000 0.000000 0.301085 0.000000 0.000000 0.000000 0.000000 0.326180 0.000000 0.000000 0.000000 0.000000 0.000000 0.210333 0.162402 0.000000 0.000000 0.000000
 0.000000 0.000000 0.000000 0.000000 0.000000 0.000000 0.000000 0.000000 0.000000 0.000000 0.500000 0.000000 0.000000 0.000000 0.000000 0.000000 0.000000 0.500000 0.000000 0.000000
 0.000000 0.000001 0.285877 0.000000 0.000000 0.000000 0.000000 0.210247 0.000000 0.194149 0.000000 0.000000 0.000000 0.000000 0.000000 0.309726 0.000000 0.000000 0.000000 0.000000
 0.000000 0.000000 0.000000 0.000000 0.000000 0.000000 0.000191 0.000000 0.499902 0.000000 0.000000 0.000000 0.000000 0.000000 0.000000 0.000000 0.000000 0.499908 0.000000 0.000000
 0.000000 0.000000 0.000000 0.000000 0.000000 0.000191 0.000000 0.000000 0.000044 0.000000 0.000000 0.499866 0.000000 0.499900 0.000000 0.000000 0.000000 0.000000 0.000000 0.000000
 0.000000 0.347386 0.000000 0.000000 0.235815 0.000000 0.000000 0.000000 0.000000 0.000015 0.000000 0.000000 0.000000 0.000000 0.000000 0.102135 0.000000 0.000000 0.314648 0.000001
 0.000000 0.000000 0.000000 0.000000 0.000000 0.498055 0.000044 0.000000 0.000000 0.000000 0.000120 0.001853 0.000000 0.000000 0.497987 0.000000 0.000000 0.001940 0.000000 0.000000
 0.000000 0.228737 0.253922 0.000000 0.159180 0.000000 0.000000 0.000011 0.000000 0.000000 0.000000 0.000000 0.000000 0.000000 0.000000 0.142796 0.215354 0.000000 0.000000 0.000000
 0.000000 0.000000 0.000000 0.499940 0.000000 0.000000 0.000000 0.000000 0.000121 0.000000 0.000000 0.000000 0.000000 0.000000 0.000000 0.000000 0.000000 0.000000 0.000000 0.499939
 0.000000 0.000000 0.000000 0.000000 0.000000 0.000000 0.498222 0.000000 0.001854 0.000000 0.000000 0.000000 0.000000 0.001668 0.498257 0.000000 0.000000 0.000000 0.000000 0.000000
 0.500000 0.000000 0.000000 0.000000 0.000000 0.000000 0.000000 0.000000 0.000000 0.000000 0.000000 0.000000 0.000000 0.500000 0.000000 0.000000 0.000000 0.000000 0.000000 0.000000
 0.000000 0.000000 0.000000 0.000000 0.000000 0.000000 0.499165 0.000000 0.000000 0.000000 0.000000 0.001671 0.499165 0.000000 0.000000 0.000000 0.000000 0.000000 0.000000 0.000000
 0.000000 0.000005 0.000000 0.000000 0.000000 0.000000 0.000000 0.000000 0.499923 0.000000 0.000000 0.500001 0.000000 0.000000 0.000000 0.000000 0.000000 0.000000 0.000071 0.000000
 0.000000 0.000000 0.191474 0.000000 0.296954 0.000000 0.000000 0.087307 0.000000 0.166984 0.000000 0.000000 0.000000 0.000000 0.000000 0.000000 0.257273 0.000000 0.000000 0.000007
 0.311305 0.000000 0.154986 0.000000 0.000000 0.000000 0.000000 0.000000 0.000000 0.264003 0.000000 0.000000 0.000000 0.000000 0.000000 0.269706 0.000000 0.000000 0.000000 0.000000
 0.000000 0.000000 0.000000 0.499030 0.000000 0.499026 0.000000 0.000000 0.001944 0.000000 0.000000 0.000000 0.000000 0.000000 0.000000 0.000000 0.000000 0.000000 0.000000 0.000000
 0.000000 0.333501 0.000000 0.000000 0.000000 0.000000 0.000000 0.316744 0.000000 0.000000 0.000000 0.000000 0.000000 0.000000 0.000050 0.000000 0.000000 0.000000 0.000000 0.349705
 0.000000 0.000000 0.000000 0.000000 0.000000 0.000000 0.000000 0.000001 0.000000 0.000000 0.499993 0.000000 0.000000 0.000000 0.000000 0.000012 0.000000 0.000000 0.499994 0.000000
the mean of prob-rank is 1.736842105263158
the number of false negetive edges is 0
the number of probability greater than 0 is 3.9/edge
