20
 0.000000 0.000000 0.000004 0.000000 0.000000 0.000000 0.459725 0.000000 0.000000 0.000000 0.000000 0.000000 0.080933 0.000000 0.459337 0.000000 0.000000 0.000000 0.000000 0.000000
 0.000000 0.000000 0.000000 0.000000 0.000000 0.000000 0.000000 0.000000 0.000000 0.000000 0.323238 0.330807 0.000000 0.000000 0.000000 0.000000 0.000000 0.000000 0.000000 0.345954
 0.000005 0.000000 0.000000 0.000000 0.000000 0.000003 0.000000 0.000000 0.000000 0.043580 0.000000 0.000000 0.478054 0.000000 0.478358 0.000000 0.000000 0.000000 0.000000 0.000000
 0.000000 0.000000 0.000000 0.000000 0.000000 0.500000 0.000000 0.000000 0.500000 0.000000 0.000000 0.000000 0.000000 0.000000 0.000000 0.000000 0.000000 0.000000 0.000000 0.000000
 0.000000 0.000000 0.000000 0.000000 0.000000 0.000000 0.000000 0.000000 0.000000 0.000000 0.298033 0.335753 0.000000 0.000000 0.000000 0.000000 0.000000 0.366214 0.000000 0.000000
 0.000000 0.000000 0.000003 0.499998 0.000000 0.000000 0.000000 0.000000 0.000000 0.499998 0.000000 0.000000 0.000000 0.000000 0.000000 0.000000 0.000000 0.000000 0.000000 0.000000
 0.500000 0.000000 0.000000 0.000000 0.000000 0.000000 0.000000 0.000000 0.000000 0.000000 0.000000 0.000000 0.000000 0.000000 0.000000 0.000000 0.500000 0.000000 0.000000 0.000000
 0.000000 0.000000 0.000000 0.000000 0.000000 0.000000 0.000000 0.000000 0.000000 0.000000 0.000000 0.000000 0.000000 0.367765 0.000000 0.358564 0.273670 0.000000 0.000000 0.000000
 0.000000 0.000000 0.000000 0.500000 0.000000 0.000000 0.000000 0.000000 0.000000 0.000000 0.000000 0.000000 0.000000 0.000000 0.000000 0.000000 0.000000 0.000000 0.500000 0.000000
 0.000000 0.000000 0.043573 0.000000 0.000000 0.478279 0.000000 0.000000 0.000000 0.000000 0.000000 0.000000 0.478149 0.000000 0.000000 0.000000 0.000000 0.000000 0.000000 0.000000
 0.000000 0.339986 0.000000 0.000000 0.296133 0.000000 0.000000 0.000000 0.000000 0.000000 0.000000 0.363879 0.000000 0.000000 0.000000 0.000000 0.000000 0.000001 0.000000 0.000000
 0.000000 0.332824 0.000000 0.000000 0.319113 0.000000 0.000000 0.000000 0.000000 0.000000 0.348063 0.000000 0.000000 0.000000 0.000000 0.000000 0.000000 0.000000 0.000000 0.000000
 0.071644 0.000000 0.406703 0.000000 0.000000 0.000000 0.000000 0.000000 0.000000 0.406851 0.000000 0.000000 0.000000 0.000000 0.114802 0.000000 0.000000 0.000000 0.000000 0.000000
 0.000000 0.000000 0.000000 0.000000 0.000000 0.000000 0.000000 0.382653 0.000000 0.000000 0.000000 0.000000 0.000000 0.000000 0.000000 0.241125 0.376222 0.000000 0.000000 0.000000
 0.437986 0.000000 0.438356 0.000000 0.000000 0.000000 0.000000 0.000000 0.000000 0.000000 0.000000 0.000000 0.123658 0.000000 0.000000 0.000000 0.000000 0.000000 0.000000 0.000000
 0.000000 0.000000 0.000000 0.000000 0.000000 0.000000 0.000000 0.372807 0.000000 0.000000 0.000000 0.000000 0.000000 0.240949 0.000000 0.000000 0.003875 0.000000 0.000000 0.382370
 0.000000 0.000000 0.000000 0.000000 0.000000 0.000000 0.365287 0.271827 0.000000 0.000000 0.000000 0.000000 0.000000 0.359148 0.000000 0.003702 0.000000 0.000000 0.000000 0.000036
 0.000000 0.000000 0.000000 0.000000 0.499999 0.000000 0.000000 0.000000 0.000000 0.000000 0.000002 0.000000 0.000000 0.000000 0.000000 0.000000 0.000000 0.000000 0.499999 0.000000
 0.000000 0.000000 0.000000 0.000000 0.000000 0.000000 0.000000 0.000000 0.500000 0.000000 0.000000 0.000000 0.000000 0.000000 0.000000 0.000000 0.000000 0.500000 0.000000 0.000000
 0.000000 0.499978 0.000000 0.000000 0.000000 0.000000 0.000000 0.000000 0.000000 0.000000 0.000000 0.000000 0.000000 0.000000 0.000000 0.499973 0.000050 0.000000 0.000000 0.000000
the mean of prob-rank is 1.5789473684210527
the number of false negetive edges is 0
the number of probability greater than 0 is 3.2/edge
