20
 0.000000 0.000000 0.000000 0.000000 0.000000 0.000000 0.000000 0.455384 0.000000 0.000000 0.000000 0.452643 0.000000 0.000000 0.091973 0.000000 0.000000 0.000000 0.000000 0.000000
 0.000000 0.000000 0.000000 0.000000 0.000000 0.000000 0.500000 0.000000 0.000000 0.000000 0.000000 0.000000 0.000000 0.000000 0.000000 0.000000 0.500000 0.000000 0.000000 0.000000
 0.000000 0.000000 0.000000 0.000000 0.476749 0.000000 0.476954 0.000000 0.000000 0.000000 0.000000 0.000000 0.000000 0.000000 0.000000 0.000000 0.000001 0.046296 0.000000 0.000000
 0.000000 0.000000 0.000000 0.000000 0.000000 0.000000 0.000000 0.000000 0.000000 0.467195 0.000000 0.065644 0.000000 0.000000 0.000000 0.000011 0.000000 0.000000 0.467150 0.000000
 0.000000 0.000000 0.492523 0.000000 0.000000 0.000000 0.000000 0.000000 0.000000 0.492733 0.000000 0.000000 0.000000 0.000000 0.000000 0.000000 0.000000 0.000020 0.014724 0.000000
 0.000000 0.000000 0.000000 0.000000 0.000000 0.000000 0.000000 0.000000 0.000000 0.000000 0.000000 0.140799 0.000000 0.000000 0.426474 0.000000 0.000000 0.432727 0.000000 0.000000
 0.000000 0.500000 0.500000 0.000000 0.000000 0.000000 0.000000 0.000000 0.000000 0.000000 0.000000 0.000000 0.000000 0.000000 0.000000 0.000000 0.000000 0.000000 0.000000 0.000000
 0.500104 0.000000 0.000000 0.000000 0.000000 0.000000 0.000000 0.000000 0.000000 0.000000 0.499704 0.000000 0.000000 0.000000 0.000192 0.000000 0.000000 0.000000 0.000000 0.000000
 0.000000 0.000000 0.000000 0.000000 0.000000 0.000000 0.000000 0.000000 0.000000 0.000000 0.000000 0.000000 0.499996 0.499994 0.000000 0.000000 0.000010 0.000000 0.000000 0.000000
 0.000000 0.000000 0.000000 0.500001 0.499999 0.000000 0.000000 0.000000 0.000000 0.000000 0.000000 0.000000 0.000000 0.000000 0.000000 0.000000 0.000000 0.000000 0.000000 0.000000
 0.000000 0.000000 0.000000 0.000000 0.000000 0.000000 0.000000 0.492469 0.000000 0.000000 0.000000 0.000000 0.000000 0.000000 0.014676 0.000000 0.000000 0.000000 0.000000 0.492855
 0.405607 0.000000 0.000000 0.057336 0.000000 0.132761 0.000000 0.000000 0.000000 0.000000 0.000000 0.000000 0.000000 0.000000 0.404296 0.000000 0.000000 0.000000 0.000000 0.000000
 0.000000 0.000000 0.000000 0.000000 0.000000 0.000000 0.000000 0.000000 0.500002 0.000000 0.000000 0.000000 0.000000 0.000000 0.000000 0.000000 0.499998 0.000000 0.000000 0.000000
 0.000000 0.000000 0.000000 0.000000 0.000000 0.000000 0.000000 0.000000 0.499999 0.000000 0.000000 0.000000 0.000000 0.000000 0.000000 0.000000 0.000000 0.000000 0.000000 0.500001
 0.090743 0.000000 0.000000 0.000000 0.000000 0.442755 0.000000 0.000173 0.000000 0.000000 0.013379 0.445143 0.000000 0.000000 0.000000 0.000000 0.000000 0.007808 0.000000 0.000000
 0.000000 0.000000 0.000000 0.000012 0.000000 0.000000 0.000000 0.000000 0.000000 0.000000 0.000000 0.000000 0.000000 0.000000 0.000000 0.000000 0.000000 0.499992 0.499995 0.000000
 0.000000 0.499948 0.000001 0.000000 0.000000 0.000000 0.000000 0.000000 0.000010 0.000000 0.000000 0.000000 0.499944 0.000000 0.000000 0.000000 0.000000 0.000097 0.000000 0.000000
 0.000000 0.000000 0.045903 0.000000 0.000019 0.472854 0.000000 0.000000 0.000000 0.000000 0.000000 0.000001 0.000000 0.000000 0.008218 0.472899 0.000092 0.000000 0.000014 0.000000
 0.000000 0.000000 0.000000 0.492608 0.014722 0.000000 0.000000 0.000000 0.000000 0.000000 0.000000 0.000000 0.000000 0.000000 0.000000 0.492655 0.000000 0.000015 0.000000 0.000000
 0.000000 0.000000 0.000000 0.000000 0.000000 0.000000 0.000000 0.000000 0.000000 0.000000 0.499996 0.000000 0.000000 0.500004 0.000000 0.000000 0.000000 0.000000 0.000000 0.000000
the mean of prob-rank is 1.4736842105263157
the number of false negetive edges is 0
the number of probability greater than 0 is 3.35/edge
