20
 0.000000 0.000000 0.000000 0.000000 0.000000 0.000000 0.000000 0.000000 0.500000 0.000000 0.000000 0.000000 0.000000 0.000000 0.000000 0.000000 0.500000 0.000000 0.000000 0.000000
 0.000000 0.000000 0.000000 0.000000 0.000000 0.000000 0.000000 0.000000 0.000000 0.000000 0.000000 0.000000 0.500000 0.000000 0.000000 0.000000 0.000000 0.500000 0.000000 0.000000
 0.000000 0.000000 0.000000 0.000000 0.000000 0.344536 0.000000 0.326151 0.000000 0.000000 0.000000 0.000000 0.000000 0.000000 0.001769 0.327544 0.000000 0.000000 0.000000 0.000000
 0.000000 0.000000 0.000000 0.000000 0.000000 0.000000 0.000000 0.000000 0.000000 0.000000 0.011504 0.000000 0.000000 0.494200 0.000000 0.000000 0.000000 0.000000 0.000000 0.494296
 0.000000 0.000000 0.000000 0.000000 0.000000 0.000000 0.000000 0.000000 0.499994 0.000000 0.000000 0.000000 0.000000 0.499994 0.000000 0.000011 0.000000 0.000000 0.000000 0.000000
 0.000000 0.000000 0.357096 0.000000 0.000000 0.000000 0.000000 0.311738 0.000000 0.000000 0.000000 0.001645 0.000000 0.000000 0.005057 0.324463 0.000000 0.000000 0.000000 0.000000
 0.000000 0.000000 0.000000 0.000000 0.000000 0.000000 0.000000 0.000000 0.000000 0.000000 0.000000 0.000000 0.000000 0.000000 0.000000 0.000000 0.000000 0.000000 0.500000 0.500000
 0.000000 0.000000 0.333635 0.000000 0.000000 0.307675 0.000000 0.000000 0.000000 0.006101 0.000000 0.000578 0.000000 0.000000 0.352002 0.000009 0.000000 0.000000 0.000000 0.000000
 0.500000 0.000000 0.000000 0.000000 0.500000 0.000000 0.000000 0.000000 0.000000 0.000000 0.000000 0.000000 0.000000 0.000000 0.000000 0.000000 0.000000 0.000000 0.000000 0.000000
 0.000000 0.000000 0.000000 0.000000 0.000000 0.000000 0.000000 0.008566 0.000000 0.000000 0.000000 0.495141 0.000000 0.000000 0.495141 0.000000 0.000000 0.001151 0.000000 0.000000
 0.000000 0.000000 0.000000 0.011487 0.000000 0.000000 0.000000 0.000000 0.000000 0.000000 0.000000 0.000000 0.000000 0.001835 0.000000 0.493151 0.000000 0.000000 0.493527 0.000000
 0.000000 0.000000 0.000000 0.000000 0.000000 0.002277 0.000000 0.000811 0.000000 0.494484 0.000000 0.000000 0.000000 0.000000 0.007981 0.000000 0.000000 0.494447 0.000000 0.000000
 0.000000 0.500000 0.000000 0.000000 0.000000 0.000000 0.000000 0.000000 0.000000 0.000000 0.000000 0.000000 0.000000 0.000000 0.000000 0.000000 0.500000 0.000000 0.000000 0.000000
 0.000000 0.000000 0.000000 0.499005 0.499101 0.000000 0.000000 0.000000 0.000000 0.000000 0.001855 0.000000 0.000000 0.000000 0.000000 0.000039 0.000000 0.000000 0.000000 0.000000
 0.000000 0.000000 0.002523 0.000000 0.000000 0.006961 0.000000 0.490858 0.000000 0.491721 0.000000 0.007937 0.000000 0.000000 0.000000 0.000000 0.000000 0.000000 0.000000 0.000000
 0.000000 0.000000 0.332511 0.000000 0.000008 0.317799 0.000000 0.000009 0.000000 0.000000 0.349645 0.000000 0.000000 0.000027 0.000000 0.000000 0.000000 0.000000 0.000000 0.000000
 0.500000 0.000000 0.000000 0.000000 0.000000 0.000000 0.000000 0.000000 0.000000 0.000000 0.000000 0.000000 0.500000 0.000000 0.000000 0.000000 0.000000 0.000000 0.000000 0.000000
 0.000000 0.499438 0.000000 0.000000 0.000000 0.000000 0.000000 0.000000 0.000000 0.001161 0.000000 0.499400 0.000000 0.000000 0.000000 0.000000 0.000000 0.000000 0.000001 0.000000
 0.000000 0.000000 0.000000 0.000000 0.000000 0.000000 0.500019 0.000000 0.000000 0.000000 0.499980 0.000000 0.000000 0.000000 0.000000 0.000000 0.000000 0.000001 0.000000 0.000000
 0.000000 0.000000 0.000000 0.500000 0.000000 0.000000 0.500000 0.000000 0.000000 0.000000 0.000000 0.000000 0.000000 0.000000 0.000000 0.000000 0.000000 0.000000 0.000000 0.000000
the mean of prob-rank is 1.5789473684210527
the number of false negetive edges is 0
the number of probability greater than 0 is 3.5/edge
