20
 0.000000 0.000000 0.000000 0.000000 0.000000 0.000000 0.000000 0.000000 0.000000 0.000000 0.500000 0.500000 0.000000 0.000000 0.000000 0.000000 0.000000 0.000000 0.000000 0.000000
 0.000000 0.000000 0.000000 0.277772 0.300628 0.000000 0.000000 0.000000 0.334939 0.000000 0.000000 0.000000 0.000000 0.086662 0.000000 0.000000 0.000000 0.000000 0.000000 0.000000
 0.000000 0.000000 0.000000 0.151490 0.000000 0.000000 0.000000 0.000000 0.000000 0.000000 0.000000 0.000000 0.000000 0.302566 0.000000 0.247654 0.000000 0.000002 0.298289 0.000000
 0.000000 0.264047 0.152814 0.000000 0.000000 0.000000 0.000000 0.000000 0.312563 0.000000 0.000000 0.000000 0.000000 0.000006 0.000000 0.270570 0.000000 0.000000 0.000000 0.000000
 0.000000 0.325685 0.000000 0.000000 0.000000 0.000000 0.362856 0.000000 0.000000 0.000000 0.000000 0.000000 0.000000 0.000000 0.000000 0.000000 0.000000 0.311459 0.000000 0.000000
 0.000000 0.000000 0.000000 0.000000 0.000000 0.000000 0.000000 0.000000 0.000000 0.500002 0.499998 0.000000 0.000000 0.000000 0.000000 0.000000 0.000000 0.000000 0.000000 0.000000
 0.000000 0.000000 0.000000 0.000000 0.500000 0.000000 0.000000 0.000000 0.000000 0.000000 0.000000 0.000000 0.000000 0.000000 0.500000 0.000000 0.000000 0.000000 0.000000 0.000000
 0.000000 0.000000 0.000000 0.000000 0.000000 0.000000 0.000000 0.000000 0.000000 0.000000 0.000000 0.000000 0.000000 0.000000 0.000000 0.000000 0.500000 0.000000 0.000000 0.500000
 0.000000 0.403813 0.000000 0.396425 0.000000 0.000000 0.000000 0.000000 0.000000 0.000000 0.000000 0.000000 0.000000 0.198766 0.000000 0.000000 0.000000 0.000996 0.000000 0.000000
 0.000000 0.000000 0.000000 0.000000 0.000000 0.366251 0.000000 0.000000 0.000000 0.000000 0.000000 0.000000 0.000000 0.000000 0.000000 0.000000 0.000000 0.334758 0.298992 0.000000
 0.500001 0.000000 0.000000 0.000000 0.000000 0.499998 0.000000 0.000000 0.000000 0.000000 0.000000 0.000000 0.000000 0.000000 0.000000 0.000000 0.000000 0.000000 0.000000 0.000000
 0.500000 0.000000 0.000000 0.000000 0.000000 0.000000 0.000000 0.000000 0.000000 0.000000 0.000000 0.000000 0.000000 0.000000 0.000000 0.000000 0.000000 0.000000 0.000000 0.499999
 0.000000 0.000000 0.000000 0.000000 0.000000 0.000000 0.000000 0.000000 0.000000 0.000000 0.000000 0.000000 0.000000 0.000000 0.500000 0.000000 0.500000 0.000000 0.000000 0.000000
 0.000000 0.095495 0.353802 0.000007 0.000000 0.000000 0.000000 0.000000 0.181668 0.000000 0.000000 0.000000 0.000000 0.000000 0.000000 0.000000 0.000000 0.369028 0.000000 0.000000
 0.000000 0.000000 0.000000 0.000000 0.000000 0.000000 0.500000 0.000000 0.000000 0.000000 0.000000 0.000000 0.500000 0.000000 0.000000 0.000000 0.000000 0.000000 0.000000 0.000000
 0.000000 0.000000 0.297837 0.322576 0.000000 0.000000 0.000000 0.000000 0.000000 0.000000 0.000000 0.000000 0.000000 0.000000 0.000000 0.000000 0.000000 0.000000 0.379587 0.000000
 0.000000 0.000000 0.000000 0.000000 0.000000 0.000000 0.000000 0.500000 0.000000 0.000000 0.000000 0.000000 0.500000 0.000000 0.000000 0.000000 0.000000 0.000000 0.000000 0.000000
 0.000000 0.000000 0.000002 0.000000 0.309350 0.000000 0.000000 0.000000 0.000889 0.329409 0.000000 0.000000 0.000000 0.360350 0.000000 0.000000 0.000000 0.000000 0.000000 0.000000
 0.000000 0.000000 0.342237 0.000000 0.000000 0.000000 0.000000 0.000000 0.000000 0.295630 0.000000 0.000000 0.000000 0.000000 0.000000 0.362133 0.000000 0.000000 0.000000 0.000000
 0.000000 0.000000 0.000000 0.000000 0.000000 0.000000 0.000000 0.500000 0.000000 0.000000 0.000000 0.499999 0.000000 0.000000 0.000000 0.000000 0.000000 0.000000 0.000000 0.000000
the mean of prob-rank is 1.9473684210526316
the number of false negetive edges is 0
the number of probability greater than 0 is 3.0/edge
