20
 0.000000 0.000000 0.000000 0.000000 0.000000 0.000000 0.000000 0.000000 0.000000 0.252441 0.000000 0.000000 0.000000 0.000000 0.000000 0.000000 0.000000 0.000000 0.369373 0.378186
 0.000000 0.000000 0.000000 0.500000 0.000000 0.000000 0.000000 0.500000 0.000000 0.000000 0.000000 0.000000 0.000000 0.000000 0.000000 0.000000 0.000000 0.000000 0.000000 0.000000
 0.000000 0.000000 0.000000 0.000000 0.000000 0.000000 0.500000 0.000000 0.000000 0.000000 0.000000 0.000000 0.000000 0.000000 0.000000 0.000000 0.000000 0.000000 0.000000 0.500000
 0.000000 0.499898 0.000000 0.000000 0.000000 0.000000 0.000000 0.000000 0.000000 0.000000 0.000000 0.000000 0.000000 0.000000 0.000210 0.000000 0.499892 0.000000 0.000000 0.000000
 0.000000 0.000000 0.000000 0.000000 0.000000 0.499615 0.000000 0.000000 0.000000 0.000000 0.000000 0.000000 0.000000 0.000000 0.499613 0.000000 0.000772 0.000000 0.000000 0.000000
 0.000000 0.000000 0.000000 0.000000 0.499791 0.000000 0.000000 0.000000 0.000000 0.000000 0.000000 0.000000 0.000000 0.499794 0.000000 0.000000 0.000415 0.000000 0.000000 0.000000
 0.000000 0.000000 0.500000 0.000000 0.000000 0.000000 0.000000 0.000000 0.000000 0.000000 0.000000 0.000000 0.000000 0.500000 0.000000 0.000000 0.000000 0.000000 0.000000 0.000000
 0.000000 0.500000 0.000000 0.000000 0.000000 0.000000 0.000000 0.000000 0.000000 0.000000 0.500000 0.000000 0.000000 0.000000 0.000000 0.000000 0.000000 0.000000 0.000000 0.000000
 0.000000 0.000000 0.000000 0.000000 0.000000 0.000000 0.000000 0.000000 0.000000 0.000000 0.063369 0.000000 0.468923 0.000000 0.000000 0.000000 0.000000 0.467707 0.000000 0.000000
 0.254047 0.000000 0.000000 0.000000 0.000000 0.000000 0.000000 0.000000 0.000000 0.000000 0.000000 0.000407 0.000000 0.000000 0.000000 0.364954 0.000000 0.000000 0.380592 0.000000
 0.000000 0.000000 0.000000 0.000000 0.000000 0.000000 0.000000 0.469677 0.063471 0.000000 0.000000 0.000000 0.000000 0.000000 0.000000 0.000000 0.000000 0.466851 0.000000 0.000000
 0.000000 0.000000 0.000000 0.000000 0.000000 0.000000 0.000000 0.000000 0.000000 0.000463 0.000000 0.000000 0.432258 0.000000 0.000000 0.433131 0.000000 0.107436 0.026712 0.000000
 0.000000 0.000000 0.000000 0.000000 0.000000 0.000000 0.000000 0.000000 0.438572 0.000000 0.000000 0.437661 0.000000 0.000000 0.000000 0.000000 0.000000 0.123760 0.000007 0.000000
 0.000000 0.000000 0.000000 0.000000 0.000000 0.500000 0.500000 0.000000 0.000000 0.000000 0.000000 0.000000 0.000000 0.000000 0.000000 0.000000 0.000000 0.000000 0.000000 0.000000
 0.000000 0.000000 0.000000 0.000210 0.499892 0.000000 0.000000 0.000000 0.000000 0.000000 0.000000 0.000000 0.000000 0.000000 0.000000 0.000000 0.499897 0.000000 0.000000 0.000000
 0.000000 0.000000 0.000000 0.000000 0.000000 0.000000 0.000000 0.000000 0.000000 0.386335 0.000000 0.402865 0.000000 0.000000 0.000000 0.000000 0.000000 0.000000 0.210799 0.000000
 0.000000 0.000000 0.000000 0.499403 0.000772 0.000415 0.000000 0.000000 0.000000 0.000000 0.000000 0.000000 0.000000 0.000000 0.499409 0.000000 0.000000 0.000000 0.000000 0.000000
 0.000000 0.000000 0.000000 0.000000 0.000000 0.000000 0.000000 0.000000 0.395544 0.000000 0.394186 0.098362 0.111908 0.000000 0.000000 0.000000 0.000000 0.000000 0.000000 0.000000
 0.381284 0.000000 0.000000 0.000000 0.000000 0.000000 0.000000 0.000000 0.000000 0.390381 0.000000 0.024074 0.000006 0.000000 0.000000 0.204255 0.000000 0.000000 0.000000 0.000000
 0.500000 0.000000 0.500000 0.000000 0.000000 0.000000 0.000000 0.000000 0.000000 0.000000 0.000000 0.000000 0.000000 0.000000 0.000000 0.000000 0.000000 0.000000 0.000000 0.000000
the mean of prob-rank is 1.631578947368421
the number of false negetive edges is 0
the number of probability greater than 0 is 3.1/edge
