20
 0.000000 0.000000 0.000000 0.000000 0.000000 0.403607 0.000000 0.000000 0.000000 0.398075 0.197634 0.000000 0.000000 0.000000 0.000000 0.000000 0.000000 0.000684 0.000000 0.000000
 0.000000 0.000000 0.000000 0.149942 0.000000 0.000000 0.357360 0.360020 0.000000 0.131998 0.000000 0.000000 0.000000 0.000000 0.000000 0.000000 0.000680 0.000000 0.000000 0.000000
 0.000000 0.000000 0.000000 0.000000 0.000000 0.000000 0.499953 0.000000 0.000000 0.000001 0.500046 0.000000 0.000000 0.000000 0.000000 0.000000 0.000000 0.000000 0.000000 0.000000
 0.000000 0.169599 0.000000 0.000000 0.000000 0.000000 0.000000 0.409270 0.000000 0.012174 0.000000 0.000000 0.000000 0.000000 0.000000 0.000000 0.408957 0.000000 0.000000 0.000000
 0.000000 0.000000 0.000000 0.000000 0.000000 0.000000 0.000000 0.000000 0.500000 0.000000 0.000000 0.000000 0.000000 0.000000 0.000000 0.000000 0.000000 0.000000 0.000000 0.500000
 0.500000 0.000000 0.000000 0.000000 0.000000 0.000000 0.000000 0.000000 0.000000 0.000000 0.000000 0.500000 0.000000 0.000000 0.000000 0.000000 0.000000 0.000000 0.000000 0.000000
 0.000000 0.369910 0.374471 0.000000 0.000000 0.000000 0.000000 0.000000 0.000000 0.255619 0.000000 0.000000 0.000000 0.000000 0.000000 0.000000 0.000000 0.000000 0.000000 0.000000
 0.000000 0.480406 0.000000 0.482828 0.000000 0.000000 0.000000 0.000000 0.000000 0.009415 0.000000 0.000000 0.000000 0.000000 0.000000 0.000000 0.027352 0.000000 0.000000 0.000000
 0.000000 0.000000 0.000000 0.000000 0.500000 0.000000 0.000000 0.000000 0.000000 0.000000 0.000000 0.000000 0.500000 0.000000 0.000000 0.000000 0.000000 0.000000 0.000000 0.000000
 0.321101 0.118766 0.000001 0.009684 0.000000 0.000000 0.222192 0.006348 0.000000 0.000000 0.321908 0.000000 0.000000 0.000000 0.000000 0.000000 0.000000 0.000000 0.000000 0.000000
 0.197572 0.000000 0.403479 0.000000 0.000000 0.000000 0.000000 0.000000 0.000000 0.398949 0.000000 0.000000 0.000000 0.000000 0.000000 0.000000 0.000000 0.000000 0.000000 0.000000
 0.000000 0.000000 0.000000 0.000000 0.000000 0.500000 0.000000 0.000000 0.000000 0.000000 0.000000 0.000000 0.000000 0.000000 0.000000 0.000000 0.000000 0.000000 0.500000 0.000000
 0.000000 0.000000 0.000000 0.000000 0.000000 0.000000 0.000000 0.000000 0.500000 0.000000 0.000000 0.000000 0.000000 0.000000 0.000000 0.500000 0.000000 0.000000 0.000000 0.000000
 0.000000 0.000000 0.000000 0.000000 0.000000 0.000000 0.000000 0.000000 0.000000 0.000000 0.000000 0.000000 0.000000 0.000000 0.000000 0.500000 0.500000 0.000000 0.000000 0.000000
 0.000000 0.000000 0.000000 0.000000 0.000000 0.000000 0.000000 0.000000 0.000000 0.000000 0.000000 0.000000 0.000000 0.000000 0.000000 0.000000 0.000000 0.499911 0.499916 0.000172
 0.000000 0.000000 0.000000 0.000000 0.000000 0.000000 0.000000 0.000000 0.000000 0.000000 0.000000 0.000000 0.500000 0.500000 0.000000 0.000000 0.000000 0.000000 0.000000 0.000000
 0.000000 0.000914 0.000000 0.485592 0.000000 0.000000 0.000000 0.027530 0.000000 0.000000 0.000000 0.000000 0.000000 0.485965 0.000000 0.000000 0.000000 0.000000 0.000000 0.000000
 0.000847 0.000000 0.000000 0.000000 0.000000 0.000000 0.000000 0.000000 0.000000 0.000000 0.000000 0.000000 0.000000 0.000000 0.499722 0.000000 0.000000 0.000000 0.000000 0.499431
 0.000000 0.000000 0.000000 0.000000 0.000000 0.000000 0.000000 0.000000 0.000000 0.000000 0.000000 0.500000 0.000000 0.000000 0.500000 0.000000 0.000000 0.000000 0.000000 0.000000
 0.000000 0.000000 0.000000 0.000000 0.500062 0.000000 0.000000 0.000000 0.000000 0.000000 0.000000 0.000000 0.000000 0.000000 0.000172 0.000000 0.000000 0.499766 0.000000 0.000000
the mean of prob-rank is 1.8421052631578947
the number of false negetive edges is 0
the number of probability greater than 0 is 3.05/edge
