20
 0.000000 0.000000 0.000000 0.000000 0.000000 0.000000 0.000000 0.000000 0.000000 0.000000 0.500000 0.500000 0.000000 0.000000 0.000000 0.000000 0.000000 0.000000 0.000000 0.000000
 0.000000 0.000000 0.000000 0.000000 0.000000 0.000000 0.000000 0.000000 0.000000 0.500000 0.000000 0.000000 0.000000 0.000000 0.000000 0.000000 0.000000 0.000000 0.500000 0.000000
 0.000000 0.000000 0.000000 0.000000 0.000000 0.000000 0.374815 0.000000 0.000000 0.235145 0.000000 0.000000 0.000000 0.000000 0.000000 0.390027 0.000000 0.000000 0.000000 0.000013
 0.000000 0.000000 0.000000 0.000000 0.000000 0.000000 0.000000 0.000000 0.000000 0.000000 0.000000 0.000017 0.499997 0.000000 0.000000 0.000000 0.000000 0.000000 0.499986 0.000000
 0.000000 0.000000 0.000000 0.000000 0.000000 0.000000 0.000000 0.124690 0.000000 0.000000 0.000000 0.000000 0.000000 0.048994 0.298566 0.000000 0.276625 0.251126 0.000000 0.000000
 0.000000 0.000000 0.000000 0.000000 0.000000 0.000000 0.000000 0.000000 0.000000 0.000000 0.500000 0.000000 0.000000 0.000000 0.000000 0.000000 0.500000 0.000000 0.000000 0.000000
 0.000000 0.000000 0.296963 0.000000 0.000000 0.000000 0.000000 0.170221 0.308576 0.000000 0.000000 0.000000 0.000000 0.000000 0.000000 0.000002 0.000000 0.000000 0.000000 0.224238
 0.000000 0.000000 0.000000 0.000000 0.112336 0.000000 0.148180 0.000000 0.233085 0.000000 0.000000 0.000000 0.000000 0.000002 0.000000 0.000000 0.243062 0.263335 0.000000 0.000000
 0.000000 0.000000 0.000000 0.000000 0.000000 0.000000 0.287571 0.249530 0.000000 0.000000 0.000000 0.000000 0.000000 0.261350 0.038112 0.000000 0.000000 0.159167 0.000000 0.004269
 0.000000 0.385216 0.232245 0.000000 0.000000 0.000000 0.000000 0.000000 0.000000 0.000000 0.000000 0.000000 0.000000 0.000000 0.000000 0.000000 0.000000 0.000000 0.000000 0.382539
 0.500000 0.000000 0.000000 0.000000 0.000000 0.500000 0.000000 0.000000 0.000000 0.000000 0.000000 0.000000 0.000000 0.000000 0.000000 0.000000 0.000000 0.000000 0.000000 0.000000
 0.499995 0.000000 0.000000 0.000017 0.000000 0.000000 0.000000 0.000000 0.000000 0.000000 0.000000 0.000000 0.499988 0.000000 0.000000 0.000000 0.000000 0.000000 0.000000 0.000000
 0.000000 0.000000 0.000000 0.500003 0.000000 0.000000 0.000000 0.000000 0.000000 0.000000 0.000000 0.499995 0.000000 0.000000 0.000000 0.000000 0.000000 0.000000 0.000002 0.000000
 0.000000 0.000000 0.000000 0.000000 0.053980 0.000000 0.000000 0.000002 0.298547 0.000000 0.000000 0.000000 0.000000 0.000000 0.328884 0.000000 0.000000 0.318587 0.000000 0.000000
 0.000000 0.000000 0.000000 0.000000 0.461304 0.000000 0.000000 0.000000 0.061054 0.000000 0.000000 0.000000 0.000000 0.461215 0.000000 0.000000 0.000000 0.016427 0.000000 0.000000
 0.000000 0.000000 0.500036 0.000000 0.000000 0.000000 0.000003 0.000000 0.000000 0.000000 0.000000 0.000000 0.000000 0.000000 0.000000 0.000000 0.000000 0.000000 0.000000 0.499961
 0.000000 0.000000 0.000000 0.000000 0.327366 0.353354 0.000000 0.319280 0.000000 0.000000 0.000000 0.000000 0.000000 0.000000 0.000000 0.000000 0.000000 0.000000 0.000000 0.000000
 0.000000 0.000000 0.000000 0.000000 0.249073 0.000000 0.000000 0.289905 0.163679 0.000000 0.000000 0.000000 0.000000 0.286798 0.010545 0.000000 0.000000 0.000000 0.000000 0.000000
 0.000000 0.500004 0.000000 0.499994 0.000000 0.000000 0.000000 0.000000 0.000000 0.000000 0.000000 0.000000 0.000002 0.000000 0.000000 0.000000 0.000000 0.000000 0.000000 0.000000
 0.000000 0.000000 0.000013 0.000000 0.000000 0.000000 0.265475 0.000000 0.005423 0.363300 0.000000 0.000000 0.000000 0.000000 0.000000 0.365788 0.000000 0.000000 0.000000 0.000000
the mean of prob-rank is 1.736842105263158
the number of false negetive edges is 0
the number of probability greater than 0 is 3.7/edge
