20
 0.000000 0.000000 0.314826 0.000000 0.000000 0.349207 0.000000 0.000000 0.000000 0.000000 0.000000 0.000000 0.000000 0.335947 0.000000 0.000020 0.000000 0.000000 0.000000 0.000000
 0.000000 0.000000 0.000000 0.000000 0.000000 0.233788 0.000000 0.000000 0.000000 0.158618 0.000000 0.000000 0.000000 0.291102 0.000000 0.000000 0.000000 0.000000 0.000000 0.316492
 0.314084 0.000000 0.000000 0.000000 0.000000 0.337533 0.000000 0.000000 0.000000 0.000000 0.000000 0.000000 0.000000 0.000000 0.000000 0.000000 0.348376 0.000000 0.000000 0.000006
 0.000000 0.000000 0.000000 0.000000 0.000000 0.000000 0.000000 0.000000 0.000000 0.000000 0.068151 0.240801 0.000000 0.287681 0.000060 0.403306 0.000000 0.000000 0.000000 0.000000
 0.000000 0.000000 0.000000 0.000000 0.000000 0.000000 0.000000 0.000000 0.287294 0.000000 0.282126 0.190302 0.000000 0.000000 0.240278 0.000000 0.000000 0.000000 0.000000 0.000000
 0.318226 0.235052 0.308314 0.000000 0.000000 0.000000 0.000000 0.000000 0.000000 0.000000 0.000000 0.000000 0.000000 0.102682 0.000000 0.000000 0.000000 0.000000 0.000000 0.035726
 0.000000 0.000000 0.000000 0.000000 0.000000 0.000000 0.000000 0.000000 0.000000 0.487277 0.000000 0.000000 0.012247 0.000000 0.000000 0.000000 0.000000 0.490968 0.009508 0.000000
 0.000000 0.000000 0.000000 0.000000 0.000000 0.000000 0.000000 0.000000 0.000000 0.000000 0.000000 0.000000 0.000000 0.000000 0.000000 0.000000 0.000000 0.500003 0.000000 0.499997
 0.000000 0.000000 0.000000 0.000000 0.408232 0.000000 0.000000 0.000000 0.000000 0.000000 0.024855 0.000761 0.412260 0.000000 0.153892 0.000000 0.000000 0.000000 0.000000 0.000000
 0.000000 0.201974 0.000000 0.000000 0.000000 0.000000 0.399999 0.000000 0.000000 0.000000 0.000000 0.000000 0.000000 0.000000 0.000000 0.000000 0.000000 0.000000 0.398027 0.000000
 0.000000 0.000000 0.000000 0.057564 0.331639 0.000000 0.000000 0.000000 0.020562 0.000000 0.000000 0.341128 0.000000 0.000000 0.249107 0.000000 0.000000 0.000000 0.000000 0.000000
 0.000000 0.000000 0.000000 0.184664 0.203100 0.000000 0.000000 0.000000 0.000572 0.000000 0.309714 0.000000 0.000000 0.000000 0.301950 0.000000 0.000000 0.000000 0.000000 0.000000
 0.000000 0.000000 0.000000 0.000000 0.000000 0.000000 0.012320 0.000000 0.493783 0.000000 0.000000 0.000000 0.000000 0.000000 0.000000 0.000000 0.000000 0.000000 0.493897 0.000000
 0.242601 0.231928 0.000000 0.179630 0.000000 0.081370 0.000000 0.000000 0.000000 0.000000 0.000000 0.000000 0.000000 0.000000 0.211244 0.053227 0.000000 0.000000 0.000000 0.000000
 0.000000 0.000000 0.000000 0.000040 0.221137 0.000000 0.000000 0.000000 0.099674 0.000000 0.195034 0.260385 0.000000 0.223730 0.000000 0.000000 0.000000 0.000000 0.000000 0.000000
 0.000025 0.000000 0.000000 0.451915 0.000000 0.000000 0.000000 0.000000 0.000000 0.000000 0.000000 0.000000 0.000000 0.095519 0.000000 0.000000 0.452541 0.000000 0.000000 0.000000
 0.000000 0.000000 0.499994 0.000000 0.000000 0.000000 0.000000 0.000000 0.000000 0.000000 0.000000 0.000000 0.000000 0.000000 0.000000 0.500005 0.000000 0.000000 0.000000 0.000000
 0.000000 0.000000 0.000000 0.000000 0.000000 0.000000 0.500000 0.500000 0.000000 0.000000 0.000000 0.000000 0.000000 0.000000 0.000000 0.000000 0.000000 0.000000 0.000000 0.000000
 0.000000 0.000000 0.000000 0.000000 0.000000 0.000000 0.009650 0.000000 0.000000 0.492086 0.000000 0.000000 0.498265 0.000000 0.000000 0.000000 0.000000 0.000000 0.000000 0.000000
 0.000000 0.473406 0.000008 0.000000 0.000000 0.053151 0.000000 0.473435 0.000000 0.000000 0.000000 0.000000 0.000000 0.000000 0.000000 0.000000 0.000000 0.000000 0.000000 0.000000
the mean of prob-rank is 1.6842105263157894
the number of false negetive edges is 0
the number of probability greater than 0 is 4.0/edge
