20
 0.000000 0.500000 0.000000 0.000000 0.000000 0.000000 0.000000 0.000000 0.000000 0.000000 0.000000 0.000000 0.000000 0.000000 0.000000 0.500000 0.000000 0.000000 0.000000 0.000000
 0.500000 0.000000 0.000000 0.000000 0.000000 0.000000 0.000000 0.000000 0.000000 0.000000 0.000000 0.000000 0.000000 0.000000 0.500000 0.000000 0.000000 0.000000 0.000000 0.000000
 0.000000 0.000000 0.000000 0.499983 0.000000 0.499989 0.000000 0.000000 0.000000 0.000000 0.000000 0.000028 0.000000 0.000000 0.000000 0.000000 0.000000 0.000000 0.000000 0.000000
 0.000000 0.000000 0.499981 0.000000 0.000000 0.000000 0.000000 0.000033 0.000000 0.000000 0.000000 0.499986 0.000000 0.000000 0.000000 0.000000 0.000000 0.000000 0.000000 0.000000
 0.000000 0.000000 0.000000 0.000000 0.000000 0.000000 0.000000 0.000000 0.000000 0.489196 0.000000 0.000000 0.000000 0.000000 0.000000 0.021342 0.000000 0.000000 0.489463 0.000000
 0.000000 0.000000 0.499949 0.000000 0.000000 0.000000 0.000000 0.000000 0.000105 0.000000 0.000000 0.000000 0.499946 0.000000 0.000000 0.000000 0.000000 0.000000 0.000000 0.000000
 0.000000 0.000000 0.000000 0.000000 0.000000 0.000000 0.000000 0.000000 0.000000 0.000000 0.000000 0.000000 0.000002 0.500000 0.000000 0.000000 0.499998 0.000000 0.000000 0.000000
 0.000000 0.000000 0.000000 0.000033 0.000000 0.000000 0.000000 0.000000 0.499982 0.499985 0.000000 0.000000 0.000000 0.000000 0.000000 0.000000 0.000000 0.000000 0.000000 0.000000
 0.000000 0.000000 0.000000 0.000000 0.000000 0.000105 0.000000 0.499925 0.000000 0.000000 0.000000 0.499927 0.000000 0.000043 0.000000 0.000000 0.000000 0.000000 0.000000 0.000000
 0.000000 0.000000 0.000000 0.000000 0.449721 0.000000 0.000000 0.449967 0.000000 0.000000 0.000000 0.000000 0.000000 0.000000 0.000000 0.000000 0.000000 0.000000 0.100312 0.000000
 0.000000 0.000000 0.000000 0.000000 0.000000 0.000000 0.000000 0.000000 0.000000 0.000000 0.000000 0.000000 0.000000 0.000000 0.000000 0.000000 0.000000 0.499997 0.000000 0.500003
 0.000000 0.000000 0.000028 0.499987 0.000000 0.000000 0.000000 0.000000 0.499985 0.000000 0.000000 0.000000 0.000000 0.000000 0.000000 0.000000 0.000000 0.000000 0.000000 0.000000
 0.000000 0.000000 0.000000 0.000000 0.000000 0.499997 0.000002 0.000000 0.000000 0.000000 0.000000 0.000000 0.000000 0.500001 0.000000 0.000000 0.000000 0.000000 0.000000 0.000000
 0.000000 0.000000 0.000000 0.000000 0.000000 0.000000 0.499979 0.000000 0.000043 0.000000 0.000000 0.000000 0.499979 0.000000 0.000000 0.000000 0.000000 0.000000 0.000000 0.000000
 0.000000 0.500000 0.000000 0.000000 0.000000 0.000000 0.000000 0.000000 0.000000 0.000000 0.000000 0.000000 0.000000 0.000000 0.000000 0.000000 0.000000 0.000000 0.000000 0.500000
 0.489349 0.000000 0.000000 0.000000 0.021337 0.000000 0.000000 0.000000 0.000000 0.000000 0.000000 0.000000 0.000000 0.000000 0.000000 0.000000 0.000000 0.000000 0.489315 0.000000
 0.000000 0.000000 0.000000 0.000000 0.000000 0.000000 0.499999 0.000000 0.000000 0.000000 0.000000 0.000000 0.000000 0.000000 0.000000 0.000000 0.000000 0.500001 0.000000 0.000000
 0.000000 0.000000 0.000000 0.000000 0.000000 0.000000 0.000000 0.000000 0.000000 0.000000 0.499997 0.000000 0.000000 0.000000 0.000000 0.000000 0.500003 0.000000 0.000000 0.000000
 0.000000 0.000000 0.000000 0.000000 0.449870 0.000000 0.000000 0.000000 0.000000 0.100290 0.000000 0.000000 0.000000 0.000000 0.000000 0.449839 0.000000 0.000000 0.000000 0.000000
 0.000000 0.000000 0.000000 0.000000 0.000000 0.000000 0.000000 0.000000 0.000000 0.000000 0.500000 0.000000 0.000000 0.000000 0.500000 0.000000 0.000000 0.000000 0.000000 0.000000
the mean of prob-rank is 1.631578947368421
the number of false negetive edges is 0
the number of probability greater than 0 is 2.7/edge
