20
 0.000000 0.000000 0.003439 0.000000 0.000000 0.000000 0.497952 0.000000 0.497960 0.000000 0.000000 0.000000 0.000000 0.000000 0.000000 0.000000 0.000000 0.000000 0.000000 0.000649
 0.000000 0.000000 0.000000 0.000000 0.000000 0.000000 0.000000 0.000000 0.000000 0.000000 0.499587 0.000000 0.000000 0.000000 0.000000 0.000000 0.000902 0.000000 0.000000 0.499511
 0.003314 0.000000 0.000000 0.038367 0.000000 0.000000 0.478465 0.000000 0.000000 0.000000 0.000000 0.000000 0.000000 0.000000 0.479855 0.000000 0.000000 0.000000 0.000000 0.000000
 0.000000 0.000000 0.026095 0.000000 0.000000 0.000000 0.000000 0.325660 0.000000 0.263999 0.000000 0.000000 0.057624 0.000000 0.325805 0.000000 0.000000 0.000000 0.000000 0.000817
 0.000000 0.000000 0.000000 0.000000 0.000000 0.000000 0.000000 0.000000 0.000000 0.000000 0.000000 0.001384 0.000000 0.499306 0.000000 0.000000 0.000000 0.000000 0.499310 0.000000
 0.000000 0.000000 0.000000 0.000000 0.000000 0.000000 0.000000 0.000000 0.000000 0.255011 0.000000 0.000000 0.209699 0.262558 0.000000 0.000000 0.000000 0.272731 0.000000 0.000000
 0.418491 0.000000 0.417304 0.000000 0.000000 0.000000 0.000000 0.000000 0.006840 0.000000 0.000000 0.000000 0.000000 0.000000 0.157365 0.000000 0.000000 0.000000 0.000000 0.000000
 0.000000 0.000000 0.000000 0.340797 0.000000 0.000000 0.000000 0.000000 0.000000 0.000000 0.000000 0.000000 0.331329 0.000000 0.000000 0.000000 0.000000 0.327874 0.000000 0.000000
 0.495490 0.000000 0.000000 0.000000 0.000000 0.000000 0.008098 0.000000 0.000000 0.000000 0.495515 0.000000 0.000000 0.000000 0.000000 0.000000 0.000000 0.000000 0.000000 0.000897
 0.000000 0.000000 0.000000 0.206377 0.000000 0.238561 0.000000 0.000000 0.000000 0.000000 0.000000 0.000000 0.255132 0.122361 0.000000 0.000000 0.000000 0.176375 0.000000 0.001195
 0.000000 0.500000 0.000000 0.000000 0.000000 0.000000 0.000000 0.000000 0.500000 0.000000 0.000000 0.000000 0.000000 0.000000 0.000000 0.000000 0.000000 0.000000 0.000000 0.000000
 0.000000 0.000000 0.000000 0.000000 0.001384 0.000000 0.000000 0.000000 0.000000 0.000000 0.000000 0.000000 0.000000 0.000000 0.000000 0.499308 0.000000 0.000000 0.499308 0.000000
 0.000000 0.000000 0.000000 0.054391 0.000000 0.236864 0.000000 0.298847 0.000000 0.308055 0.000000 0.000000 0.000000 0.000000 0.000000 0.000000 0.000000 0.101843 0.000000 0.000000
 0.000000 0.000000 0.000000 0.000000 0.373661 0.359726 0.000000 0.000000 0.000000 0.179205 0.000000 0.000000 0.000000 0.000000 0.000000 0.000000 0.000000 0.087408 0.000000 0.000000
 0.000000 0.000000 0.421182 0.420450 0.000000 0.000000 0.158367 0.000000 0.000000 0.000000 0.000000 0.000000 0.000000 0.000000 0.000000 0.000000 0.000000 0.000000 0.000000 0.000000
 0.000000 0.000000 0.000000 0.000000 0.000000 0.000000 0.000000 0.000000 0.000000 0.000000 0.000000 0.500000 0.000000 0.000000 0.000000 0.000000 0.500000 0.000000 0.000000 0.000000
 0.000000 0.000902 0.000000 0.000000 0.000000 0.000000 0.000000 0.000000 0.000000 0.000000 0.000000 0.000000 0.000000 0.000000 0.000000 0.499550 0.000000 0.000000 0.000000 0.499548
 0.000000 0.000000 0.000000 0.000000 0.000000 0.310966 0.000000 0.298520 0.000000 0.214969 0.000000 0.000000 0.102803 0.072742 0.000000 0.000000 0.000000 0.000000 0.000000 0.000000
 0.000000 0.000000 0.000000 0.000000 0.500000 0.000000 0.000000 0.000000 0.000000 0.000000 0.000000 0.500000 0.000000 0.000000 0.000000 0.000000 0.000000 0.000000 0.000000 0.000000
 0.000648 0.497400 0.000000 0.001246 0.000000 0.000000 0.000000 0.000000 0.000900 0.002330 0.000000 0.000000 0.000000 0.000000 0.000000 0.000000 0.497475 0.000000 0.000000 0.000000
the mean of prob-rank is 1.736842105263158
the number of false negetive edges is 0
the number of probability greater than 0 is 3.8/edge
