20
 0.000000 0.000000 0.000000 0.000000 0.000000 0.500000 0.000000 0.000000 0.000000 0.000000 0.000000 0.000000 0.000000 0.000000 0.000000 0.000000 0.000000 0.000000 0.000000 0.500000
 0.000000 0.000000 0.000000 0.000000 0.000000 0.000000 0.000000 0.000000 0.000000 0.000000 0.000000 0.000000 0.000000 0.000000 0.000000 0.000000 0.500000 0.000000 0.500000 0.000000
 0.000000 0.000000 0.000000 0.000000 0.000000 0.000000 0.000000 0.430195 0.000000 0.000000 0.000000 0.000000 0.000000 0.047082 0.000000 0.000000 0.442315 0.000000 0.000000 0.080408
 0.000000 0.000000 0.000000 0.000000 0.000000 0.500008 0.000000 0.499992 0.000000 0.000000 0.000000 0.000000 0.000000 0.000000 0.000000 0.000000 0.000000 0.000000 0.000000 0.000000
 0.000000 0.000000 0.000000 0.000000 0.000000 0.000000 0.000000 0.000000 0.000000 0.000000 0.500000 0.000000 0.500000 0.000000 0.000000 0.000000 0.000000 0.000000 0.000000 0.000000
 0.499998 0.000000 0.000000 0.499998 0.000000 0.000000 0.000000 0.000004 0.000000 0.000000 0.000000 0.000000 0.000000 0.000000 0.000000 0.000000 0.000000 0.000000 0.000000 0.000000
 0.000000 0.000000 0.000000 0.000000 0.000000 0.000000 0.000000 0.000000 0.000000 0.444649 0.000000 0.000000 0.000000 0.000000 0.444372 0.000001 0.000000 0.110979 0.000000 0.000000
 0.000000 0.000000 0.474956 0.488488 0.000000 0.000004 0.000000 0.000000 0.000000 0.000000 0.000000 0.000000 0.000000 0.000000 0.000000 0.000000 0.036552 0.000000 0.000000 0.000000
 0.000000 0.000000 0.000000 0.000000 0.000000 0.000000 0.000000 0.000000 0.000000 0.183169 0.000000 0.000000 0.000000 0.000000 0.000000 0.000000 0.000000 0.408106 0.408725 0.000000
 0.000000 0.000000 0.000000 0.000000 0.000000 0.000000 0.411120 0.000000 0.184242 0.000000 0.000000 0.000000 0.000000 0.000000 0.000000 0.000000 0.000000 0.404638 0.000000 0.000000
 0.000000 0.000000 0.000000 0.000000 0.474791 0.000000 0.000000 0.000000 0.000000 0.000000 0.000000 0.004413 0.000000 0.472394 0.048401 0.000000 0.000000 0.000000 0.000000 0.000000
 0.000000 0.000000 0.000000 0.000000 0.000000 0.000000 0.000000 0.000000 0.000000 0.000000 0.004602 0.000000 0.000000 0.494971 0.005362 0.495065 0.000000 0.000000 0.000000 0.000000
 0.000000 0.000000 0.000000 0.000000 0.474575 0.000000 0.000000 0.000000 0.000000 0.000000 0.000000 0.000000 0.000000 0.051463 0.000000 0.000000 0.000000 0.000000 0.000000 0.473962
 0.000000 0.000000 0.048157 0.000000 0.000000 0.000000 0.000000 0.000000 0.000000 0.000000 0.450284 0.452482 0.049077 0.000000 0.000000 0.000000 0.000000 0.000000 0.000000 0.000000
 0.000000 0.000000 0.000000 0.000000 0.000000 0.000000 0.473225 0.000000 0.000000 0.000000 0.048272 0.005129 0.000000 0.000000 0.000000 0.473374 0.000000 0.000000 0.000000 0.000000
 0.000000 0.000000 0.000000 0.000000 0.000000 0.000000 0.000001 0.000000 0.000000 0.000000 0.000000 0.421482 0.000000 0.000000 0.421352 0.000000 0.000000 0.157165 0.000000 0.000000
 0.000000 0.482048 0.481884 0.000000 0.000000 0.000000 0.000000 0.036069 0.000000 0.000000 0.000000 0.000000 0.000000 0.000000 0.000000 0.000000 0.000000 0.000000 0.000000 0.000000
 0.000000 0.000000 0.000000 0.000000 0.000000 0.000000 0.095804 0.000000 0.383267 0.377797 0.000000 0.000000 0.000000 0.000000 0.000000 0.143132 0.000000 0.000000 0.000000 0.000000
 0.000000 0.500000 0.000000 0.000000 0.000000 0.000000 0.000000 0.000000 0.500000 0.000000 0.000000 0.000000 0.000000 0.000000 0.000000 0.000000 0.000000 0.000000 0.000000 0.000000
 0.458624 0.000000 0.083344 0.000000 0.000000 0.000000 0.000000 0.000000 0.000000 0.000000 0.000000 0.000000 0.458032 0.000000 0.000000 0.000000 0.000000 0.000000 0.000000 0.000000
the mean of prob-rank is 1.5789473684210527
the number of false negetive edges is 0
the number of probability greater than 0 is 3.1/edge
