20
 0.000000 0.300439 0.000000 0.000000 0.000000 0.355390 0.000000 0.000000 0.344172 0.000000 0.000000 0.000000 0.000000 0.000000 0.000000 0.000000 0.000000 0.000000 0.000000 0.000000
 0.306529 0.000000 0.000000 0.000000 0.000000 0.000000 0.000000 0.000000 0.330876 0.000000 0.000000 0.000000 0.000000 0.000000 0.000000 0.000000 0.000000 0.362595 0.000000 0.000000
 0.000000 0.000000 0.000000 0.000000 0.013473 0.000000 0.000000 0.000000 0.000128 0.000649 0.260326 0.000000 0.000000 0.000000 0.356046 0.000000 0.369378 0.000000 0.000000 0.000001
 0.000000 0.000000 0.000000 0.000000 0.000000 0.000000 0.332973 0.273443 0.000000 0.000000 0.000000 0.000000 0.000000 0.123257 0.000000 0.267942 0.000000 0.000000 0.000000 0.002386
 0.000000 0.000000 0.017911 0.000000 0.000000 0.000000 0.000000 0.000000 0.000000 0.491027 0.491062 0.000000 0.000000 0.000000 0.000000 0.000000 0.000000 0.000000 0.000000 0.000000
 0.364888 0.000000 0.000000 0.000000 0.000000 0.000000 0.000000 0.000000 0.282460 0.000000 0.352653 0.000000 0.000000 0.000000 0.000000 0.000000 0.000000 0.000000 0.000000 0.000000
 0.000000 0.000000 0.000000 0.497042 0.000000 0.000000 0.000000 0.000000 0.000000 0.000000 0.000000 0.497410 0.000000 0.005548 0.000000 0.000000 0.000000 0.000000 0.000000 0.000000
 0.000000 0.000000 0.000000 0.243046 0.000000 0.000000 0.000000 0.000000 0.000000 0.000000 0.000000 0.000000 0.000000 0.295309 0.000000 0.262000 0.000000 0.000000 0.000000 0.199645
 0.270738 0.255107 0.000097 0.000000 0.000000 0.216410 0.000000 0.000000 0.000000 0.000000 0.007818 0.000000 0.000000 0.000000 0.000000 0.000001 0.249829 0.000000 0.000000 0.000000
 0.000000 0.000000 0.000873 0.000000 0.497023 0.000000 0.000000 0.000000 0.000000 0.000000 0.005056 0.000000 0.000000 0.000000 0.497048 0.000000 0.000000 0.000000 0.000000 0.000000
 0.000000 0.000000 0.260120 0.000000 0.369090 0.356713 0.000000 0.000000 0.010322 0.003755 0.000000 0.000000 0.000000 0.000000 0.000000 0.000000 0.000000 0.000000 0.000000 0.000000
 0.000000 0.000000 0.000000 0.000000 0.000000 0.000000 0.500000 0.000000 0.000000 0.000000 0.000000 0.000000 0.500000 0.000000 0.000000 0.000000 0.000000 0.000000 0.000000 0.000000
 0.000000 0.000000 0.000000 0.000000 0.000000 0.000000 0.000000 0.000000 0.000000 0.000000 0.000000 0.500000 0.000000 0.000000 0.000000 0.000000 0.000000 0.000000 0.500000 0.000000
 0.000000 0.000000 0.000000 0.112962 0.000000 0.000000 0.003406 0.304492 0.000000 0.000000 0.000000 0.000000 0.000000 0.000000 0.224681 0.063802 0.000000 0.000000 0.000000 0.290657
 0.000000 0.000000 0.325493 0.000000 0.000000 0.000000 0.000000 0.000000 0.000000 0.337677 0.000000 0.000000 0.000000 0.248443 0.000000 0.000000 0.000000 0.000000 0.000000 0.088386
 0.000000 0.000000 0.000000 0.255538 0.000000 0.000000 0.000000 0.281122 0.000001 0.000000 0.000000 0.000000 0.000000 0.066394 0.000000 0.000000 0.079155 0.000000 0.000000 0.317790
 0.000000 0.000000 0.325945 0.000000 0.000000 0.000000 0.000000 0.000000 0.291280 0.000000 0.000000 0.000000 0.000000 0.000000 0.000000 0.081186 0.000000 0.000000 0.000000 0.301590
 0.000000 0.500000 0.000000 0.000000 0.000000 0.000000 0.000000 0.000000 0.000000 0.000000 0.000000 0.000000 0.000000 0.000000 0.000000 0.000000 0.000000 0.000000 0.500000 0.000000
 0.000000 0.000000 0.000000 0.000000 0.000000 0.000000 0.000000 0.000000 0.000000 0.000000 0.000000 0.000000 0.500000 0.000000 0.000000 0.000000 0.000000 0.500000 0.000000 0.000000
 0.000000 0.000000 0.000001 0.001874 0.000000 0.000000 0.000000 0.176459 0.000000 0.000000 0.000000 0.000000 0.000000 0.249153 0.068519 0.261777 0.242218 0.000000 0.000000 0.000000
the mean of prob-rank is 1.5789473684210527
the number of false negetive edges is 0
the number of probability greater than 0 is 3.95/edge
