20
 0.000000 0.500000 0.000000 0.000000 0.000000 0.000000 0.000000 0.500000 0.000000 0.000000 0.000000 0.000000 0.000000 0.000000 0.000000 0.000000 0.000000 0.000000 0.000000 0.000000
 0.499406 0.000000 0.000000 0.000000 0.000000 0.000000 0.000000 0.000000 0.000000 0.000000 0.499402 0.000000 0.000000 0.000000 0.000000 0.000000 0.000000 0.000000 0.000000 0.001192
 0.000000 0.000000 0.000000 0.288402 0.000000 0.000000 0.000000 0.000000 0.000000 0.354210 0.000000 0.000000 0.000000 0.000000 0.357388 0.000000 0.000000 0.000000 0.000000 0.000000
 0.000000 0.000000 0.289569 0.000000 0.000000 0.000000 0.351598 0.000000 0.000000 0.358833 0.000000 0.000000 0.000000 0.000000 0.000000 0.000000 0.000000 0.000000 0.000000 0.000000
 0.000000 0.000000 0.000000 0.000000 0.000000 0.004466 0.000000 0.000000 0.000000 0.000000 0.000000 0.388459 0.000000 0.000000 0.000000 0.228641 0.000000 0.000000 0.000000 0.378434
 0.000000 0.000000 0.000000 0.000000 0.003608 0.000000 0.000000 0.000000 0.000000 0.000000 0.000000 0.000001 0.313698 0.192705 0.000000 0.220779 0.000000 0.000077 0.000000 0.269132
 0.000000 0.000000 0.000000 0.392516 0.000000 0.000000 0.000000 0.000000 0.400587 0.206893 0.000000 0.000000 0.000003 0.000000 0.000000 0.000000 0.000000 0.000001 0.000000 0.000000
 0.500000 0.000000 0.000000 0.000000 0.000000 0.000000 0.000000 0.000000 0.000000 0.000000 0.000000 0.000000 0.000000 0.000000 0.500000 0.000000 0.000000 0.000000 0.000000 0.000000
 0.000000 0.000000 0.000000 0.000000 0.000000 0.000000 0.499817 0.000000 0.000000 0.000000 0.000000 0.000000 0.000000 0.000000 0.000000 0.000359 0.000000 0.000000 0.499825 0.000000
 0.000000 0.000000 0.395246 0.398791 0.000000 0.000000 0.205962 0.000000 0.000000 0.000000 0.000000 0.000000 0.000000 0.000000 0.000000 0.000000 0.000000 0.000001 0.000000 0.000000
 0.000000 0.499998 0.000000 0.000000 0.000000 0.000000 0.000000 0.000000 0.000000 0.000000 0.000000 0.000000 0.000000 0.000000 0.000000 0.000000 0.000000 0.500002 0.000000 0.000000
 0.000000 0.000000 0.000000 0.000000 0.364299 0.000001 0.000000 0.000000 0.000000 0.000000 0.000000 0.000000 0.000000 0.000000 0.000000 0.287164 0.346915 0.000000 0.000000 0.001621
 0.000000 0.000000 0.000000 0.000000 0.000000 0.495486 0.000004 0.000000 0.000000 0.000000 0.000000 0.000000 0.000000 0.006225 0.000000 0.493139 0.000000 0.005146 0.000000 0.000000
 0.000000 0.000000 0.000000 0.000000 0.000000 0.234418 0.000000 0.000000 0.000000 0.000000 0.000000 0.000000 0.004794 0.000000 0.000000 0.000000 0.000000 0.379220 0.000000 0.381567
 0.000000 0.000000 0.500000 0.000000 0.000000 0.000000 0.000000 0.500000 0.000000 0.000000 0.000000 0.000000 0.000000 0.000000 0.000000 0.000000 0.000000 0.000000 0.000000 0.000000
 0.000000 0.000000 0.000000 0.000000 0.147985 0.176868 0.000000 0.000000 0.000181 0.000000 0.000000 0.198189 0.250115 0.000000 0.000000 0.000000 0.225343 0.000000 0.000001 0.001318
 0.000000 0.000000 0.000000 0.000000 0.000000 0.000000 0.000000 0.000000 0.000000 0.000000 0.000000 0.334279 0.000000 0.000000 0.000000 0.314615 0.000000 0.000000 0.351106 0.000000
 0.000000 0.000000 0.000000 0.000000 0.000000 0.000122 0.000001 0.000000 0.000000 0.000001 0.496941 0.000000 0.005158 0.493492 0.000000 0.000000 0.000000 0.000000 0.000000 0.004285
 0.000000 0.000000 0.000000 0.000000 0.000000 0.000000 0.000000 0.000000 0.500001 0.000000 0.000000 0.000000 0.000000 0.000000 0.000000 0.000003 0.499996 0.000000 0.000000 0.000000
 0.000000 0.000837 0.000000 0.000000 0.341599 0.300691 0.000000 0.000000 0.000000 0.000000 0.000000 0.001560 0.000000 0.350449 0.000000 0.001838 0.000000 0.003024 0.000000 0.000000
the mean of prob-rank is 1.7894736842105263
the number of false negetive edges is 0
the number of probability greater than 0 is 3.85/edge
