20
 0.000000 0.000000 0.000000 0.000000 0.000000 0.500000 0.000000 0.500000 0.000000 0.000000 0.000000 0.000000 0.000000 0.000000 0.000000 0.000000 0.000000 0.000000 0.000000 0.000000
 0.000000 0.000000 0.000000 0.000000 0.000000 0.000000 0.000000 0.000000 0.000000 0.000000 0.000000 0.000000 0.469520 0.000000 0.469305 0.000000 0.000000 0.008663 0.052511 0.000000
 0.000000 0.000000 0.000000 0.000000 0.000000 0.000000 0.000000 0.000000 0.493569 0.000000 0.000000 0.000000 0.000000 0.000000 0.000000 0.000000 0.011458 0.000000 0.000000 0.494973
 0.000000 0.000000 0.000000 0.000000 0.500000 0.500000 0.000000 0.000000 0.000000 0.000000 0.000000 0.000000 0.000000 0.000000 0.000000 0.000000 0.000000 0.000000 0.000000 0.000000
 0.000000 0.000000 0.000000 0.500001 0.000000 0.000000 0.000000 0.000000 0.000000 0.000000 0.000000 0.000000 0.000000 0.000000 0.000000 0.000000 0.000000 0.499999 0.000000 0.000000
 0.500000 0.000000 0.000000 0.500000 0.000000 0.000000 0.000000 0.000000 0.000000 0.000000 0.000000 0.000000 0.000000 0.000000 0.000000 0.000000 0.000000 0.000000 0.000000 0.000000
 0.000000 0.000000 0.000000 0.000000 0.000000 0.000000 0.000000 0.000000 0.000000 0.224377 0.000000 0.000000 0.000000 0.387863 0.000000 0.387760 0.000000 0.000000 0.000000 0.000000
 0.500000 0.000000 0.000000 0.000000 0.000000 0.000000 0.000000 0.000000 0.000000 0.000000 0.000000 0.500000 0.000000 0.000000 0.000000 0.000000 0.000000 0.000000 0.000000 0.000000
 0.000000 0.000000 0.487735 0.000000 0.000000 0.000000 0.000000 0.000000 0.000000 0.000000 0.000000 0.000000 0.000000 0.000000 0.000000 0.023142 0.489123 0.000000 0.000000 0.000000
 0.000000 0.000000 0.000000 0.000000 0.000000 0.000000 0.194253 0.000000 0.000000 0.000000 0.335728 0.000000 0.000000 0.334849 0.006978 0.000000 0.000000 0.000000 0.085765 0.042429
 0.000000 0.000000 0.000000 0.000000 0.000000 0.000000 0.000000 0.000000 0.000000 0.470532 0.000000 0.470618 0.000000 0.046881 0.011969 0.000000 0.000000 0.000000 0.000000 0.000000
 0.000000 0.000000 0.000000 0.000000 0.000000 0.000000 0.000000 0.500000 0.000000 0.000000 0.500000 0.000000 0.000000 0.000000 0.000000 0.000000 0.000000 0.000000 0.000000 0.000000
 0.000000 0.474371 0.000000 0.000000 0.000000 0.000000 0.000000 0.000000 0.000000 0.000000 0.000000 0.000000 0.000000 0.000000 0.000000 0.000000 0.000000 0.000000 0.474447 0.051182
 0.000000 0.000000 0.000000 0.000000 0.000000 0.000000 0.430140 0.000000 0.000000 0.428935 0.042848 0.000000 0.000000 0.000000 0.000000 0.098077 0.000000 0.000000 0.000000 0.000000
 0.000000 0.488511 0.000000 0.000000 0.000000 0.000000 0.000000 0.000000 0.000000 0.010158 0.012432 0.000000 0.000000 0.000000 0.000000 0.000000 0.000000 0.488786 0.000113 0.000000
 0.000000 0.000000 0.000000 0.000000 0.000000 0.000000 0.439448 0.000000 0.020797 0.000000 0.000000 0.000000 0.000000 0.100226 0.000000 0.000000 0.439529 0.000000 0.000000 0.000000
 0.000000 0.000000 0.011442 0.000000 0.000000 0.000000 0.000000 0.000000 0.494298 0.000000 0.000000 0.000000 0.000000 0.000000 0.000000 0.494260 0.000000 0.000000 0.000000 0.000000
 0.000000 0.009140 0.000000 0.000000 0.495442 0.000000 0.000000 0.000000 0.000000 0.000000 0.000000 0.000000 0.000000 0.000000 0.495417 0.000000 0.000000 0.000000 0.000000 0.000000
 0.000000 0.047262 0.000000 0.000000 0.000000 0.000000 0.000000 0.000000 0.000000 0.107951 0.000000 0.000000 0.422654 0.000000 0.000098 0.000000 0.000000 0.000000 0.000000 0.422035
 0.000000 0.000000 0.447874 0.000000 0.000000 0.000000 0.000000 0.000000 0.000000 0.056591 0.000000 0.000000 0.048316 0.000000 0.000000 0.000000 0.000000 0.000000 0.447219 0.000000
the mean of prob-rank is 1.9473684210526316
the number of false negetive edges is 0
the number of probability greater than 0 is 3.3/edge
