20
 0.000000 0.000000 0.000000 0.500000 0.000000 0.000000 0.000000 0.000000 0.000000 0.000000 0.000000 0.000000 0.000000 0.000000 0.000000 0.000000 0.000000 0.000000 0.500000 0.000000
 0.000000 0.000000 0.031328 0.000000 0.000000 0.000000 0.000000 0.007253 0.160943 0.000000 0.384180 0.381424 0.000000 0.000000 0.034872 0.000000 0.000000 0.000000 0.000000 0.000000
 0.000000 0.023408 0.000000 0.000000 0.000000 0.273744 0.192579 0.000000 0.000000 0.000000 0.254226 0.003380 0.000000 0.000000 0.000000 0.000082 0.252582 0.000000 0.000000 0.000000
 0.500000 0.000000 0.000000 0.000000 0.000000 0.000000 0.000000 0.000000 0.000000 0.000000 0.000000 0.000000 0.500000 0.000000 0.000000 0.000000 0.000000 0.000000 0.000000 0.000000
 0.000000 0.000000 0.000000 0.000000 0.000000 0.000000 0.499999 0.000000 0.000000 0.500001 0.000000 0.000000 0.000000 0.000000 0.000000 0.000000 0.000000 0.000000 0.000000 0.000000
 0.000000 0.000000 0.285180 0.000000 0.000000 0.000000 0.000000 0.000000 0.179074 0.000000 0.000000 0.229393 0.000000 0.299049 0.007304 0.000000 0.000000 0.000000 0.000000 0.000000
 0.000000 0.000000 0.255718 0.000000 0.381169 0.000000 0.000000 0.000000 0.000000 0.000000 0.000000 0.000000 0.000000 0.000000 0.000000 0.000000 0.363113 0.000000 0.000000 0.000000
 0.000000 0.007009 0.000000 0.000000 0.000000 0.000000 0.000000 0.000000 0.000000 0.000000 0.256838 0.000000 0.000000 0.000000 0.000009 0.000000 0.364886 0.000000 0.000000 0.371257
 0.000000 0.116158 0.000000 0.000000 0.000000 0.166037 0.000000 0.000000 0.000000 0.000000 0.179265 0.264868 0.000000 0.000000 0.273672 0.000000 0.000000 0.000000 0.000000 0.000000
 0.000000 0.000000 0.000000 0.000000 0.500000 0.000000 0.000000 0.000000 0.000000 0.000000 0.000000 0.000000 0.000000 0.000000 0.000000 0.000000 0.000000 0.000000 0.500000 0.000000
 0.000000 0.252273 0.223425 0.000000 0.000000 0.000000 0.000000 0.174518 0.163101 0.000000 0.000000 0.070442 0.000000 0.000000 0.099491 0.000000 0.016630 0.000000 0.000000 0.000120
 0.000000 0.329963 0.003913 0.000000 0.000000 0.254941 0.000000 0.000000 0.317477 0.000000 0.092801 0.000000 0.000000 0.000000 0.000905 0.000000 0.000000 0.000000 0.000000 0.000000
 0.000000 0.000000 0.000000 0.500000 0.000000 0.000000 0.000000 0.000000 0.000000 0.000000 0.000000 0.000000 0.000000 0.000000 0.000000 0.000000 0.000000 0.500000 0.000000 0.000000
 0.000000 0.000000 0.000000 0.000000 0.000000 0.500000 0.000000 0.000000 0.000000 0.000000 0.000000 0.000000 0.000000 0.000000 0.000000 0.500000 0.000000 0.000000 0.000000 0.000000
 0.000000 0.036341 0.000000 0.000000 0.000000 0.009779 0.000000 0.000010 0.395165 0.000000 0.157896 0.001090 0.000000 0.000000 0.000000 0.000000 0.000000 0.000000 0.000000 0.399718
 0.000000 0.000000 0.000142 0.000000 0.000000 0.000000 0.000000 0.000000 0.000000 0.000000 0.000000 0.000000 0.000000 0.499928 0.000000 0.000000 0.000000 0.499929 0.000000 0.000000
 0.000000 0.000000 0.305392 0.000000 0.000000 0.000000 0.330631 0.341098 0.000000 0.000000 0.022879 0.000000 0.000000 0.000000 0.000000 0.000000 0.000000 0.000000 0.000000 0.000000
 0.000000 0.000000 0.000000 0.000000 0.000000 0.000000 0.000000 0.000000 0.000000 0.000000 0.000000 0.000000 0.500000 0.000000 0.000000 0.500000 0.000000 0.000000 0.000000 0.000000
 0.500000 0.000000 0.000000 0.000000 0.000000 0.000000 0.000000 0.000000 0.000000 0.500000 0.000000 0.000000 0.000000 0.000000 0.000000 0.000000 0.000000 0.000000 0.000000 0.000000
 0.000000 0.000000 0.000000 0.000000 0.000000 0.000000 0.000000 0.500276 0.000000 0.000000 0.000238 0.000000 0.000000 0.000000 0.499486 0.000000 0.000000 0.000000 0.000000 0.000000
the mean of prob-rank is 1.4736842105263157
the number of false negetive edges is 0
the number of probability greater than 0 is 3.9/edge
