20
 0.000000 0.000000 0.500000 0.000000 0.000000 0.000000 0.000000 0.500000 0.000000 0.000000 0.000000 0.000000 0.000000 0.000000 0.000000 0.000000 0.000000 0.000000 0.000000 0.000000
 0.000000 0.000000 0.000000 0.461995 0.000000 0.000000 0.001431 0.000000 0.000000 0.000000 0.000000 0.000000 0.000000 0.461854 0.000000 0.000000 0.000000 0.000000 0.074720 0.000000
 0.500000 0.000000 0.000000 0.000000 0.000000 0.000000 0.000000 0.000000 0.000000 0.500000 0.000000 0.000000 0.000000 0.000000 0.000000 0.000000 0.000000 0.000000 0.000000 0.000000
 0.000000 0.500000 0.000000 0.000000 0.000000 0.000000 0.000000 0.000000 0.000000 0.000000 0.000000 0.000000 0.000000 0.000000 0.000000 0.000000 0.000000 0.500000 0.000000 0.000000
 0.000000 0.000000 0.000000 0.000000 0.000000 0.000000 0.000000 0.009374 0.000000 0.000000 0.000000 0.000000 0.000000 0.495328 0.000000 0.000000 0.000000 0.000000 0.495298 0.000000
 0.000000 0.000000 0.000000 0.000000 0.000000 0.000000 0.000000 0.000000 0.000000 0.000000 0.000000 0.494740 0.495088 0.000000 0.010171 0.000000 0.000000 0.000000 0.000000 0.000000
 0.000000 0.001546 0.000000 0.000000 0.000000 0.000000 0.000000 0.000000 0.499245 0.000000 0.000000 0.000000 0.000000 0.000000 0.000000 0.000000 0.000000 0.499208 0.000000 0.000000
 0.495335 0.000000 0.000000 0.000000 0.009374 0.000000 0.000000 0.000000 0.000000 0.000000 0.000000 0.000000 0.000000 0.000000 0.000000 0.000000 0.000000 0.000000 0.000000 0.495292
 0.000000 0.000000 0.000000 0.000000 0.000000 0.000000 0.500001 0.000000 0.000000 0.000000 0.499999 0.000000 0.000000 0.000000 0.000000 0.000000 0.000000 0.000000 0.000000 0.000000
 0.000000 0.000000 0.500000 0.000000 0.000000 0.000000 0.000000 0.000000 0.000000 0.000000 0.000000 0.500000 0.000000 0.000000 0.000000 0.000000 0.000000 0.000000 0.000000 0.000000
 0.000000 0.000000 0.000000 0.000000 0.000000 0.000000 0.000000 0.000000 0.499999 0.000000 0.000000 0.000000 0.000000 0.000000 0.000000 0.000000 0.000000 0.000000 0.000000 0.500001
 0.000000 0.000000 0.000000 0.000000 0.000000 0.491603 0.000000 0.000000 0.000000 0.491949 0.000000 0.000000 0.000000 0.000000 0.011812 0.000000 0.000000 0.000000 0.004636 0.000000
 0.000000 0.000000 0.000000 0.000000 0.000000 0.500001 0.000000 0.000000 0.000000 0.000000 0.000000 0.000000 0.000000 0.000000 0.000000 0.499999 0.000000 0.000000 0.000000 0.000000
 0.000000 0.497886 0.000000 0.000000 0.498007 0.000000 0.000000 0.000000 0.000000 0.000000 0.000000 0.000000 0.000000 0.000000 0.000000 0.000000 0.000000 0.000000 0.000007 0.004101
 0.000000 0.000000 0.000000 0.000000 0.000000 0.010049 0.000000 0.000000 0.000000 0.000000 0.000000 0.011744 0.000000 0.000000 0.000000 0.000000 0.489102 0.000000 0.489105 0.000000
 0.000000 0.000000 0.000000 0.000000 0.000000 0.000000 0.000000 0.000000 0.000000 0.000000 0.000000 0.000000 0.500000 0.000000 0.000000 0.000000 0.500000 0.000000 0.000000 0.000000
 0.000000 0.000000 0.000000 0.000000 0.000000 0.000000 0.000000 0.000000 0.000000 0.000000 0.000000 0.000000 0.000000 0.000000 0.499791 0.499814 0.000000 0.000395 0.000000 0.000000
 0.000000 0.000000 0.000000 0.499821 0.000000 0.000000 0.499784 0.000000 0.000000 0.000000 0.000000 0.000000 0.000000 0.000000 0.000000 0.000000 0.000395 0.000000 0.000000 0.000000
 0.000000 0.074497 0.000000 0.000000 0.460560 0.000000 0.000000 0.000000 0.000000 0.000000 0.000000 0.004341 0.000000 0.000007 0.460596 0.000000 0.000000 0.000000 0.000000 0.000000
 0.000000 0.000000 0.000000 0.000000 0.000000 0.000000 0.000000 0.497929 0.000000 0.000000 0.497971 0.000000 0.000000 0.004100 0.000000 0.000000 0.000000 0.000000 0.000000 0.000000
the mean of prob-rank is 1.5263157894736843
the number of false negetive edges is 0
the number of probability greater than 0 is 2.9/edge
