20
 0.000000 0.000000 0.000000 0.230650 0.000000 0.000000 0.000000 0.391768 0.377581 0.000000 0.000000 0.000000 0.000000 0.000000 0.000000 0.000000 0.000000 0.000000 0.000000 0.000000
 0.000000 0.000000 0.253819 0.000000 0.000194 0.021814 0.000000 0.000000 0.004647 0.000000 0.059475 0.000000 0.308890 0.000000 0.036227 0.000000 0.000000 0.000000 0.314935 0.000000
 0.000000 0.229558 0.000000 0.000000 0.000010 0.070394 0.000000 0.271447 0.271886 0.000000 0.000000 0.000000 0.156704 0.000000 0.000000 0.000000 0.000000 0.000000 0.000000 0.000000
 0.232323 0.000000 0.000000 0.000000 0.000000 0.000000 0.000000 0.369865 0.000000 0.000000 0.000000 0.000000 0.000000 0.000000 0.000000 0.000000 0.397813 0.000000 0.000000 0.000000
 0.000000 0.000202 0.000012 0.000000 0.000000 0.330937 0.150600 0.000000 0.000000 0.000000 0.329320 0.000000 0.038623 0.000000 0.000000 0.150306 0.000000 0.000000 0.000000 0.000000
 0.000000 0.029646 0.105781 0.000000 0.430427 0.000000 0.000000 0.000000 0.001835 0.000000 0.000000 0.000000 0.432310 0.000000 0.000000 0.000000 0.000000 0.000000 0.000000 0.000000
 0.000000 0.000000 0.000000 0.000000 0.185061 0.000000 0.000000 0.000000 0.000000 0.000000 0.000000 0.000000 0.000000 0.000000 0.000000 0.406496 0.000000 0.000000 0.000000 0.408443
 0.346200 0.000000 0.329310 0.324491 0.000000 0.000000 0.000000 0.000000 0.000000 0.000000 0.000000 0.000000 0.000000 0.000000 0.000000 0.000000 0.000000 0.000000 0.000000 0.000000
 0.326122 0.004983 0.322388 0.000000 0.000000 0.001448 0.000000 0.000000 0.000000 0.000000 0.000000 0.000000 0.004132 0.000000 0.340926 0.000000 0.000000 0.000000 0.000000 0.000000
 0.000000 0.000000 0.000000 0.000000 0.000000 0.000000 0.000000 0.000000 0.000000 0.000000 0.000000 0.000000 0.000000 0.190923 0.000000 0.000000 0.404483 0.404594 0.000000 0.000000
 0.000000 0.083555 0.000000 0.000000 0.442766 0.000000 0.000000 0.000000 0.000000 0.000000 0.000000 0.000000 0.000000 0.000000 0.000000 0.446886 0.000000 0.000000 0.026792 0.000000
 0.000000 0.000000 0.000000 0.000000 0.000000 0.000000 0.000000 0.000000 0.000000 0.000000 0.000000 0.000000 0.000000 0.499999 0.000000 0.000000 0.000000 0.000001 0.000000 0.499999
 0.000000 0.367261 0.206007 0.000000 0.043947 0.378204 0.000000 0.000000 0.004581 0.000000 0.000000 0.000000 0.000000 0.000000 0.000000 0.000000 0.000000 0.000000 0.000000 0.000000
 0.000000 0.000000 0.000000 0.000000 0.000000 0.000000 0.000000 0.000000 0.000000 0.189108 0.000000 0.400747 0.000000 0.000000 0.000000 0.000000 0.012294 0.397852 0.000000 0.000000
 0.000000 0.053892 0.000000 0.000000 0.000000 0.000000 0.000000 0.000000 0.472914 0.000000 0.000000 0.000000 0.000000 0.000000 0.000000 0.000000 0.000000 0.000000 0.473195 0.000000
 0.000000 0.000000 0.000000 0.000000 0.184766 0.000000 0.406643 0.000000 0.000000 0.000000 0.408590 0.000000 0.000000 0.000000 0.000000 0.000000 0.000000 0.000000 0.000000 0.000000
 0.000000 0.000000 0.000000 0.437651 0.000000 0.000000 0.000000 0.000000 0.000000 0.437536 0.000000 0.000000 0.000000 0.013426 0.000000 0.000000 0.000000 0.111387 0.000000 0.000000
 0.000000 0.000000 0.000000 0.000000 0.000000 0.000000 0.000000 0.000000 0.000000 0.444981 0.000000 0.000001 0.000000 0.441766 0.000000 0.000000 0.113251 0.000000 0.000000 0.000000
 0.000000 0.482955 0.000000 0.000000 0.000000 0.000000 0.000000 0.000000 0.000000 0.000000 0.029245 0.000000 0.000000 0.000000 0.487800 0.000000 0.000000 0.000000 0.000000 0.000000
 0.000000 0.000000 0.000000 0.000000 0.000000 0.000000 0.500000 0.000000 0.000000 0.000000 0.000000 0.500000 0.000000 0.000000 0.000000 0.000000 0.000000 0.000000 0.000000 0.000000
the mean of prob-rank is 1.631578947368421
the number of false negetive edges is 0
the number of probability greater than 0 is 4.1/edge
