20
 0.000000 0.000218 0.267544 0.000000 0.006991 0.007476 0.230529 0.000000 0.259627 0.000000 0.000000 0.000000 0.200522 0.000000 0.000000 0.000000 0.000000 0.000000 0.027093 0.000000
 0.000255 0.000000 0.000000 0.000000 0.003960 0.000000 0.000000 0.000001 0.000000 0.245734 0.000000 0.000005 0.000000 0.056882 0.000000 0.000000 0.098109 0.000000 0.312963 0.282090
 0.372332 0.000000 0.000000 0.000000 0.000000 0.000000 0.372200 0.000000 0.000000 0.000000 0.000000 0.000000 0.000000 0.000000 0.000000 0.000000 0.000000 0.000000 0.255468 0.000000
 0.000000 0.000000 0.000000 0.000000 0.100585 0.285475 0.000000 0.000000 0.000207 0.000000 0.297038 0.000000 0.227972 0.008624 0.000000 0.080099 0.000000 0.000000 0.000000 0.000000
 0.007307 0.003538 0.000000 0.094434 0.000000 0.000000 0.000000 0.000000 0.267657 0.000000 0.000000 0.000000 0.268823 0.142805 0.000000 0.000000 0.000000 0.000000 0.000000 0.215435
 0.011669 0.000000 0.000000 0.400250 0.000000 0.000000 0.417507 0.000000 0.000003 0.000000 0.098009 0.000000 0.072055 0.000000 0.000000 0.000000 0.000000 0.000507 0.000000 0.000000
 0.301164 0.000000 0.349397 0.000000 0.000000 0.349440 0.000000 0.000000 0.000000 0.000000 0.000000 0.000000 0.000000 0.000000 0.000000 0.000000 0.000000 0.000000 0.000000 0.000000
 0.000000 0.000002 0.000000 0.000000 0.000000 0.000000 0.000000 0.000000 0.000000 0.000000 0.000000 0.470820 0.000000 0.006704 0.051211 0.000000 0.471262 0.000000 0.000000 0.000000
 0.340206 0.000000 0.000000 0.000244 0.335559 0.000003 0.000000 0.000000 0.000000 0.000000 0.000000 0.000000 0.323941 0.000000 0.000000 0.000000 0.000000 0.000000 0.000000 0.000048
 0.000000 0.285247 0.000000 0.000000 0.000000 0.000000 0.000000 0.000000 0.000000 0.000000 0.000000 0.358758 0.000000 0.000000 0.000000 0.000000 0.003288 0.000000 0.352707 0.000000
 0.000000 0.000000 0.000000 0.436531 0.000000 0.102731 0.000000 0.000000 0.000000 0.000000 0.000000 0.000000 0.000000 0.000000 0.000000 0.023394 0.000000 0.437344 0.000000 0.000000
 0.000000 0.000006 0.000000 0.000000 0.000000 0.000000 0.000000 0.386500 0.000000 0.381671 0.000000 0.000000 0.000000 0.000000 0.146398 0.000000 0.085425 0.000000 0.000000 0.000000
 0.209779 0.000000 0.000000 0.214228 0.269071 0.048294 0.000000 0.000000 0.258628 0.000000 0.000000 0.000000 0.000000 0.000000 0.000000 0.000000 0.000000 0.000000 0.000000 0.000000
 0.000000 0.058571 0.000000 0.009331 0.164579 0.000000 0.000000 0.004589 0.000000 0.000000 0.000000 0.000000 0.000000 0.000000 0.057060 0.089632 0.297366 0.000000 0.000000 0.318871
 0.000000 0.000000 0.000000 0.000000 0.000000 0.000000 0.000000 0.038059 0.000000 0.000000 0.000000 0.132537 0.000000 0.061954 0.000000 0.349220 0.108084 0.310145 0.000000 0.000000
 0.000000 0.000000 0.000000 0.105718 0.000000 0.000000 0.000000 0.000000 0.000000 0.000000 0.021010 0.000000 0.000000 0.109335 0.392333 0.000000 0.000926 0.370678 0.000000 0.000000
 0.000000 0.099424 0.000000 0.000000 0.000000 0.000000 0.000000 0.317465 0.000000 0.002870 0.000000 0.070101 0.000000 0.292661 0.097971 0.000747 0.000000 0.000000 0.000000 0.118760
 0.000000 0.000000 0.000000 0.000000 0.000000 0.000429 0.000000 0.000000 0.000000 0.000000 0.353098 0.000000 0.000000 0.000000 0.313237 0.333235 0.000000 0.000000 0.000000 0.000000
 0.036716 0.362538 0.248765 0.000000 0.000000 0.000000 0.000000 0.000000 0.000000 0.351981 0.000000 0.000000 0.000000 0.000000 0.000000 0.000000 0.000000 0.000000 0.000000 0.000000
 0.000000 0.296899 0.000000 0.000000 0.253782 0.000000 0.000000 0.000000 0.000045 0.000000 0.000000 0.000000 0.000000 0.325932 0.000000 0.000000 0.123342 0.000000 0.000000 0.000000
the mean of prob-rank is 1.7894736842105263
the number of false negetive edges is 0
the number of probability greater than 0 is 5.7/edge
