20
 0.000000 0.011490 0.000000 0.000000 0.000000 0.000000 0.000000 0.000000 0.000000 0.000000 0.000000 0.000000 0.000000 0.000000 0.000000 0.494245 0.000000 0.000000 0.494265 0.000000
 0.011490 0.000000 0.000000 0.000000 0.000000 0.000000 0.000000 0.000000 0.000000 0.000000 0.000000 0.000000 0.000000 0.000000 0.000000 0.494248 0.000000 0.000000 0.000000 0.494262
 0.000000 0.000000 0.000000 0.000000 0.500000 0.000000 0.000000 0.000000 0.000000 0.000000 0.000000 0.500000 0.000000 0.000000 0.000000 0.000000 0.000000 0.000000 0.000000 0.000000
 0.000000 0.000000 0.000000 0.000000 0.000000 0.000000 0.000000 0.000000 0.000000 0.500026 0.000000 0.000000 0.000000 0.000000 0.499974 0.000000 0.000000 0.000000 0.000000 0.000000
 0.000000 0.000000 0.499981 0.000000 0.000000 0.000000 0.000000 0.499982 0.000000 0.000000 0.000000 0.000037 0.000000 0.000000 0.000000 0.000000 0.000000 0.000000 0.000000 0.000000
 0.000000 0.000000 0.000000 0.000000 0.000000 0.000000 0.500001 0.000000 0.000000 0.000000 0.000000 0.000000 0.000000 0.000000 0.499999 0.000000 0.000000 0.000000 0.000000 0.000000
 0.000000 0.000000 0.000000 0.000000 0.000000 0.499978 0.000000 0.000000 0.000000 0.000000 0.000000 0.000000 0.499959 0.000027 0.000035 0.000000 0.000000 0.000000 0.000000 0.000000
 0.000000 0.000000 0.000000 0.000000 0.500000 0.000000 0.000000 0.000000 0.000000 0.000000 0.000000 0.000000 0.000000 0.000000 0.000000 0.000000 0.000000 0.000000 0.000000 0.500000
 0.000000 0.000000 0.000000 0.000000 0.000000 0.000000 0.000000 0.000000 0.000000 0.000000 0.499333 0.000000 0.000000 0.000001 0.000000 0.000000 0.499283 0.000000 0.001383 0.000000
 0.000000 0.000000 0.000000 0.500011 0.000000 0.000000 0.000000 0.000000 0.000000 0.000000 0.000000 0.000000 0.000000 0.000000 0.000009 0.000000 0.000000 0.499980 0.000000 0.000000
 0.000000 0.000000 0.000000 0.000000 0.000000 0.000000 0.000000 0.000000 0.486067 0.000000 0.000000 0.000000 0.000000 0.000000 0.000000 0.023877 0.004703 0.000000 0.485353 0.000000
 0.000000 0.000000 0.499982 0.000000 0.000037 0.000000 0.000000 0.000000 0.000000 0.000000 0.000000 0.000000 0.000000 0.000000 0.000000 0.000000 0.000000 0.499982 0.000000 0.000000
 0.000000 0.000000 0.000000 0.000000 0.000000 0.000000 0.499989 0.000000 0.000000 0.000000 0.000000 0.000000 0.000000 0.500006 0.000000 0.000000 0.000005 0.000000 0.000000 0.000000
 0.000000 0.000000 0.000000 0.000000 0.000000 0.000000 0.000027 0.000000 0.000001 0.000000 0.000000 0.000000 0.499987 0.000000 0.000000 0.000000 0.499984 0.000000 0.000000 0.000000
 0.000000 0.000000 0.000000 0.499945 0.000000 0.500011 0.000035 0.000000 0.000000 0.000009 0.000000 0.000000 0.000000 0.000000 0.000000 0.000000 0.000000 0.000000 0.000000 0.000000
 0.486268 0.486274 0.000000 0.000000 0.000000 0.000000 0.000000 0.000000 0.000000 0.000000 0.023888 0.000000 0.000000 0.000000 0.000000 0.000000 0.000000 0.000000 0.003570 0.000000
 0.000000 0.000000 0.000000 0.000000 0.000000 0.000000 0.000000 0.000000 0.497566 0.000000 0.004815 0.000000 0.000005 0.497615 0.000000 0.000000 0.000000 0.000000 0.000000 0.000000
 0.000000 0.000000 0.000000 0.000000 0.000000 0.000000 0.000000 0.000000 0.000000 0.499977 0.000000 0.500023 0.000000 0.000000 0.000000 0.000000 0.000000 0.000000 0.000000 0.000000
 0.497850 0.000000 0.000000 0.000000 0.000000 0.000000 0.000000 0.000000 0.001379 0.000000 0.497116 0.000000 0.000000 0.000000 0.000000 0.003655 0.000000 0.000000 0.000000 0.000000
 0.000000 0.500000 0.000000 0.000000 0.000000 0.000000 0.000000 0.500000 0.000000 0.000000 0.000000 0.000000 0.000000 0.000000 0.000000 0.000000 0.000000 0.000000 0.000000 0.000000
the mean of prob-rank is 1.5263157894736843
the number of false negetive edges is 0
the number of probability greater than 0 is 3.1/edge
