20
 0.000000 0.000000 0.000000 0.346484 0.000000 0.000000 0.000000 0.000000 0.000000 0.000000 0.000000 0.000000 0.000000 0.000000 0.000000 0.000000 0.000001 0.000000 0.299233 0.354282
 0.000000 0.000000 0.000000 0.000000 0.000000 0.293882 0.000000 0.011748 0.000000 0.000000 0.000000 0.000000 0.280975 0.319599 0.093796 0.000000 0.000000 0.000000 0.000000 0.000000
 0.000000 0.000000 0.000000 0.000000 0.000000 0.000000 0.043487 0.109434 0.000000 0.000000 0.000000 0.000007 0.000022 0.424624 0.000000 0.000000 0.422426 0.000000 0.000000 0.000000
 0.353583 0.000000 0.000000 0.000000 0.000000 0.000000 0.013177 0.000003 0.000000 0.000000 0.000000 0.361300 0.000000 0.000000 0.000000 0.000000 0.000662 0.000000 0.000000 0.271276
 0.000000 0.000000 0.000000 0.000000 0.000000 0.000000 0.000000 0.000000 0.000000 0.000000 0.500000 0.000000 0.000000 0.000000 0.000000 0.500000 0.000000 0.000000 0.000000 0.000000
 0.000000 0.248114 0.000000 0.000000 0.000000 0.000000 0.000000 0.256742 0.000000 0.000004 0.000000 0.000000 0.218292 0.000000 0.255338 0.000000 0.021509 0.000000 0.000000 0.000000
 0.000000 0.000000 0.047919 0.017053 0.000000 0.000000 0.000000 0.000000 0.000000 0.000000 0.000000 0.467894 0.000000 0.000000 0.000000 0.000000 0.467134 0.000000 0.000000 0.000000
 0.000000 0.010170 0.071772 0.000002 0.000000 0.263248 0.000000 0.000000 0.000000 0.278294 0.000000 0.000000 0.001692 0.000247 0.192541 0.000000 0.182034 0.000000 0.000000 0.000000
 0.000000 0.000000 0.000000 0.000000 0.000000 0.000000 0.000000 0.000000 0.000000 0.000000 0.500000 0.000000 0.000000 0.000000 0.000000 0.000000 0.000000 0.500000 0.000000 0.000000
 0.000000 0.000000 0.000000 0.000000 0.000000 0.000006 0.000000 0.419203 0.000000 0.000000 0.000000 0.000000 0.042796 0.000000 0.118498 0.419496 0.000000 0.000000 0.000000 0.000000
 0.000000 0.000000 0.000000 0.000000 0.500000 0.000000 0.000000 0.000000 0.500000 0.000000 0.000000 0.000000 0.000000 0.000000 0.000000 0.000000 0.000000 0.000000 0.000000 0.000000
 0.000000 0.000000 0.000008 0.495337 0.000000 0.000000 0.495666 0.000000 0.000000 0.000000 0.000000 0.000000 0.000000 0.000000 0.000000 0.000000 0.000000 0.000000 0.000000 0.008989
 0.000000 0.279196 0.000017 0.000000 0.000000 0.256920 0.000000 0.001942 0.000000 0.032612 0.000000 0.000000 0.000000 0.109645 0.319669 0.000000 0.000000 0.000000 0.000000 0.000000
 0.000000 0.425036 0.427838 0.000000 0.000000 0.000000 0.000000 0.000379 0.000000 0.000000 0.000000 0.000000 0.146747 0.000000 0.000000 0.000000 0.000000 0.000000 0.000000 0.000000
 0.000000 0.090955 0.000000 0.000000 0.000000 0.293277 0.000000 0.215683 0.000000 0.088122 0.000000 0.000000 0.311962 0.000000 0.000000 0.000000 0.000000 0.000000 0.000000 0.000000
 0.000000 0.000000 0.000000 0.000000 0.500000 0.000000 0.000000 0.000000 0.000000 0.500000 0.000000 0.000000 0.000000 0.000000 0.000000 0.000000 0.000000 0.000000 0.000000 0.000000
 0.000001 0.000000 0.364688 0.000671 0.000000 0.029031 0.365990 0.239619 0.000000 0.000000 0.000000 0.000000 0.000000 0.000000 0.000000 0.000000 0.000000 0.000000 0.000000 0.000000
 0.000000 0.000000 0.000000 0.000000 0.000000 0.000000 0.000000 0.000000 0.500000 0.000000 0.000000 0.000000 0.000000 0.000000 0.000000 0.000000 0.000000 0.000000 0.500000 0.000000
 0.299677 0.000000 0.000000 0.000000 0.000000 0.000000 0.000000 0.000000 0.000000 0.000000 0.000000 0.000000 0.000000 0.000000 0.000000 0.000000 0.000000 0.354808 0.000000 0.345515
 0.364660 0.000000 0.000000 0.273617 0.000000 0.000000 0.000000 0.000000 0.000000 0.000000 0.000000 0.006613 0.000000 0.000000 0.000000 0.000000 0.000000 0.000000 0.355110 0.000000
the mean of prob-rank is 1.7894736842105263
the number of false negetive edges is 0
the number of probability greater than 0 is 4.35/edge
