20
 0.000000 0.000000 0.000000 0.000000 0.461691 0.000000 0.000000 0.000010 0.000000 0.000000 0.000000 0.000000 0.000000 0.000000 0.461376 0.000000 0.000000 0.076924 0.000000 0.000000
 0.000000 0.000000 0.000000 0.000000 0.000000 0.000000 0.000000 0.000000 0.000000 0.000000 0.498641 0.000000 0.000000 0.000000 0.000000 0.000000 0.000000 0.498364 0.000000 0.002995
 0.000000 0.000000 0.000000 0.000000 0.000000 0.000000 0.000000 0.000000 0.000000 0.000000 0.000000 0.000000 0.263279 0.000000 0.000000 0.000000 0.377785 0.000000 0.358936 0.000000
 0.000000 0.000000 0.000000 0.000000 0.000000 0.000000 0.000000 0.000000 0.476210 0.475874 0.000000 0.020609 0.000000 0.000000 0.000000 0.000000 0.000000 0.000000 0.000000 0.027307
 0.345703 0.000000 0.000000 0.000000 0.000000 0.000000 0.000000 0.000000 0.000000 0.000000 0.000000 0.000000 0.000000 0.000000 0.310816 0.000000 0.000000 0.343481 0.000000 0.000000
 0.000000 0.000000 0.000000 0.000000 0.000000 0.000000 0.000000 0.000000 0.000000 0.000000 0.000000 0.000000 0.000000 0.000000 0.000000 0.500000 0.000000 0.000000 0.500000 0.000000
 0.000000 0.000000 0.000000 0.000000 0.000000 0.000000 0.000000 0.000000 0.000000 0.000000 0.500000 0.000000 0.000000 0.000000 0.000000 0.500000 0.000000 0.000000 0.000000 0.000000
 0.000009 0.000000 0.000000 0.000000 0.000000 0.000000 0.000000 0.000000 0.000000 0.000000 0.000000 0.019994 0.000000 0.047103 0.454372 0.000000 0.000000 0.024727 0.000000 0.453793
 0.000000 0.000000 0.000000 0.500180 0.000000 0.000000 0.000000 0.000000 0.000000 0.000040 0.000000 0.000000 0.499769 0.000000 0.000000 0.000000 0.000011 0.000000 0.000000 0.000000
 0.000000 0.000000 0.000000 0.470732 0.000000 0.000000 0.000000 0.000000 0.000037 0.000000 0.000000 0.058164 0.000000 0.471066 0.000000 0.000000 0.000000 0.000000 0.000000 0.000000
 0.000000 0.500000 0.000000 0.000000 0.000000 0.000000 0.500000 0.000000 0.000000 0.000000 0.000000 0.000000 0.000000 0.000000 0.000000 0.000000 0.000000 0.000000 0.000000 0.000000
 0.000000 0.000000 0.000000 0.019597 0.000000 0.000000 0.000000 0.019881 0.000000 0.055912 0.000000 0.000000 0.000000 0.451778 0.000000 0.000000 0.000000 0.000007 0.000000 0.452825
 0.000000 0.000000 0.254029 0.000000 0.000000 0.000000 0.000000 0.000000 0.364246 0.000000 0.000000 0.000000 0.000000 0.000000 0.000000 0.000000 0.361300 0.000000 0.020425 0.000000
 0.000000 0.000000 0.000000 0.000000 0.000000 0.000000 0.000000 0.049114 0.000000 0.474855 0.000000 0.473757 0.000000 0.000000 0.002274 0.000000 0.000000 0.000000 0.000000 0.000000
 0.344484 0.000000 0.000000 0.000000 0.309931 0.000000 0.000000 0.343934 0.000000 0.000000 0.000000 0.000000 0.000000 0.001651 0.000000 0.000000 0.000000 0.000000 0.000000 0.000000
 0.000000 0.000000 0.000000 0.000000 0.000000 0.500000 0.500000 0.000000 0.000000 0.000000 0.000000 0.000000 0.000000 0.000000 0.000000 0.000000 0.000000 0.000000 0.000000 0.000000
 0.000000 0.000000 0.367538 0.000000 0.000000 0.000000 0.000000 0.000000 0.000008 0.000000 0.000000 0.000000 0.364298 0.000000 0.000000 0.000000 0.000000 0.000000 0.268156 0.000000
 0.075255 0.451425 0.000000 0.000000 0.448773 0.000000 0.000000 0.024525 0.000000 0.000000 0.000000 0.000007 0.000000 0.000000 0.000000 0.000000 0.000000 0.000000 0.000000 0.000016
 0.000000 0.000000 0.347282 0.000000 0.000000 0.365553 0.000000 0.000000 0.000000 0.000000 0.000000 0.000000 0.020482 0.000000 0.000000 0.000000 0.266683 0.000000 0.000000 0.000000
 0.000000 0.002916 0.000000 0.027838 0.000000 0.000000 0.000000 0.483753 0.000000 0.000000 0.000000 0.485475 0.000000 0.000000 0.000000 0.000000 0.000000 0.000017 0.000000 0.000000
the mean of prob-rank is 1.631578947368421
the number of false negetive edges is 0
the number of probability greater than 0 is 3.8/edge
