20
 0.000000 0.000000 0.000000 0.000000 0.000000 0.000000 0.000000 0.000000 0.016520 0.000000 0.000000 0.000000 0.000000 0.000000 0.000000 0.476382 0.000000 0.474278 0.032820 0.000000
 0.000000 0.000000 0.000000 0.000000 0.000000 0.362950 0.000000 0.000000 0.000000 0.000000 0.000000 0.366359 0.000000 0.179939 0.090752 0.000000 0.000000 0.000000 0.000000 0.000000
 0.000000 0.000000 0.000000 0.000000 0.000000 0.000000 0.353320 0.000000 0.000000 0.011796 0.282831 0.000000 0.000000 0.000000 0.352053 0.000000 0.000000 0.000000 0.000000 0.000000
 0.000000 0.000000 0.000000 0.000000 0.000000 0.000000 0.000000 0.000000 0.283608 0.000000 0.000000 0.000000 0.200046 0.000000 0.026504 0.000000 0.000000 0.162230 0.027747 0.299866
 0.000000 0.000000 0.000000 0.000000 0.000000 0.000000 0.000000 0.389759 0.000026 0.000000 0.214522 0.000000 0.000000 0.000000 0.000000 0.000000 0.390071 0.000000 0.005622 0.000000
 0.000000 0.303828 0.000000 0.000000 0.000000 0.000000 0.085716 0.000000 0.000000 0.035452 0.000000 0.000000 0.000000 0.304017 0.270987 0.000000 0.000000 0.000000 0.000000 0.000000
 0.000000 0.000000 0.435045 0.000000 0.000000 0.121993 0.000000 0.000000 0.000000 0.434488 0.000000 0.000000 0.000000 0.008474 0.000000 0.000000 0.000000 0.000000 0.000000 0.000000
 0.000000 0.000000 0.000000 0.000000 0.392884 0.000000 0.000000 0.000000 0.031334 0.000000 0.392265 0.000000 0.000000 0.000000 0.159630 0.000000 0.000000 0.000000 0.023886 0.000000
 0.012400 0.000000 0.000000 0.340525 0.000024 0.000000 0.000000 0.028692 0.000000 0.000000 0.000000 0.000000 0.000000 0.000000 0.000000 0.000008 0.000000 0.254249 0.360040 0.004062
 0.000000 0.000000 0.015519 0.000000 0.000000 0.053909 0.464223 0.000000 0.000000 0.000000 0.000000 0.000000 0.000000 0.466349 0.000000 0.000000 0.000000 0.000000 0.000000 0.000000
 0.000000 0.000000 0.238807 0.000000 0.164606 0.000000 0.000000 0.298596 0.000000 0.000000 0.000000 0.000000 0.000000 0.000000 0.297991 0.000000 0.000000 0.000000 0.000000 0.000000
 0.000000 0.499999 0.000000 0.000000 0.000000 0.000000 0.000000 0.000000 0.000000 0.000000 0.000000 0.000000 0.500001 0.000000 0.000000 0.000000 0.000000 0.000000 0.000000 0.000000
 0.000000 0.000000 0.000000 0.251159 0.000000 0.000000 0.000000 0.000000 0.000000 0.000000 0.000000 0.376483 0.000000 0.000000 0.000000 0.000000 0.000000 0.000000 0.000000 0.372358
 0.000000 0.196314 0.000000 0.000000 0.000000 0.396226 0.007760 0.000000 0.000000 0.399701 0.000000 0.000000 0.000000 0.000000 0.000000 0.000000 0.000000 0.000000 0.000000 0.000000
 0.000000 0.068534 0.274772 0.024454 0.000000 0.244466 0.000000 0.112321 0.000000 0.000000 0.275453 0.000000 0.000000 0.000000 0.000000 0.000000 0.000000 0.000000 0.000000 0.000000
 0.495713 0.000000 0.000000 0.000000 0.000000 0.000000 0.000000 0.000000 0.000011 0.000000 0.000000 0.000000 0.000000 0.000000 0.000000 0.000000 0.499134 0.000000 0.005141 0.000000
 0.000000 0.000000 0.000000 0.000000 0.499996 0.000000 0.000000 0.000000 0.000000 0.000000 0.000000 0.000000 0.000000 0.000000 0.000000 0.499996 0.000000 0.000000 0.000008 0.000000
 0.281225 0.000000 0.000000 0.153874 0.000000 0.000000 0.000000 0.000000 0.200847 0.000000 0.000000 0.000000 0.000000 0.000000 0.000000 0.000000 0.000000 0.000000 0.283934 0.080119
 0.030482 0.000000 0.000000 0.041221 0.006420 0.000000 0.000000 0.027063 0.445487 0.000000 0.000000 0.000000 0.000000 0.000000 0.000000 0.004589 0.000007 0.444730 0.000000 0.000000
 0.000000 0.000000 0.000000 0.438209 0.000000 0.000000 0.000000 0.000000 0.004943 0.000000 0.000000 0.000000 0.433407 0.000000 0.000000 0.000000 0.000000 0.123440 0.000000 0.000000
the mean of prob-rank is 1.5789473684210527
the number of false negetive edges is 0
the number of probability greater than 0 is 4.6/edge
