20
 0.000000 0.402328 0.000000 0.403328 0.069509 0.020946 0.000000 0.000000 0.000000 0.015891 0.000000 0.000000 0.002925 0.000000 0.000000 0.000000 0.000000 0.000000 0.000000 0.085073
 0.355525 0.000000 0.000000 0.000000 0.000000 0.353403 0.000000 0.000000 0.000000 0.164081 0.000000 0.000000 0.052421 0.000000 0.000000 0.069763 0.000000 0.000000 0.000000 0.004807
 0.000000 0.000000 0.000000 0.000000 0.000000 0.000000 0.000000 0.000000 0.000000 0.000000 0.000000 0.000000 0.000000 0.500026 0.499851 0.000000 0.000123 0.000000 0.000000 0.000000
 0.432240 0.000000 0.000000 0.000000 0.000147 0.000000 0.000000 0.000000 0.000511 0.000697 0.000000 0.000000 0.120641 0.000000 0.000000 0.000000 0.012435 0.000000 0.000000 0.433328
 0.078867 0.000000 0.000000 0.000156 0.000000 0.002212 0.459274 0.000001 0.000000 0.000000 0.000007 0.000000 0.000000 0.000000 0.000000 0.000000 0.459407 0.000000 0.000076 0.000000
 0.025298 0.483015 0.000000 0.000000 0.002354 0.000000 0.000000 0.000000 0.000000 0.000000 0.000000 0.000000 0.000000 0.000000 0.000000 0.000287 0.000000 0.000000 0.489046 0.000000
 0.000000 0.000000 0.000000 0.000000 0.487824 0.000000 0.000000 0.000000 0.000000 0.000000 0.000000 0.488015 0.000000 0.000000 0.022463 0.000000 0.001698 0.000000 0.000000 0.000000
 0.000000 0.000000 0.000000 0.000000 0.000002 0.000000 0.000000 0.000000 0.000000 0.000000 0.499998 0.500000 0.000000 0.000000 0.000000 0.000000 0.000000 0.000000 0.000000 0.000000
 0.000000 0.000000 0.000000 0.000568 0.000000 0.000000 0.000000 0.000000 0.000000 0.026322 0.000000 0.000000 0.011214 0.000000 0.000000 0.479793 0.000000 0.482103 0.000000 0.000000
 0.015099 0.176423 0.000000 0.000618 0.000000 0.000000 0.000000 0.000000 0.021006 0.000000 0.000000 0.000000 0.382869 0.000000 0.000000 0.383655 0.000000 0.000000 0.000000 0.020330
 0.000000 0.000000 0.000000 0.000000 0.000007 0.000000 0.000000 0.499996 0.000000 0.000000 0.000000 0.000000 0.000000 0.000000 0.000000 0.000000 0.000000 0.000000 0.499997 0.000000
 0.000000 0.000000 0.000000 0.000000 0.000000 0.000000 0.499999 0.499999 0.000000 0.000000 0.000000 0.000000 0.000000 0.000000 0.000001 0.000000 0.000000 0.000000 0.000000 0.000000
 0.002954 0.059909 0.000000 0.113684 0.000000 0.000000 0.000000 0.000000 0.009512 0.406945 0.000000 0.000000 0.000000 0.000000 0.000000 0.000000 0.000000 0.000000 0.000000 0.406996
 0.000000 0.000000 0.500000 0.000000 0.000000 0.000000 0.000000 0.000000 0.000000 0.000000 0.000000 0.000000 0.000000 0.000000 0.000000 0.000000 0.000000 0.500000 0.000000 0.000000
 0.000000 0.000000 0.488676 0.000000 0.000000 0.000000 0.022502 0.000000 0.000000 0.000000 0.000000 0.000001 0.000000 0.000000 0.000000 0.000000 0.488821 0.000000 0.000000 0.000000
 0.000000 0.089109 0.000000 0.000000 0.000000 0.000269 0.000000 0.000000 0.454864 0.455759 0.000000 0.000000 0.000000 0.000000 0.000000 0.000000 0.000000 0.000000 0.000000 0.000000
 0.000000 0.000000 0.000121 0.014100 0.492022 0.000000 0.001712 0.000000 0.000000 0.000000 0.000000 0.000000 0.000000 0.000000 0.492046 0.000000 0.000000 0.000000 0.000000 0.000000
 0.000000 0.000000 0.000000 0.000000 0.000000 0.000000 0.000000 0.000000 0.500000 0.000000 0.000000 0.000000 0.000000 0.500000 0.000000 0.000000 0.000000 0.000000 0.000000 0.000000
 0.000000 0.000000 0.000000 0.000000 0.000083 0.499949 0.000000 0.000000 0.000000 0.000000 0.499969 0.000000 0.000000 0.000000 0.000000 0.000000 0.000000 0.000000 0.000000 0.000000
 0.092544 0.005918 0.000000 0.439855 0.000000 0.000000 0.000000 0.000000 0.000000 0.023276 0.000000 0.000000 0.438408 0.000000 0.000000 0.000000 0.000000 0.000000 0.000000 0.000000
the mean of prob-rank is 1.4736842105263157
the number of false negetive edges is 0
the number of probability greater than 0 is 4.6/edge
