20
 0.000000 0.000000 0.000000 0.000000 0.000000 0.000000 0.000000 0.500000 0.000000 0.000000 0.000000 0.000000 0.000000 0.000000 0.000000 0.000000 0.500000 0.000000 0.000000 0.000000
 0.000000 0.000000 0.000000 0.000000 0.000047 0.000000 0.000000 0.000000 0.000000 0.499985 0.000000 0.000000 0.000000 0.000000 0.000000 0.000000 0.000000 0.000000 0.499967 0.000000
 0.000000 0.000000 0.000000 0.000000 0.000000 0.000000 0.500000 0.500000 0.000000 0.000000 0.000000 0.000000 0.000000 0.000000 0.000000 0.000000 0.000000 0.000000 0.000000 0.000000
 0.000000 0.000000 0.000000 0.000000 0.000000 0.484005 0.000000 0.000000 0.000000 0.000000 0.000000 0.483317 0.000000 0.000000 0.000000 0.000000 0.000000 0.032678 0.000000 0.000000
 0.000000 0.000047 0.000000 0.000000 0.000000 0.000000 0.000000 0.000000 0.500047 0.000000 0.000000 0.000000 0.000000 0.000000 0.000000 0.000000 0.000000 0.000000 0.499906 0.000000
 0.000000 0.000000 0.000000 0.500002 0.000000 0.000000 0.000000 0.000000 0.000000 0.499998 0.000000 0.000000 0.000000 0.000000 0.000000 0.000000 0.000000 0.000000 0.000000 0.000000
 0.000000 0.000000 0.500000 0.000000 0.000000 0.000000 0.000000 0.000000 0.000000 0.000000 0.000000 0.000000 0.000000 0.000000 0.500000 0.000000 0.000000 0.000000 0.000000 0.000000
 0.500000 0.000000 0.500000 0.000000 0.000000 0.000000 0.000000 0.000000 0.000000 0.000000 0.000000 0.000000 0.000000 0.000000 0.000000 0.000000 0.000000 0.000000 0.000000 0.000000
 0.000000 0.000000 0.000000 0.000000 0.378596 0.000000 0.000000 0.000000 0.000000 0.000000 0.000000 0.000000 0.000000 0.000000 0.000000 0.352035 0.000000 0.000000 0.000000 0.269369
 0.000000 0.499998 0.000000 0.000000 0.000000 0.500002 0.000000 0.000000 0.000000 0.000000 0.000000 0.000000 0.000000 0.000000 0.000000 0.000000 0.000000 0.000000 0.000000 0.000000
 0.000000 0.000000 0.000000 0.000000 0.000000 0.000000 0.000000 0.000000 0.000000 0.000000 0.000000 0.000000 0.000000 0.349051 0.000000 0.322105 0.000000 0.000000 0.000000 0.328843
 0.000000 0.000000 0.000000 0.470857 0.000000 0.000000 0.000000 0.000000 0.000000 0.000000 0.000000 0.000000 0.057615 0.000000 0.000000 0.000000 0.000000 0.471528 0.000000 0.000000
 0.000000 0.000000 0.000000 0.000000 0.000000 0.000000 0.000000 0.000000 0.000000 0.000000 0.000000 0.057641 0.000000 0.000000 0.471743 0.000000 0.000000 0.470615 0.000000 0.000000
 0.000000 0.000000 0.000000 0.000000 0.000000 0.000000 0.000000 0.000000 0.000000 0.000000 0.499984 0.000000 0.000000 0.000000 0.000000 0.000000 0.500016 0.000000 0.000000 0.000000
 0.000000 0.000000 0.000000 0.000000 0.000000 0.000000 0.500000 0.000000 0.000000 0.000000 0.000000 0.000000 0.500000 0.000000 0.000000 0.000000 0.000000 0.000000 0.000000 0.000000
 0.000000 0.000000 0.000000 0.000000 0.000000 0.000000 0.000000 0.000000 0.325961 0.000000 0.323478 0.000000 0.000000 0.000000 0.000000 0.000000 0.000000 0.000000 0.000000 0.350561
 0.500000 0.000000 0.000000 0.000000 0.000000 0.000000 0.000000 0.000000 0.000000 0.000000 0.000000 0.000000 0.000000 0.500000 0.000000 0.000000 0.000000 0.000000 0.000000 0.000000
 0.000000 0.000000 0.000000 0.032693 0.000000 0.000000 0.000000 0.000000 0.000000 0.000000 0.000000 0.484232 0.483074 0.000000 0.000000 0.000000 0.000000 0.000000 0.000000 0.000000
 0.000000 0.500060 0.000000 0.000000 0.499934 0.000000 0.000000 0.000000 0.000000 0.000000 0.000000 0.000000 0.000000 0.000000 0.000000 0.000000 0.000000 0.000000 0.000000 0.000006
 0.000000 0.000000 0.000000 0.000000 0.000000 0.000000 0.000000 0.000000 0.268126 0.000000 0.355015 0.000000 0.000000 0.000000 0.000000 0.376855 0.000000 0.000000 0.000005 0.000000
the mean of prob-rank is 1.5789473684210527
the number of false negetive edges is 0
the number of probability greater than 0 is 2.6/edge
