20
 0.000000 0.000000 0.000000 0.137881 0.000000 0.000000 0.000000 0.431054 0.000000 0.000000 0.000000 0.000000 0.000000 0.000000 0.000000 0.000000 0.000000 0.000000 0.000000 0.431065
 0.000000 0.000000 0.000000 0.000000 0.000000 0.000000 0.000000 0.000000 0.000000 0.000000 0.000000 0.000000 0.000000 0.000000 0.000000 0.500007 0.000000 0.000000 0.000000 0.499993
 0.000000 0.000000 0.000000 0.000000 0.000000 0.000000 0.002684 0.000000 0.170518 0.011563 0.000000 0.000000 0.407849 0.000000 0.000002 0.000000 0.000000 0.407384 0.000000 0.000000
 0.137682 0.000000 0.000000 0.000000 0.430006 0.000000 0.000000 0.430446 0.000000 0.000000 0.000000 0.000000 0.001865 0.000000 0.000000 0.000000 0.000000 0.000000 0.000000 0.000000
 0.000000 0.000000 0.000000 0.435548 0.000000 0.000000 0.000000 0.128313 0.000000 0.000012 0.000000 0.000000 0.000134 0.000000 0.435993 0.000000 0.000000 0.000000 0.000000 0.000000
 0.000000 0.000000 0.000000 0.000000 0.000000 0.000000 0.000000 0.000000 0.000000 0.000000 0.000000 0.500000 0.000000 0.000000 0.000000 0.000000 0.500000 0.000000 0.000000 0.000000
 0.000000 0.000000 0.003233 0.000000 0.000000 0.000000 0.000000 0.000000 0.004163 0.008848 0.491220 0.000000 0.001440 0.000000 0.000000 0.000000 0.000000 0.491095 0.000000 0.000000
 0.435624 0.000000 0.000000 0.435638 0.128209 0.000000 0.000000 0.000000 0.000000 0.000000 0.000000 0.000000 0.000000 0.000000 0.000000 0.000000 0.000000 0.000000 0.000000 0.000529
 0.000000 0.000000 0.184041 0.000000 0.000000 0.000000 0.003731 0.000000 0.000000 0.440204 0.005218 0.000000 0.366806 0.000000 0.000000 0.000000 0.000000 0.000000 0.000000 0.000000
 0.000000 0.000000 0.013822 0.000000 0.000013 0.000000 0.008780 0.000000 0.487513 0.000000 0.000000 0.000000 0.002394 0.000000 0.487478 0.000000 0.000000 0.000000 0.000000 0.000000
 0.000000 0.000000 0.000000 0.000000 0.000000 0.000000 0.497031 0.000000 0.005892 0.000000 0.000000 0.497077 0.000000 0.000000 0.000000 0.000000 0.000000 0.000000 0.000000 0.000000
 0.000000 0.000000 0.000000 0.000000 0.000000 0.500000 0.000000 0.000000 0.000000 0.000000 0.500000 0.000000 0.000000 0.000000 0.000000 0.000000 0.000000 0.000000 0.000000 0.000000
 0.000000 0.000000 0.407155 0.001764 0.000125 0.000000 0.001194 0.000000 0.339275 0.001999 0.000000 0.000000 0.000000 0.000000 0.008296 0.000000 0.000000 0.240192 0.000000 0.000000
 0.000000 0.000000 0.000000 0.000000 0.000000 0.000000 0.000000 0.000000 0.000000 0.000000 0.000000 0.000000 0.000000 0.000000 0.000000 0.000000 0.500000 0.000000 0.500000 0.000000
 0.000000 0.000000 0.000002 0.000000 0.494975 0.000000 0.000000 0.000000 0.000000 0.494939 0.000000 0.000000 0.010085 0.000000 0.000000 0.000000 0.000000 0.000000 0.000000 0.000000
 0.000000 0.500000 0.000000 0.000000 0.000000 0.000000 0.000000 0.000000 0.000000 0.000000 0.000000 0.000000 0.000000 0.000000 0.000000 0.000000 0.000000 0.000000 0.500000 0.000000
 0.000000 0.000000 0.000000 0.000000 0.000000 0.500000 0.000000 0.000000 0.000000 0.000000 0.000000 0.000000 0.000000 0.500000 0.000000 0.000000 0.000000 0.000000 0.000000 0.000000
 0.000000 0.000000 0.385889 0.000000 0.000000 0.000000 0.386204 0.000000 0.000000 0.000000 0.000000 0.000000 0.227907 0.000000 0.000000 0.000000 0.000000 0.000000 0.000000 0.000000
 0.000000 0.000000 0.000000 0.000000 0.000000 0.000000 0.000000 0.000000 0.000000 0.000000 0.000000 0.000000 0.000000 0.500000 0.000000 0.500000 0.000000 0.000000 0.000000 0.000000
 0.499702 0.499691 0.000000 0.000000 0.000000 0.000000 0.000000 0.000607 0.000000 0.000000 0.000000 0.000000 0.000000 0.000000 0.000000 0.000000 0.000000 0.000000 0.000000 0.000000
the mean of prob-rank is 1.4736842105263157
the number of false negetive edges is 0
the number of probability greater than 0 is 3.7/edge
