20
 0.000000 0.000000 0.000000 0.000000 0.000000 0.000000 0.357660 0.000000 0.000000 0.000000 0.000000 0.000000 0.000000 0.000000 0.000000 0.300303 0.342037 0.000000 0.000000 0.000000
 0.000000 0.000000 0.500000 0.000000 0.000000 0.000000 0.000000 0.000000 0.000000 0.000000 0.000000 0.000000 0.000000 0.000000 0.500000 0.000000 0.000000 0.000000 0.000000 0.000000
 0.000000 0.499880 0.000000 0.000000 0.000000 0.499864 0.000000 0.000000 0.000000 0.000000 0.000000 0.000000 0.000000 0.000001 0.000000 0.000000 0.000000 0.000256 0.000000 0.000000
 0.000000 0.000000 0.000000 0.000000 0.493166 0.000000 0.013646 0.000000 0.000000 0.000000 0.000000 0.493181 0.000000 0.000000 0.000000 0.000000 0.000006 0.000000 0.000000 0.000000
 0.000000 0.000000 0.000000 0.499992 0.000000 0.000000 0.000000 0.000000 0.000000 0.000000 0.000000 0.000000 0.000000 0.000000 0.000000 0.000000 0.000000 0.000000 0.000000 0.500008
 0.000000 0.000000 0.498612 0.000000 0.000000 0.000000 0.000000 0.000000 0.002675 0.000000 0.000000 0.000000 0.000000 0.498598 0.000000 0.000000 0.000000 0.000115 0.000000 0.000000
 0.350965 0.000000 0.000000 0.009711 0.000000 0.000000 0.000000 0.000000 0.000000 0.000000 0.000000 0.000001 0.000000 0.000000 0.000000 0.335277 0.304046 0.000000 0.000000 0.000000
 0.000000 0.000000 0.000000 0.000000 0.000000 0.000000 0.000000 0.000000 0.499949 0.000000 0.000000 0.000000 0.000000 0.000000 0.000000 0.000000 0.000000 0.000000 0.000000 0.500051
 0.000000 0.000000 0.000000 0.000000 0.000000 0.002667 0.000000 0.496999 0.000000 0.000000 0.000000 0.000000 0.000000 0.003251 0.000000 0.000000 0.000000 0.497083 0.000000 0.000000
 0.000000 0.000000 0.000000 0.000000 0.000000 0.000000 0.000000 0.000000 0.000000 0.000000 0.000000 0.000000 0.500000 0.000000 0.500000 0.000000 0.000000 0.000000 0.000000 0.000000
 0.000000 0.000000 0.000000 0.000000 0.000000 0.000000 0.000000 0.000000 0.000000 0.000000 0.000000 0.000000 0.000000 0.000000 0.000000 0.500000 0.000000 0.000000 0.500000 0.000000
 0.000000 0.000000 0.000000 0.499999 0.000000 0.000000 0.000002 0.000000 0.000000 0.000000 0.000000 0.000000 0.000000 0.000000 0.000000 0.000000 0.499999 0.000000 0.000000 0.000000
 0.000000 0.000000 0.000000 0.000000 0.000000 0.000000 0.000000 0.000000 0.000000 0.500003 0.000000 0.000000 0.000000 0.000000 0.000000 0.000000 0.000000 0.000000 0.499997 0.000000
 0.000000 0.000000 0.000001 0.000000 0.000000 0.498355 0.000000 0.000000 0.003259 0.000000 0.000000 0.000000 0.000000 0.000000 0.000000 0.000000 0.000000 0.498385 0.000000 0.000000
 0.000000 0.500000 0.000000 0.000000 0.000000 0.000000 0.000000 0.000000 0.000000 0.500000 0.000000 0.000000 0.000000 0.000000 0.000000 0.000000 0.000000 0.000000 0.000000 0.000000
 0.300412 0.000000 0.000000 0.000000 0.000000 0.000000 0.341798 0.000000 0.000000 0.000000 0.357790 0.000000 0.000000 0.000000 0.000000 0.000000 0.000000 0.000000 0.000000 0.000000
 0.338802 0.000000 0.000000 0.000004 0.000000 0.000000 0.306916 0.000000 0.000000 0.000000 0.000000 0.354277 0.000000 0.000000 0.000000 0.000000 0.000000 0.000000 0.000000 0.000000
 0.000000 0.000000 0.000256 0.000000 0.000000 0.000115 0.000000 0.000000 0.499805 0.000000 0.000000 0.000000 0.000000 0.499824 0.000000 0.000000 0.000000 0.000000 0.000000 0.000000
 0.000000 0.000000 0.000000 0.000000 0.000000 0.000000 0.000000 0.000000 0.000000 0.000000 0.500003 0.000000 0.499997 0.000000 0.000000 0.000000 0.000000 0.000000 0.000000 0.000000
 0.000000 0.000000 0.000000 0.000000 0.500000 0.000000 0.000000 0.500000 0.000000 0.000000 0.000000 0.000000 0.000000 0.000000 0.000000 0.000000 0.000000 0.000000 0.000000 0.000000
the mean of prob-rank is 1.5789473684210527
the number of false negetive edges is 0
the number of probability greater than 0 is 2.9/edge
