20
 0.012895 0.000000 0.182176 0.240766 0.000000 0.187923 0.000001 0.023997 0.034425 0.000000 0.000000 0.005351 0.000000 0.040024 0.000000 0.000000 0.000029 0.272411 0.000000 0.000000
 0.000000 0.000000 0.000000 0.000000 0.000000 0.000000 0.000000 0.000000 0.000000 0.000000 0.000000 0.000000 0.000000 0.000000 0.000000 0.499997 0.000000 0.000000 0.500003 0.000000
 0.202207 0.000000 0.000000 0.000000 0.000000 0.000000 0.295141 0.000000 0.000000 0.000000 0.000000 0.298429 0.000000 0.000000 0.000000 0.148968 0.001051 0.054204 0.000000 0.000000
 0.262393 0.000000 0.000000 0.000000 0.000000 0.000000 0.000000 0.247977 0.000000 0.290010 0.000000 0.000772 0.000000 0.000000 0.000000 0.000000 0.198847 0.000000 0.000000 0.000000
 0.000000 0.000000 0.000000 0.000000 0.000000 0.000000 0.000000 0.016815 0.000000 0.000000 0.491503 0.000000 0.000000 0.000000 0.000000 0.000000 0.000000 0.000000 0.000000 0.491683
 0.262083 0.000000 0.000000 0.000000 0.000000 0.000000 0.000000 0.000000 0.000000 0.000000 0.000000 0.000000 0.000000 0.358004 0.000000 0.000000 0.000000 0.000000 0.000000 0.379913
 0.000001 0.000000 0.376354 0.000000 0.000000 0.000000 0.000000 0.000000 0.000000 0.000000 0.000000 0.000000 0.000000 0.000000 0.238081 0.000000 0.000000 0.000000 0.385563 0.000000
 0.031000 0.000000 0.000000 0.293936 0.012034 0.000000 0.000000 0.000000 0.000000 0.311126 0.351903 0.000000 0.000000 0.000000 0.000000 0.000000 0.000000 0.000000 0.000000 0.000000
 0.058195 0.000000 0.000000 0.000000 0.000000 0.000000 0.000000 0.000000 0.000000 0.000000 0.000000 0.000000 0.000000 0.460507 0.459885 0.000000 0.000000 0.021413 0.000000 0.000000
 0.000001 0.000000 0.000000 0.339789 0.000000 0.000000 0.000000 0.307531 0.000000 0.000000 0.014047 0.000000 0.338618 0.000000 0.000000 0.000000 0.000015 0.000000 0.000000 0.000000
 0.000000 0.000000 0.000000 0.000000 0.490014 0.000000 0.000000 0.490190 0.000000 0.019796 0.000000 0.000000 0.000000 0.000000 0.000000 0.000000 0.000000 0.000000 0.000000 0.000000
 0.007655 0.000000 0.384593 0.001014 0.000000 0.000000 0.000000 0.000000 0.000000 0.000000 0.000000 0.000000 0.000289 0.000000 0.000000 0.223167 0.383282 0.000000 0.000000 0.000000
 0.000000 0.000000 0.000000 0.000000 0.000000 0.000000 0.000000 0.000000 0.000000 0.340245 0.000000 0.000259 0.000000 0.000000 0.000000 0.334018 0.325477 0.000000 0.000000 0.000000
 0.052308 0.000000 0.000000 0.000000 0.000000 0.335489 0.000000 0.000000 0.356019 0.000000 0.000000 0.000000 0.000000 0.000000 0.000852 0.000000 0.000000 0.255332 0.000000 0.000000
 0.000000 0.000000 0.000000 0.000000 0.000000 0.000000 0.237464 0.000000 0.384046 0.000000 0.000000 0.000000 0.000000 0.000920 0.000000 0.000000 0.000000 0.377570 0.000000 0.000000
 0.000000 0.331003 0.163081 0.000000 0.000000 0.000000 0.000000 0.000000 0.000000 0.000000 0.000000 0.189573 0.316336 0.000000 0.000000 0.000000 0.000003 0.000000 0.000004 0.000000
 0.000041 0.000000 0.001342 0.258777 0.000000 0.000000 0.000000 0.000000 0.000000 0.000016 0.000000 0.380029 0.359790 0.000000 0.000000 0.000004 0.000000 0.000000 0.000000 0.000000
 0.341907 0.000000 0.061293 0.000000 0.000000 0.000000 0.000000 0.000000 0.015898 0.000000 0.000000 0.000000 0.000000 0.245212 0.335689 0.000000 0.000000 0.000000 0.000000 0.000000
 0.000000 0.499998 0.000000 0.000000 0.000000 0.000000 0.499997 0.000000 0.000000 0.000000 0.000000 0.000000 0.000000 0.000000 0.000000 0.000006 0.000000 0.000000 0.000000 0.000000
 0.000000 0.000000 0.000000 0.000000 0.500000 0.500000 0.000000 0.000000 0.000000 0.000000 0.000000 0.000000 0.000000 0.000000 0.000000 0.000000 0.000000 0.000000 0.000000 0.000000
the mean of prob-rank is 1.6842105263157894
the number of false negetive edges is 0
the number of probability greater than 0 is 4.6/edge
