20
 0.000000 0.000000 0.000000 0.000000 0.000000 0.000000 0.000000 0.000000 0.499401 0.000000 0.000000 0.000000 0.499363 0.000000 0.000002 0.000000 0.000000 0.001234 0.000000 0.000000
 0.000000 0.000000 0.000000 0.000000 0.500000 0.500000 0.000000 0.000000 0.000000 0.000000 0.000000 0.000000 0.000000 0.000000 0.000000 0.000000 0.000000 0.000000 0.000000 0.000000
 0.000000 0.000000 0.000000 0.000000 0.000000 0.000000 0.000000 0.000000 0.000000 0.000000 0.000000 0.308480 0.000000 0.345443 0.000002 0.000538 0.000000 0.000000 0.345537 0.000000
 0.000000 0.000000 0.000000 0.000000 0.000000 0.000000 0.278199 0.000000 0.000000 0.000000 0.160046 0.256701 0.000000 0.000000 0.020831 0.000000 0.000000 0.000000 0.006343 0.277881
 0.000000 0.494651 0.000000 0.000000 0.000000 0.000000 0.000000 0.000000 0.000000 0.000000 0.000000 0.000000 0.010794 0.000000 0.000000 0.000000 0.000000 0.494555 0.000000 0.000000
 0.000000 0.499920 0.000000 0.000000 0.000000 0.000000 0.000000 0.000161 0.000000 0.000000 0.000000 0.000000 0.000000 0.000000 0.000000 0.499919 0.000000 0.000000 0.000000 0.000000
 0.000000 0.000000 0.000000 0.334677 0.000000 0.000000 0.000000 0.000000 0.000000 0.000000 0.332860 0.000000 0.000000 0.000000 0.315304 0.000000 0.000000 0.000000 0.000000 0.017159
 0.000000 0.000000 0.000000 0.000000 0.000000 0.000160 0.000000 0.000000 0.000000 0.000000 0.000000 0.000000 0.000000 0.001264 0.000000 0.000018 0.499380 0.000170 0.000000 0.499008
 0.498703 0.000000 0.000000 0.000000 0.000000 0.000000 0.000000 0.000000 0.000000 0.498703 0.000000 0.000000 0.000000 0.000000 0.002594 0.000000 0.000000 0.000000 0.000000 0.000000
 0.000000 0.000000 0.000000 0.000000 0.000000 0.000000 0.000000 0.000000 0.499974 0.000000 0.000000 0.000000 0.000000 0.000000 0.000000 0.000000 0.499973 0.000000 0.000000 0.000053
 0.000000 0.000000 0.000000 0.195121 0.000000 0.000000 0.337328 0.000000 0.000000 0.000000 0.000000 0.078851 0.000000 0.000000 0.350920 0.000000 0.000000 0.000000 0.000061 0.037720
 0.000000 0.000000 0.296513 0.296312 0.000000 0.000000 0.000000 0.000000 0.000000 0.000000 0.074656 0.000000 0.000000 0.000000 0.000003 0.000000 0.000000 0.000000 0.332254 0.000261
 0.494584 0.000000 0.000000 0.000000 0.010794 0.000000 0.000000 0.000000 0.000000 0.000000 0.000000 0.000000 0.000000 0.000000 0.000000 0.000000 0.000000 0.494622 0.000000 0.000000
 0.000000 0.000000 0.491898 0.000000 0.000000 0.000000 0.000000 0.001246 0.000000 0.000000 0.000000 0.000000 0.000000 0.000000 0.000000 0.492211 0.000000 0.000000 0.014644 0.000001
 0.000001 0.000000 0.000002 0.026569 0.000000 0.000000 0.334293 0.000000 0.001909 0.000000 0.367127 0.000003 0.000000 0.000000 0.000000 0.000000 0.000000 0.000000 0.000000 0.270094
 0.000000 0.000000 0.000777 0.000000 0.000000 0.499602 0.000000 0.000018 0.000000 0.000000 0.000000 0.000000 0.000000 0.499603 0.000000 0.000000 0.000000 0.000000 0.000000 0.000000
 0.000000 0.000000 0.000000 0.000000 0.000000 0.000000 0.000000 0.499316 0.000000 0.499316 0.000000 0.000000 0.000000 0.000000 0.000000 0.000000 0.000000 0.001368 0.000000 0.000000
 0.001232 0.000000 0.000000 0.000000 0.498568 0.000000 0.000000 0.000170 0.000000 0.000000 0.000000 0.000000 0.498664 0.000000 0.000000 0.000000 0.001366 0.000000 0.000000 0.000000
 0.000000 0.000000 0.487219 0.010740 0.000000 0.000000 0.000000 0.000000 0.000000 0.000000 0.000084 0.487398 0.000000 0.014500 0.000000 0.000000 0.000000 0.000000 0.000000 0.000058
 0.000000 0.000000 0.000000 0.337742 0.000000 0.000000 0.017336 0.349583 0.000000 0.000037 0.037604 0.000275 0.000000 0.000001 0.257379 0.000000 0.000000 0.000000 0.000042 0.000000
the mean of prob-rank is 1.631578947368421
the number of false negetive edges is 0
the number of probability greater than 0 is 4.65/edge
