20
 0.000000 0.000000 0.000000 0.379662 0.000000 0.000000 0.000000 0.297943 0.004233 0.000000 0.000000 0.000000 0.000000 0.000000 0.000000 0.001055 0.000000 0.000000 0.014342 0.302764
 0.000000 0.000000 0.000000 0.000000 0.000000 0.000000 0.064111 0.222168 0.000000 0.000000 0.000000 0.000000 0.000000 0.000000 0.000000 0.000545 0.253928 0.000000 0.253997 0.205252
 0.000000 0.000000 0.000000 0.000000 0.486189 0.486047 0.000000 0.000000 0.000000 0.000000 0.000000 0.000000 0.000000 0.000000 0.000000 0.027764 0.000000 0.000000 0.000000 0.000000
 0.499197 0.000000 0.000000 0.000000 0.000000 0.000000 0.000000 0.000000 0.000000 0.000000 0.000000 0.000000 0.000000 0.499194 0.000000 0.001609 0.000000 0.000000 0.000000 0.000000
 0.000000 0.000000 0.499436 0.000000 0.000000 0.000002 0.000000 0.000000 0.000000 0.000000 0.499433 0.000000 0.000000 0.000000 0.000000 0.000040 0.000000 0.001090 0.000000 0.000000
 0.000000 0.000000 0.490497 0.000000 0.000002 0.000000 0.000000 0.000000 0.000000 0.000000 0.004737 0.000000 0.490640 0.000000 0.000000 0.014125 0.000000 0.000000 0.000000 0.000000
 0.000000 0.108367 0.000000 0.000000 0.000000 0.000000 0.000000 0.000000 0.000000 0.000000 0.000000 0.000000 0.446851 0.000000 0.000000 0.443562 0.000000 0.000000 0.000000 0.001220
 0.224928 0.240876 0.000000 0.000000 0.000000 0.000000 0.000000 0.000000 0.000000 0.000000 0.000000 0.000000 0.000000 0.000000 0.000000 0.000959 0.177187 0.000000 0.170335 0.185715
 0.005544 0.000000 0.000000 0.000000 0.000000 0.000000 0.000000 0.000000 0.000000 0.000000 0.000000 0.000000 0.000000 0.000014 0.497249 0.000000 0.000000 0.497190 0.000000 0.000003
 0.000000 0.000000 0.000000 0.000000 0.000000 0.000000 0.000000 0.000000 0.000000 0.000000 0.498753 0.498725 0.000000 0.000000 0.000000 0.000000 0.000000 0.002523 0.000000 0.000000
 0.000000 0.000000 0.000000 0.000000 0.497597 0.004804 0.000000 0.000000 0.000000 0.497600 0.000000 0.000000 0.000000 0.000000 0.000000 0.000000 0.000000 0.000000 0.000000 0.000000
 0.000000 0.000000 0.000000 0.000000 0.000000 0.000000 0.000000 0.000000 0.000000 0.499248 0.000000 0.000000 0.000000 0.000000 0.499276 0.000000 0.000000 0.001476 0.000000 0.000000
 0.000000 0.000000 0.000000 0.000000 0.000000 0.500000 0.500000 0.000000 0.000000 0.000000 0.000000 0.000000 0.000000 0.000000 0.000000 0.000000 0.000000 0.000000 0.000000 0.000000
 0.000000 0.000000 0.000000 0.499878 0.000000 0.000000 0.000000 0.000000 0.000014 0.000000 0.000000 0.000000 0.000000 0.000000 0.000000 0.000235 0.000000 0.499872 0.000000 0.000000
 0.000000 0.000000 0.000000 0.000000 0.000000 0.000000 0.000000 0.000000 0.499973 0.000000 0.000000 0.499973 0.000000 0.000000 0.000000 0.000000 0.000000 0.000054 0.000000 0.000000
 0.001330 0.000986 0.027329 0.001543 0.000038 0.013778 0.475048 0.001602 0.000000 0.000000 0.000000 0.000000 0.000000 0.000225 0.000000 0.000000 0.478121 0.000001 0.000000 0.000000
 0.000000 0.369879 0.000000 0.000000 0.000000 0.000000 0.000000 0.238050 0.000000 0.000000 0.000000 0.000000 0.000000 0.000000 0.000000 0.384714 0.000000 0.000000 0.007356 0.000001
 0.000000 0.000000 0.000000 0.000000 0.001086 0.000000 0.000000 0.000000 0.497412 0.002516 0.000000 0.001470 0.000000 0.497462 0.000053 0.000001 0.000000 0.000000 0.000000 0.000000
 0.014463 0.367851 0.000000 0.000000 0.000000 0.000000 0.000000 0.227528 0.000000 0.000000 0.000000 0.000000 0.000000 0.000000 0.000000 0.000000 0.007314 0.000000 0.000000 0.382845
 0.247311 0.240783 0.000000 0.000000 0.000000 0.000000 0.000847 0.200944 0.000002 0.000000 0.000000 0.000000 0.000000 0.000000 0.000000 0.000000 0.000001 0.000000 0.310112 0.000000
the mean of prob-rank is 1.736842105263158
the number of false negetive edges is 0
the number of probability greater than 0 is 4.6/edge
