20
 0.000000 0.000000 0.000000 0.425668 0.418263 0.000000 0.000000 0.000000 0.000000 0.000000 0.000000 0.000000 0.000000 0.000000 0.156070 0.000000 0.000000 0.000000 0.000000 0.000000
 0.000000 0.000000 0.000000 0.396049 0.000000 0.000000 0.000000 0.000000 0.000000 0.000000 0.211589 0.000001 0.000000 0.000000 0.392361 0.000000 0.000000 0.000000 0.000000 0.000000
 0.000000 0.000000 0.000000 0.000000 0.000000 0.000000 0.000000 0.000000 0.000000 0.494500 0.000305 0.000000 0.000000 0.494459 0.000000 0.000007 0.000000 0.000000 0.010729 0.000000
 0.499983 0.500017 0.000000 0.000000 0.000000 0.000000 0.000000 0.000000 0.000000 0.000000 0.000000 0.000000 0.000000 0.000000 0.000000 0.000000 0.000000 0.000000 0.000000 0.000000
 0.429639 0.000000 0.000000 0.000000 0.000000 0.000000 0.000000 0.000000 0.000000 0.000000 0.000000 0.000000 0.022500 0.000000 0.110583 0.000000 0.000000 0.000000 0.000000 0.437276
 0.000000 0.000000 0.000000 0.000000 0.000000 0.000000 0.357153 0.099016 0.375682 0.000000 0.000000 0.008355 0.045600 0.000000 0.000000 0.000000 0.114194 0.000000 0.000000 0.000000
 0.000000 0.000000 0.000000 0.000000 0.000000 0.341574 0.000000 0.000000 0.000000 0.000000 0.000000 0.000000 0.032380 0.000000 0.000000 0.000000 0.359296 0.000000 0.000000 0.266749
 0.000000 0.000000 0.000000 0.000000 0.000000 0.116499 0.000000 0.000000 0.000389 0.000000 0.000000 0.000000 0.000000 0.000000 0.000000 0.000000 0.000000 0.442018 0.441094 0.000000
 0.000000 0.000000 0.000000 0.000000 0.000000 0.499961 0.000000 0.000440 0.000000 0.000000 0.000000 0.000000 0.000000 0.000000 0.000000 0.000000 0.000000 0.000000 0.499599 0.000000
 0.000000 0.000000 0.499994 0.000000 0.000000 0.000000 0.000000 0.000000 0.000000 0.000000 0.000011 0.000000 0.000000 0.000000 0.000000 0.499994 0.000000 0.000000 0.000000 0.000000
 0.000000 0.212574 0.000245 0.000000 0.000000 0.000000 0.000000 0.000000 0.000000 0.000009 0.000000 0.389279 0.000000 0.000000 0.000000 0.397893 0.000000 0.000000 0.000000 0.000000
 0.000000 0.000001 0.000000 0.000000 0.000000 0.007518 0.000000 0.000000 0.000000 0.000000 0.330723 0.000000 0.196447 0.000000 0.335411 0.000959 0.000000 0.000000 0.128941 0.000000
 0.000000 0.000000 0.000000 0.000000 0.015186 0.035823 0.026598 0.000000 0.000000 0.000000 0.000000 0.171512 0.000000 0.000000 0.168662 0.000000 0.293230 0.000000 0.000000 0.288989
 0.000000 0.000000 0.499921 0.000000 0.000000 0.000000 0.000000 0.000000 0.000000 0.000000 0.000000 0.000000 0.000000 0.000000 0.000000 0.000000 0.000000 0.499963 0.000116 0.000000
 0.115511 0.312136 0.000000 0.000000 0.079678 0.000000 0.000000 0.000000 0.000000 0.000000 0.000000 0.312619 0.180055 0.000000 0.000000 0.000000 0.000000 0.000000 0.000000 0.000000
 0.000000 0.000000 0.000007 0.000000 0.000000 0.000000 0.000000 0.000000 0.000000 0.499288 0.499288 0.001417 0.000000 0.000000 0.000000 0.000000 0.000000 0.000000 0.000000 0.000000
 0.000000 0.000000 0.000000 0.000000 0.000000 0.132302 0.435252 0.000000 0.000000 0.000000 0.000000 0.000000 0.432446 0.000000 0.000000 0.000000 0.000000 0.000000 0.000000 0.000000
 0.000000 0.000000 0.000000 0.000000 0.000000 0.000000 0.000000 0.500001 0.000000 0.000000 0.000000 0.000000 0.000000 0.499999 0.000000 0.000000 0.000000 0.000000 0.000000 0.000000
 0.000000 0.000000 0.009038 0.000000 0.000000 0.000000 0.000000 0.415700 0.416269 0.000000 0.000000 0.158896 0.000000 0.000097 0.000000 0.000000 0.000000 0.000000 0.000000 0.000000
 0.000000 0.000000 0.000000 0.000000 0.367430 0.000000 0.272788 0.000000 0.000000 0.000000 0.000000 0.000000 0.359781 0.000000 0.000000 0.000000 0.000000 0.000000 0.000000 0.000000
the mean of prob-rank is 1.4736842105263157
the number of false negetive edges is 0
the number of probability greater than 0 is 4.1/edge
