20
 0.000000 0.000000 0.000000 0.000000 0.000000 0.000000 0.000000 0.000000 0.000000 0.000000 0.000000 0.000000 0.000000 0.000000 0.000000 0.000000 0.500000 0.000000 0.000000 0.500000
 0.000000 0.000000 0.000000 0.000000 0.000000 0.000000 0.000000 0.000001 0.491945 0.015598 0.000000 0.000000 0.000000 0.000002 0.000000 0.000000 0.492454 0.000000 0.000000 0.000000
 0.000000 0.000000 0.000000 0.000000 0.374329 0.000001 0.000000 0.000000 0.000000 0.000000 0.262340 0.000000 0.363330 0.000000 0.000000 0.000000 0.000000 0.000000 0.000000 0.000000
 0.000000 0.000000 0.000000 0.000000 0.000000 0.000000 0.322633 0.000000 0.000000 0.000000 0.000000 0.000000 0.000000 0.350108 0.000000 0.000000 0.000000 0.000000 0.327258 0.000000
 0.000000 0.000000 0.499997 0.000000 0.000000 0.000000 0.000000 0.000000 0.000000 0.000000 0.000000 0.499997 0.000000 0.000000 0.000000 0.000000 0.000007 0.000000 0.000000 0.000000
 0.000000 0.000000 0.000001 0.000000 0.000000 0.000000 0.000000 0.000000 0.478476 0.000000 0.043050 0.478472 0.000000 0.000000 0.000000 0.000000 0.000000 0.000000 0.000000 0.000000
 0.000000 0.000000 0.000000 0.316654 0.000000 0.000000 0.000000 0.000000 0.000000 0.000000 0.000000 0.000000 0.000000 0.000000 0.343620 0.339726 0.000000 0.000000 0.000000 0.000000
 0.000000 0.000001 0.000000 0.000000 0.000000 0.000000 0.000000 0.000000 0.000000 0.499785 0.000000 0.000000 0.000000 0.000000 0.000000 0.499752 0.000000 0.000461 0.000000 0.000000
 0.000000 0.449548 0.000000 0.000000 0.000000 0.450016 0.000000 0.000000 0.000000 0.100425 0.000000 0.000011 0.000000 0.000000 0.000000 0.000000 0.000000 0.000000 0.000000 0.000000
 0.000000 0.014013 0.000000 0.000000 0.000000 0.000000 0.000000 0.442421 0.098730 0.000000 0.003870 0.000000 0.000000 0.000000 0.000000 0.000384 0.000000 0.440581 0.000000 0.000000
 0.000000 0.000000 0.251083 0.000000 0.000000 0.032234 0.000000 0.000000 0.000000 0.003134 0.000000 0.000000 0.356985 0.000000 0.000000 0.000000 0.000000 0.356564 0.000000 0.000000
 0.000000 0.000000 0.000000 0.000000 0.499965 0.499961 0.000000 0.000000 0.000012 0.000000 0.000000 0.000000 0.000000 0.000000 0.000000 0.000000 0.000062 0.000000 0.000000 0.000000
 0.000000 0.000000 0.387863 0.000000 0.000000 0.000000 0.000000 0.000000 0.000000 0.000000 0.398175 0.000000 0.000000 0.000000 0.000000 0.000000 0.000000 0.213962 0.000000 0.000000
 0.000000 0.000001 0.000000 0.375384 0.000000 0.000000 0.000000 0.000000 0.000000 0.000000 0.000000 0.000000 0.000000 0.000000 0.000000 0.256598 0.000000 0.000000 0.000000 0.368016
 0.000000 0.000000 0.000000 0.000000 0.000000 0.000000 0.500000 0.000000 0.000000 0.000000 0.000000 0.000000 0.000000 0.000000 0.000000 0.000000 0.000000 0.000000 0.500000 0.000000
 0.000000 0.000000 0.000000 0.000000 0.000000 0.000000 0.361163 0.365278 0.000000 0.000317 0.000000 0.000000 0.000000 0.249706 0.000000 0.000000 0.000000 0.023536 0.000000 0.000000
 0.499968 0.499964 0.000000 0.000000 0.000007 0.000000 0.000000 0.000000 0.000000 0.000000 0.000000 0.000062 0.000000 0.000000 0.000000 0.000000 0.000000 0.000000 0.000000 0.000000
 0.000000 0.000000 0.000000 0.000000 0.000000 0.000000 0.000000 0.000356 0.000000 0.384217 0.383987 0.000000 0.206582 0.000000 0.000000 0.024858 0.000000 0.000000 0.000000 0.000000
 0.000000 0.000000 0.000000 0.333225 0.000000 0.000000 0.000000 0.000000 0.000000 0.000000 0.000000 0.000000 0.000000 0.000000 0.356491 0.000000 0.000000 0.000000 0.000000 0.310284
 0.350784 0.000000 0.000000 0.000000 0.000000 0.000000 0.000000 0.000000 0.000000 0.000000 0.000000 0.000000 0.000000 0.343899 0.000000 0.000000 0.000000 0.000000 0.305317 0.000000
the mean of prob-rank is 1.5789473684210527
the number of false negetive edges is 0
the number of probability greater than 0 is 3.8/edge
