20
 0.000000 0.000000 0.000000 0.000000 0.000000 0.001616 0.000000 0.000000 0.000000 0.499118 0.000000 0.000000 0.000000 0.000000 0.000000 0.499265 0.000000 0.000000 0.000000 0.000000
 0.000000 0.000000 0.000000 0.000000 0.000374 0.000000 0.000000 0.000000 0.000000 0.000000 0.027708 0.000000 0.000000 0.485835 0.000000 0.000000 0.000000 0.000000 0.486083 0.000000
 0.000000 0.000000 0.000000 0.000000 0.000000 0.499924 0.000000 0.000000 0.000000 0.500076 0.000000 0.000000 0.000000 0.000000 0.000000 0.000000 0.000000 0.000000 0.000000 0.000000
 0.000000 0.000000 0.000000 0.000000 0.360117 0.000000 0.000000 0.000000 0.390511 0.000000 0.000000 0.000192 0.000000 0.043832 0.000000 0.000000 0.000000 0.000000 0.205349 0.000000
 0.000000 0.000237 0.000000 0.283745 0.000000 0.000000 0.000000 0.000000 0.005237 0.000000 0.000000 0.217466 0.000000 0.000000 0.000000 0.000000 0.000000 0.000000 0.303107 0.190209
 0.001616 0.000000 0.499116 0.000000 0.000000 0.000000 0.000000 0.000000 0.000000 0.000000 0.000000 0.000000 0.000000 0.000000 0.000000 0.000000 0.499268 0.000000 0.000000 0.000000
 0.000000 0.000000 0.000000 0.000000 0.000000 0.000000 0.000000 0.500012 0.000000 0.000000 0.000000 0.000000 0.000000 0.000000 0.000000 0.000000 0.499988 0.000000 0.000000 0.000000
 0.000000 0.000000 0.000000 0.000000 0.000000 0.000000 0.500000 0.000000 0.000000 0.000000 0.000000 0.000000 0.000000 0.000000 0.000000 0.000000 0.000000 0.000000 0.000000 0.500000
 0.000000 0.000000 0.000000 0.495793 0.008438 0.000000 0.000000 0.000000 0.000000 0.000000 0.000000 0.495769 0.000000 0.000000 0.000000 0.000000 0.000000 0.000000 0.000000 0.000000
 0.498803 0.000000 0.498951 0.000000 0.000000 0.000000 0.000000 0.000000 0.000000 0.000000 0.000000 0.000000 0.002241 0.000000 0.000000 0.000000 0.000000 0.000004 0.000000 0.000000
 0.000000 0.027717 0.000000 0.000000 0.000000 0.000000 0.000000 0.000000 0.000000 0.000000 0.000000 0.000000 0.000000 0.486053 0.486230 0.000000 0.000000 0.000000 0.000000 0.000000
 0.000000 0.000000 0.000000 0.000186 0.268286 0.000000 0.000000 0.000000 0.379581 0.000000 0.000000 0.000000 0.000000 0.000000 0.000000 0.000000 0.000000 0.000000 0.000000 0.351946
 0.000000 0.000000 0.000000 0.000000 0.000000 0.000000 0.000000 0.000000 0.000000 0.002241 0.000000 0.000000 0.000000 0.000000 0.000000 0.498898 0.000000 0.498861 0.000000 0.000000
 0.000000 0.448750 0.000000 0.050395 0.000000 0.000000 0.000000 0.000000 0.000000 0.000000 0.448819 0.000000 0.000000 0.000000 0.000000 0.000000 0.000000 0.000000 0.052036 0.000000
 0.000000 0.000000 0.000000 0.000000 0.000000 0.000000 0.000000 0.000000 0.000000 0.000000 0.500000 0.000000 0.000000 0.000000 0.000000 0.000000 0.000000 0.500000 0.000000 0.000000
 0.500000 0.000000 0.000000 0.000000 0.000000 0.000000 0.000000 0.000000 0.000000 0.000000 0.000000 0.000000 0.500000 0.000000 0.000000 0.000000 0.000000 0.000000 0.000000 0.000000
 0.000000 0.000000 0.000000 0.000000 0.000000 0.500012 0.499988 0.000000 0.000000 0.000000 0.000000 0.000000 0.000000 0.000000 0.000000 0.000000 0.000000 0.000000 0.000000 0.000000
 0.000000 0.000000 0.000000 0.000000 0.000000 0.000000 0.000000 0.000000 0.000000 0.000004 0.000000 0.000000 0.499979 0.000000 0.500017 0.000000 0.000000 0.000000 0.000000 0.000000
 0.000000 0.380683 0.000000 0.200183 0.375013 0.000000 0.000000 0.000000 0.000000 0.000000 0.000000 0.000000 0.000000 0.044121 0.000000 0.000000 0.000000 0.000000 0.000000 0.000000
 0.000000 0.000000 0.000000 0.000000 0.242867 0.000000 0.000000 0.392877 0.000000 0.000000 0.000000 0.364256 0.000000 0.000000 0.000000 0.000000 0.000000 0.000000 0.000000 0.000000
the mean of prob-rank is 1.4736842105263157
the number of false negetive edges is 0
the number of probability greater than 0 is 3.2/edge
