20
 0.000000 0.000000 0.000000 0.000000 0.000000 0.000000 0.500000 0.500000 0.000000 0.000000 0.000000 0.000000 0.000000 0.000000 0.000000 0.000000 0.000000 0.000000 0.000000 0.000000
 0.000000 0.000000 0.000012 0.000000 0.000000 0.485812 0.000000 0.000000 0.000000 0.000000 0.000000 0.485753 0.000000 0.023681 0.004743 0.000000 0.000000 0.000000 0.000000 0.000000
 0.000000 0.000012 0.000000 0.000000 0.000000 0.499994 0.000000 0.000000 0.000000 0.000000 0.000000 0.000000 0.000000 0.499994 0.000000 0.000000 0.000000 0.000000 0.000000 0.000000
 0.000000 0.000000 0.000000 0.000000 0.000000 0.000000 0.000000 0.000000 0.000000 0.000000 0.500000 0.000000 0.000000 0.000000 0.000000 0.000000 0.000000 0.000000 0.000000 0.500000
 0.000000 0.000000 0.000000 0.000000 0.000000 0.000000 0.000000 0.000000 0.000000 0.000000 0.000000 0.000000 0.497788 0.000000 0.000000 0.000000 0.497131 0.000000 0.005082 0.000000
 0.000000 0.498293 0.498305 0.000000 0.000000 0.000000 0.000000 0.000000 0.000000 0.000000 0.000000 0.000000 0.000000 0.000000 0.003402 0.000000 0.000000 0.000000 0.000000 0.000000
 0.500000 0.000000 0.000000 0.000000 0.000000 0.000000 0.000000 0.000000 0.000000 0.000000 0.000000 0.000000 0.000000 0.000000 0.000000 0.500000 0.000000 0.000000 0.000000 0.000000
 0.500000 0.000000 0.000000 0.000000 0.000000 0.000000 0.000000 0.000000 0.000000 0.000000 0.000000 0.000000 0.000000 0.000000 0.000000 0.000000 0.000000 0.000000 0.000000 0.500000
 0.000000 0.000000 0.000000 0.000000 0.000000 0.000000 0.000000 0.000000 0.000000 0.000000 0.000000 0.000000 0.000000 0.000000 0.000000 0.500000 0.500000 0.000000 0.000000 0.000000
 0.000000 0.000000 0.000000 0.000000 0.000000 0.000000 0.000000 0.000000 0.000000 0.000000 0.000000 0.000000 0.000000 0.000000 0.500003 0.000000 0.000000 0.499997 0.000000 0.000000
 0.000000 0.000000 0.000000 0.499547 0.000000 0.000000 0.000000 0.000000 0.000000 0.000000 0.000000 0.000000 0.000000 0.000000 0.000000 0.000000 0.000000 0.000960 0.499494 0.000000
 0.000000 0.476365 0.000000 0.000000 0.000000 0.000000 0.000000 0.000000 0.000000 0.000000 0.000000 0.000000 0.024277 0.023289 0.476069 0.000000 0.000000 0.000000 0.000000 0.000000
 0.000000 0.000000 0.000000 0.000000 0.466245 0.000000 0.000000 0.000000 0.000000 0.000000 0.000000 0.023764 0.000000 0.464000 0.000000 0.000000 0.033549 0.012442 0.000000 0.000000
 0.000000 0.023044 0.472753 0.000000 0.000000 0.000000 0.000000 0.000000 0.000000 0.000000 0.000000 0.023109 0.470349 0.000000 0.000000 0.000000 0.010747 0.000000 0.000000 0.000000
 0.000000 0.004843 0.000000 0.000000 0.000000 0.003387 0.000000 0.000000 0.000000 0.496076 0.000000 0.495695 0.000000 0.000000 0.000000 0.000000 0.000000 0.000000 0.000000 0.000000
 0.000000 0.000000 0.000000 0.000000 0.000000 0.000000 0.500000 0.000000 0.500000 0.000000 0.000000 0.000000 0.000000 0.000000 0.000000 0.000000 0.000000 0.000000 0.000000 0.000000
 0.000000 0.000000 0.000000 0.000000 0.477005 0.000000 0.000000 0.000000 0.477765 0.000000 0.000000 0.000000 0.034369 0.010860 0.000000 0.000000 0.000000 0.000000 0.000000 0.000000
 0.000000 0.000000 0.000000 0.000000 0.000000 0.000000 0.000000 0.000000 0.000000 0.492998 0.000947 0.000000 0.013152 0.000000 0.000000 0.000000 0.000000 0.000000 0.492902 0.000000
 0.000000 0.000000 0.000000 0.000000 0.005078 0.000000 0.000000 0.000000 0.000000 0.000000 0.497486 0.000000 0.000000 0.000000 0.000000 0.000000 0.000000 0.497436 0.000000 0.000000
 0.000000 0.000000 0.000000 0.500000 0.000000 0.000000 0.000000 0.500000 0.000000 0.000000 0.000000 0.000000 0.000000 0.000000 0.000000 0.000000 0.000000 0.000000 0.000000 0.000000
the mean of prob-rank is 1.4736842105263157
the number of false negetive edges is 0
the number of probability greater than 0 is 3.1/edge
