20
 0.000000 0.000000 0.000000 0.000000 0.000000 0.000000 0.499525 0.000000 0.000000 0.000000 0.000000 0.000000 0.000959 0.000000 0.000000 0.000000 0.000000 0.499516 0.000000 0.000000
 0.000000 0.000000 0.000000 0.000000 0.000000 0.000000 0.000000 0.000000 0.000000 0.000000 0.000005 0.000001 0.008886 0.065119 0.000000 0.463035 0.462952 0.000000 0.000000 0.000000
 0.000000 0.000000 0.000000 0.000000 0.000000 0.000000 0.000000 0.000000 0.000000 0.000000 0.000000 0.000000 0.458171 0.001178 0.000000 0.000000 0.000000 0.459102 0.081549 0.000000
 0.000000 0.000000 0.000000 0.000000 0.398196 0.391031 0.000000 0.000000 0.194124 0.000000 0.000000 0.000000 0.000000 0.000000 0.000760 0.000000 0.015889 0.000000 0.000000 0.000000
 0.000000 0.000000 0.000000 0.398344 0.000000 0.195598 0.000000 0.000000 0.390891 0.000000 0.000000 0.000000 0.000000 0.000000 0.014475 0.000000 0.000692 0.000000 0.000000 0.000000
 0.000000 0.000000 0.000000 0.387261 0.193640 0.000000 0.000000 0.000000 0.000000 0.000000 0.000000 0.000000 0.000000 0.000000 0.394360 0.000000 0.000010 0.000000 0.000000 0.024729
 0.499458 0.000000 0.000000 0.000000 0.000000 0.000000 0.000000 0.000000 0.000000 0.000000 0.000000 0.000000 0.001083 0.000000 0.000000 0.000000 0.000000 0.000000 0.000000 0.499458
 0.000000 0.000000 0.000000 0.000000 0.000000 0.000000 0.000000 0.000000 0.000000 0.499983 0.000000 0.000000 0.000000 0.000001 0.000000 0.000000 0.000000 0.000000 0.500016 0.000000
 0.000000 0.000000 0.000000 0.197469 0.397479 0.000000 0.000000 0.000000 0.000000 0.000000 0.000000 0.405052 0.000000 0.000000 0.000000 0.000000 0.000000 0.000000 0.000000 0.000000
 0.000000 0.000000 0.000000 0.000000 0.000000 0.000000 0.000000 0.487950 0.000000 0.000000 0.487919 0.000000 0.000000 0.024131 0.000000 0.000000 0.000000 0.000000 0.000000 0.000000
 0.000000 0.000005 0.000000 0.000000 0.000000 0.000000 0.000000 0.000000 0.000000 0.451053 0.000000 0.426117 0.000000 0.045195 0.000000 0.000000 0.077630 0.000000 0.000000 0.000000
 0.000000 0.000001 0.000000 0.000000 0.000000 0.000000 0.000000 0.000000 0.436472 0.000000 0.412298 0.000000 0.000000 0.000000 0.000000 0.000000 0.151229 0.000000 0.000000 0.000000
 0.000920 0.009200 0.478447 0.000000 0.000000 0.000000 0.001040 0.000000 0.000000 0.000000 0.000000 0.000000 0.000000 0.014434 0.000000 0.479417 0.016542 0.000001 0.000000 0.000000
 0.000000 0.060596 0.001106 0.000000 0.000000 0.000000 0.000000 0.000001 0.000000 0.021310 0.043172 0.000000 0.012974 0.000000 0.000000 0.001193 0.429074 0.000000 0.430575 0.000000
 0.000000 0.000000 0.000000 0.000937 0.017829 0.490651 0.000000 0.000000 0.000000 0.000000 0.000000 0.000000 0.000000 0.000000 0.000000 0.000000 0.000058 0.000000 0.000000 0.490525
 0.000000 0.476627 0.000000 0.000000 0.000000 0.000000 0.000000 0.000000 0.000000 0.000000 0.000000 0.000000 0.476679 0.001319 0.000000 0.000000 0.045374 0.000000 0.000000 0.000000
 0.000000 0.372267 0.000000 0.014858 0.000647 0.000010 0.000000 0.000000 0.000000 0.000000 0.064081 0.129018 0.012849 0.370781 0.000044 0.035446 0.000000 0.000000 0.000000 0.000000
 0.499995 0.000000 0.500004 0.000000 0.000000 0.000000 0.000000 0.000000 0.000000 0.000000 0.000000 0.000000 0.000001 0.000000 0.000000 0.000000 0.000000 0.000000 0.000000 0.000000
 0.000000 0.000000 0.081599 0.000000 0.000000 0.000000 0.000000 0.459385 0.000000 0.000000 0.000000 0.000000 0.000000 0.459016 0.000000 0.000000 0.000000 0.000000 0.000000 0.000000
 0.000000 0.000000 0.000000 0.000000 0.000000 0.030404 0.484861 0.000000 0.000000 0.000000 0.000000 0.000000 0.000000 0.000000 0.484735 0.000000 0.000000 0.000000 0.000000 0.000000
the mean of prob-rank is 1.368421052631579
the number of false negetive edges is 0
the number of probability greater than 0 is 4.4/edge
