20
 0.000000 0.000000 0.000000 0.000000 0.000000 0.000000 0.000000 0.290982 0.000000 0.000000 0.000165 0.252378 0.277726 0.000016 0.000000 0.000000 0.174890 0.003843 0.000000 0.000000
 0.000000 0.000000 0.000000 0.000000 0.000000 0.484490 0.000000 0.000000 0.000000 0.000000 0.000000 0.000000 0.000001 0.025316 0.490193 0.000000 0.000000 0.000000 0.000000 0.000000
 0.000000 0.000000 0.000000 0.000000 0.000000 0.000000 0.000000 0.000000 0.500000 0.500000 0.000000 0.000000 0.000000 0.000000 0.000000 0.000000 0.000000 0.000000 0.000000 0.000000
 0.000000 0.000000 0.000000 0.000000 0.500000 0.000000 0.000000 0.000000 0.000000 0.000000 0.000000 0.500000 0.000000 0.000000 0.000000 0.000000 0.000000 0.000000 0.000000 0.000000
 0.000000 0.000000 0.000000 0.500000 0.000000 0.000000 0.000000 0.000000 0.000000 0.000000 0.000000 0.000000 0.000000 0.000000 0.000000 0.000000 0.000000 0.000000 0.000000 0.500000
 0.000000 0.371496 0.000000 0.000000 0.000000 0.000000 0.000000 0.000000 0.000000 0.375869 0.000000 0.000000 0.000000 0.000000 0.252635 0.000000 0.000000 0.000000 0.000000 0.000000
 0.000000 0.000000 0.000000 0.000000 0.000000 0.000000 0.000000 0.000000 0.000000 0.000000 0.000000 0.000000 0.000000 0.000000 0.000000 0.500012 0.000000 0.000000 0.499988 0.000000
 0.335171 0.000000 0.000000 0.000000 0.000000 0.000000 0.000000 0.000000 0.000000 0.000000 0.341207 0.269813 0.000000 0.000000 0.000000 0.000000 0.000000 0.000000 0.053810 0.000000
 0.000000 0.000000 0.500000 0.000000 0.000000 0.000000 0.000000 0.000000 0.000000 0.000000 0.000000 0.000000 0.000000 0.000000 0.000000 0.000000 0.000000 0.000000 0.000000 0.500000
 0.000000 0.000000 0.500000 0.000000 0.000000 0.500000 0.000000 0.000000 0.000000 0.000000 0.000000 0.000000 0.000000 0.000000 0.000000 0.000000 0.000000 0.000000 0.000000 0.000000
 0.000246 0.000000 0.000000 0.000000 0.000000 0.000000 0.000000 0.440192 0.000000 0.000000 0.000000 0.000000 0.000000 0.000000 0.000000 0.000000 0.119963 0.000000 0.439599 0.000000
 0.322278 0.000000 0.000000 0.378377 0.000000 0.000000 0.000000 0.299118 0.000000 0.000000 0.000000 0.000000 0.000000 0.000000 0.000000 0.000000 0.000000 0.000000 0.000226 0.000000
 0.316328 0.000001 0.000000 0.000000 0.000000 0.000000 0.000000 0.000000 0.000000 0.000000 0.000000 0.000000 0.000000 0.041715 0.304463 0.000000 0.000000 0.337493 0.000000 0.000000
 0.000023 0.022263 0.000000 0.000000 0.000000 0.000000 0.000000 0.000000 0.000000 0.000000 0.000000 0.000000 0.053282 0.000000 0.083177 0.000000 0.410483 0.430773 0.000000 0.000000
 0.000000 0.361345 0.000000 0.000000 0.000000 0.242873 0.000000 0.000000 0.000000 0.000000 0.000000 0.000000 0.325980 0.069723 0.000000 0.000000 0.000000 0.000078 0.000000 0.000000
 0.000000 0.000000 0.000000 0.000000 0.000000 0.000000 0.499999 0.000000 0.000000 0.000000 0.000000 0.000000 0.000000 0.000000 0.000000 0.000000 0.500001 0.000000 0.000000 0.000000
 0.209679 0.000000 0.000000 0.000000 0.000000 0.000000 0.000000 0.000000 0.000000 0.000000 0.096787 0.000000 0.000000 0.338284 0.000000 0.355251 0.000000 0.000000 0.000000 0.000000
 0.006444 0.000000 0.000000 0.000000 0.000000 0.000000 0.000000 0.000000 0.000000 0.000000 0.000000 0.000000 0.496896 0.496552 0.000108 0.000000 0.000000 0.000000 0.000000 0.000000
 0.000000 0.000000 0.000000 0.000000 0.000000 0.000000 0.463676 0.073106 0.000000 0.000000 0.462940 0.000277 0.000000 0.000000 0.000000 0.000000 0.000000 0.000000 0.000000 0.000000
 0.000000 0.000000 0.000000 0.000000 0.500000 0.000000 0.000000 0.000000 0.500000 0.000000 0.000000 0.000000 0.000000 0.000000 0.000000 0.000000 0.000000 0.000000 0.000000 0.000000
the mean of prob-rank is 1.631578947368421
the number of false negetive edges is 0
the number of probability greater than 0 is 3.4/edge
