20
 0.000000 0.500000 0.000000 0.000000 0.000000 0.000000 0.000000 0.000000 0.000000 0.000000 0.000000 0.000000 0.500000 0.000000 0.000000 0.000000 0.000000 0.000000 0.000000 0.000000
 0.500000 0.000000 0.000000 0.000000 0.000000 0.000000 0.000000 0.000000 0.000000 0.000000 0.500000 0.000000 0.000000 0.000000 0.000000 0.000000 0.000000 0.000000 0.000000 0.000000
 0.000000 0.000000 0.000000 0.000000 0.000000 0.000000 0.201333 0.000000 0.000000 0.275103 0.000000 0.000000 0.000000 0.000000 0.000000 0.000000 0.000000 0.273651 0.249913 0.000000
 0.000000 0.000000 0.000000 0.000000 0.000000 0.000000 0.500000 0.000000 0.000000 0.000000 0.000000 0.500000 0.000000 0.000000 0.000000 0.000000 0.000000 0.000000 0.000000 0.000000
 0.000000 0.000000 0.000000 0.000000 0.000000 0.000004 0.000000 0.000000 0.427910 0.000000 0.000000 0.000000 0.146082 0.000000 0.000000 0.000000 0.000000 0.000000 0.000000 0.426004
 0.000000 0.000000 0.000000 0.000000 0.000004 0.000000 0.000000 0.000000 0.390996 0.000000 0.000000 0.000000 0.000000 0.000000 0.395396 0.000000 0.000000 0.000000 0.000000 0.213603
 0.000000 0.000000 0.254689 0.357462 0.000000 0.000000 0.000000 0.000000 0.000000 0.000000 0.000000 0.000000 0.000000 0.000000 0.000000 0.039463 0.000000 0.000000 0.348386 0.000000
 0.000000 0.000000 0.000000 0.000000 0.000000 0.000000 0.000000 0.000000 0.000000 0.000000 0.500000 0.500000 0.000000 0.000000 0.000000 0.000000 0.000000 0.000000 0.000000 0.000000
 0.000000 0.000000 0.000000 0.000000 0.370784 0.366658 0.000000 0.000000 0.000000 0.000000 0.000000 0.000000 0.000049 0.000000 0.000000 0.000000 0.000000 0.000000 0.000000 0.262508
 0.000000 0.000000 0.370096 0.000000 0.000000 0.000000 0.000000 0.000000 0.000000 0.000000 0.000000 0.000000 0.000000 0.000000 0.000000 0.380149 0.000000 0.240632 0.009123 0.000000
 0.000000 0.500000 0.000000 0.000000 0.000000 0.000000 0.000000 0.500000 0.000000 0.000000 0.000000 0.000000 0.000000 0.000000 0.000000 0.000000 0.000000 0.000000 0.000000 0.000000
 0.000000 0.000000 0.000000 0.500000 0.000000 0.000000 0.000000 0.500000 0.000000 0.000000 0.000000 0.000000 0.000000 0.000000 0.000000 0.000000 0.000000 0.000000 0.000000 0.000000
 0.428963 0.000000 0.000000 0.000000 0.146442 0.000000 0.000000 0.000000 0.000057 0.000000 0.000000 0.000000 0.000000 0.000000 0.000000 0.000000 0.000000 0.000000 0.000000 0.424538
 0.000000 0.000000 0.000000 0.000000 0.000000 0.000000 0.000000 0.000000 0.000000 0.000000 0.000000 0.000000 0.000000 0.000000 0.500000 0.000000 0.500000 0.000000 0.000000 0.000000
 0.000000 0.000000 0.000000 0.000000 0.000000 0.500000 0.000000 0.000000 0.000000 0.000000 0.000000 0.000000 0.000000 0.500000 0.000000 0.000000 0.000000 0.000000 0.000000 0.000000
 0.000000 0.000000 0.000000 0.000000 0.000000 0.000000 0.052321 0.000000 0.000000 0.473924 0.000000 0.000000 0.000000 0.000000 0.000000 0.000000 0.000000 0.000000 0.473755 0.000000
 0.000000 0.000000 0.000000 0.000000 0.000000 0.000000 0.000000 0.000000 0.000000 0.000000 0.000000 0.000000 0.000000 0.500000 0.000000 0.000000 0.000000 0.500000 0.000000 0.000000
 0.000000 0.000000 0.372266 0.000000 0.000000 0.000000 0.000000 0.000000 0.000000 0.243327 0.000000 0.000000 0.000000 0.000000 0.000000 0.000000 0.384407 0.000000 0.000000 0.000000
 0.000000 0.000000 0.306804 0.000000 0.000000 0.000000 0.338094 0.000000 0.000000 0.008325 0.000000 0.000000 0.000000 0.000000 0.000000 0.346778 0.000000 0.000000 0.000000 0.000000
 0.000000 0.000000 0.000000 0.000000 0.307891 0.167075 0.000000 0.000000 0.218956 0.000000 0.000000 0.000000 0.306078 0.000000 0.000000 0.000000 0.000000 0.000000 0.000000 0.000000
the mean of prob-rank is 1.7894736842105263
the number of false negetive edges is 0
the number of probability greater than 0 is 3.0/edge
