20
 0.000000 0.000000 0.000000 0.000000 0.000000 0.000000 0.000000 0.000000 0.000000 0.000000 0.500000 0.000000 0.000000 0.000000 0.000000 0.000000 0.000000 0.500000 0.000000 0.000000
 0.000000 0.000000 0.000000 0.000000 0.000000 0.047311 0.329330 0.000000 0.000000 0.000000 0.000000 0.000000 0.274595 0.000000 0.000000 0.000000 0.000000 0.348763 0.000000 0.000000
 0.000000 0.000000 0.000000 0.000000 0.236256 0.000000 0.000000 0.000000 0.000000 0.000000 0.000000 0.000000 0.000000 0.000000 0.000000 0.381522 0.382222 0.000000 0.000000 0.000000
 0.000000 0.000000 0.000000 0.000000 0.000000 0.000000 0.000000 0.000000 0.000000 0.000000 0.000000 0.381643 0.000000 0.380508 0.000000 0.237849 0.000000 0.000000 0.000000 0.000000
 0.000000 0.000000 0.236844 0.000000 0.000000 0.000000 0.000000 0.000000 0.384446 0.000000 0.000000 0.000000 0.000000 0.000000 0.000000 0.000000 0.378710 0.000000 0.000000 0.000000
 0.000000 0.049701 0.000000 0.000000 0.000000 0.000000 0.235347 0.000000 0.000000 0.000000 0.000000 0.000000 0.347245 0.000000 0.000000 0.000000 0.000000 0.000000 0.000000 0.367707
 0.000000 0.337654 0.000000 0.000000 0.000000 0.229689 0.000000 0.000000 0.000000 0.000000 0.000000 0.000000 0.358880 0.000000 0.000000 0.000000 0.000000 0.073772 0.000000 0.000005
 0.000000 0.000000 0.000000 0.000000 0.000000 0.000000 0.000000 0.000000 0.000000 0.000000 0.000000 0.000000 0.000000 0.000000 0.500000 0.000000 0.000000 0.000000 0.500000 0.000000
 0.000000 0.000000 0.000000 0.000000 0.500000 0.000000 0.000000 0.000000 0.000000 0.500000 0.000000 0.000000 0.000000 0.000000 0.000000 0.000000 0.000000 0.000000 0.000000 0.000000
 0.000000 0.000000 0.000000 0.000000 0.000000 0.000000 0.000000 0.000000 0.500001 0.000000 0.499999 0.000000 0.000000 0.000000 0.000000 0.000000 0.000000 0.000000 0.000000 0.000000
 0.500001 0.000000 0.000000 0.000000 0.000000 0.000000 0.000000 0.000000 0.000000 0.499999 0.000000 0.000000 0.000000 0.000000 0.000000 0.000000 0.000000 0.000000 0.000000 0.000000
 0.000000 0.000000 0.000000 0.460356 0.000000 0.000000 0.000000 0.000000 0.000000 0.000000 0.000000 0.000000 0.000000 0.077590 0.000000 0.000000 0.000000 0.000000 0.462054 0.000000
 0.000000 0.287483 0.000000 0.000000 0.000000 0.346056 0.366461 0.000000 0.000000 0.000000 0.000000 0.000000 0.000000 0.000000 0.000000 0.000000 0.000000 0.000000 0.000000 0.000000
 0.000000 0.000000 0.000000 0.358197 0.000000 0.000000 0.000000 0.000000 0.000000 0.000000 0.000000 0.060552 0.000000 0.000000 0.000000 0.360255 0.220996 0.000000 0.000000 0.000000
 0.000000 0.000000 0.000000 0.000000 0.000000 0.000000 0.000000 0.500000 0.000000 0.000000 0.000000 0.000000 0.000000 0.000000 0.000000 0.000000 0.000000 0.000000 0.000000 0.500000
 0.000000 0.000000 0.380465 0.237462 0.000000 0.000000 0.000000 0.000000 0.000000 0.000000 0.000000 0.000000 0.000000 0.382072 0.000000 0.000000 0.000000 0.000000 0.000000 0.000000
 0.000000 0.000000 0.384134 0.000000 0.379659 0.000000 0.000000 0.000000 0.000000 0.000000 0.000000 0.000000 0.000000 0.236207 0.000000 0.000000 0.000000 0.000000 0.000000 0.000000
 0.454146 0.452499 0.000000 0.000000 0.000000 0.000000 0.093355 0.000000 0.000000 0.000000 0.000000 0.000000 0.000000 0.000000 0.000000 0.000000 0.000000 0.000000 0.000000 0.000000
 0.000000 0.000000 0.000000 0.000000 0.000000 0.000000 0.000000 0.500000 0.000000 0.000000 0.000000 0.500000 0.000000 0.000000 0.000000 0.000000 0.000000 0.000000 0.000000 0.000000
 0.000000 0.000000 0.000000 0.000000 0.000000 0.499988 0.000006 0.000000 0.000000 0.000000 0.000000 0.000000 0.000000 0.000000 0.500006 0.000000 0.000000 0.000000 0.000000 0.000000
the mean of prob-rank is 1.5789473684210527
the number of false negetive edges is 0
the number of probability greater than 0 is 2.9/edge
