20
 0.000000 0.000000 0.000000 0.000000 0.000000 0.000000 0.000000 0.000000 0.000000 0.000000 0.000000 0.000000 0.000000 0.000000 0.000000 0.000000 0.000000 0.000000 0.500000 0.500000
 0.000000 0.000000 0.000000 0.000000 0.000000 0.000000 0.334057 0.000011 0.000028 0.000000 0.086607 0.238122 0.000000 0.341173 0.000000 0.000000 0.000000 0.000000 0.000000 0.000000
 0.000000 0.000000 0.000000 0.000000 0.000000 0.000000 0.000000 0.000000 0.000000 0.000000 0.000000 0.000000 0.000081 0.000000 0.000000 0.499961 0.499957 0.000000 0.000000 0.000000
 0.000000 0.000000 0.000000 0.000000 0.500005 0.000000 0.000000 0.000000 0.499980 0.000000 0.000015 0.000000 0.000000 0.000000 0.000000 0.000000 0.000000 0.000000 0.000000 0.000000
 0.000000 0.000000 0.000000 0.500001 0.000000 0.000000 0.000000 0.000000 0.000000 0.000000 0.499999 0.000000 0.000000 0.000000 0.000000 0.000000 0.000000 0.000000 0.000000 0.000000
 0.000000 0.000000 0.000000 0.000000 0.000000 0.000000 0.000000 0.309137 0.000000 0.000000 0.000000 0.000000 0.000000 0.000000 0.327160 0.000000 0.000000 0.000000 0.363703 0.000000
 0.000000 0.301275 0.000000 0.000000 0.000000 0.000000 0.000000 0.000000 0.307554 0.000000 0.000056 0.000000 0.000000 0.198925 0.192190 0.000000 0.000000 0.000000 0.000000 0.000000
 0.000000 0.000012 0.000000 0.000000 0.000000 0.308081 0.000000 0.000000 0.000000 0.000000 0.000000 0.000000 0.000000 0.329445 0.362461 0.000000 0.000000 0.000000 0.000000 0.000000
 0.000000 0.000041 0.000000 0.500078 0.000000 0.000000 0.499879 0.000000 0.000000 0.000000 0.000002 0.000000 0.000000 0.000000 0.000000 0.000000 0.000000 0.000000 0.000000 0.000000
 0.000000 0.000000 0.000000 0.000000 0.000000 0.000000 0.000000 0.000000 0.000000 0.000000 0.382657 0.242252 0.375091 0.000000 0.000000 0.000000 0.000000 0.000000 0.000000 0.000000
 0.000000 0.112899 0.000000 0.000013 0.444742 0.000000 0.000081 0.000000 0.000002 0.442259 0.000000 0.000000 0.000000 0.000004 0.000000 0.000000 0.000000 0.000000 0.000000 0.000000
 0.000000 0.173117 0.000000 0.000000 0.000000 0.000000 0.000000 0.000000 0.000000 0.156148 0.000000 0.000000 0.244369 0.195292 0.000000 0.231075 0.000000 0.000000 0.000000 0.000000
 0.000000 0.000000 0.000068 0.000000 0.000000 0.000000 0.000000 0.000000 0.000000 0.406669 0.000000 0.411035 0.000000 0.000000 0.000000 0.178037 0.004191 0.000000 0.000000 0.000000
 0.000000 0.226058 0.000000 0.000000 0.000000 0.000000 0.146148 0.205467 0.000000 0.000000 0.000002 0.177988 0.000000 0.000000 0.100300 0.144037 0.000000 0.000000 0.000000 0.000000
 0.000000 0.000000 0.000000 0.000000 0.000000 0.303091 0.210462 0.336946 0.000000 0.000000 0.000000 0.000000 0.000000 0.149500 0.000000 0.000000 0.000000 0.000000 0.000000 0.000000
 0.000000 0.000000 0.333831 0.000000 0.000000 0.000000 0.000000 0.000000 0.000000 0.000000 0.000000 0.311003 0.142459 0.212707 0.000000 0.000000 0.000000 0.000000 0.000000 0.000000
 0.000000 0.000000 0.497499 0.000000 0.000000 0.000000 0.000000 0.000000 0.000000 0.000000 0.000000 0.000000 0.004998 0.000000 0.000000 0.000000 0.000000 0.497503 0.000000 0.000000
 0.000000 0.000000 0.000000 0.000000 0.000000 0.000000 0.000000 0.000000 0.000000 0.000000 0.000000 0.000000 0.000000 0.000000 0.000000 0.000000 0.500000 0.000000 0.000000 0.500000
 0.500000 0.000000 0.000000 0.000000 0.000000 0.500000 0.000000 0.000000 0.000000 0.000000 0.000000 0.000000 0.000000 0.000000 0.000000 0.000000 0.000000 0.000000 0.000000 0.000000
 0.500000 0.000000 0.000000 0.000000 0.000000 0.000000 0.000000 0.000000 0.000000 0.000000 0.000000 0.000000 0.000000 0.000000 0.000000 0.000000 0.000000 0.500000 0.000000 0.000000
the mean of prob-rank is 1.5789473684210527
the number of false negetive edges is 0
the number of probability greater than 0 is 3.8/edge
