20
 0.000000 0.000000 0.000000 0.012982 0.000000 0.000000 0.000000 0.493411 0.000000 0.000000 0.000000 0.000000 0.000000 0.000000 0.000000 0.000000 0.000000 0.000000 0.493607 0.000000
 0.000000 0.000000 0.000000 0.000000 0.000000 0.000000 0.000000 0.000000 0.000000 0.000000 0.000000 0.000007 0.499995 0.000000 0.000000 0.000000 0.499998 0.000000 0.000000 0.000000
 0.000000 0.000000 0.000000 0.000000 0.000000 0.000000 0.000299 0.000000 0.000000 0.000000 0.000000 0.505484 0.000000 0.000000 0.000000 0.000000 0.494217 0.000000 0.000000 0.000000
 0.012981 0.000000 0.000000 0.000000 0.000000 0.000000 0.000000 0.493381 0.000000 0.000000 0.000000 0.000000 0.000000 0.000000 0.000000 0.000000 0.000000 0.493604 0.000034 0.000000
 0.000000 0.000000 0.000000 0.000000 0.000000 0.000000 0.000000 0.000000 0.342564 0.000000 0.000000 0.000000 0.000000 0.021396 0.000000 0.382500 0.000000 0.000000 0.253540 0.000000
 0.000000 0.000000 0.000000 0.000000 0.000000 0.000000 0.000000 0.000000 0.000000 0.490694 0.017118 0.000000 0.000000 0.492187 0.000000 0.000000 0.000000 0.000000 0.000000 0.000001
 0.000000 0.000000 0.000273 0.000000 0.000000 0.000000 0.000000 0.036380 0.036496 0.000000 0.005395 0.461707 0.000000 0.000000 0.000000 0.000000 0.000000 0.459748 0.000000 0.000000
 0.460199 0.000000 0.000000 0.460192 0.000000 0.000000 0.036275 0.000000 0.000020 0.000000 0.000000 0.000000 0.000000 0.000000 0.000000 0.000000 0.000000 0.043315 0.000000 0.000000
 0.000000 0.000000 0.000000 0.000000 0.291492 0.000000 0.025726 0.000014 0.000000 0.162574 0.000000 0.000000 0.000000 0.000025 0.000000 0.216092 0.000000 0.000000 0.304077 0.000000
 0.000000 0.000000 0.000000 0.000000 0.000000 0.397352 0.000000 0.000000 0.199080 0.000000 0.388987 0.000000 0.000000 0.014580 0.000000 0.000000 0.000000 0.000000 0.000000 0.000000
 0.000000 0.000000 0.000000 0.000000 0.000000 0.011615 0.003902 0.000000 0.000000 0.325949 0.000000 0.000000 0.073571 0.068811 0.183636 0.000000 0.000000 0.000000 0.000000 0.332515
 0.000000 0.000007 0.500011 0.000000 0.000000 0.000000 0.499976 0.000000 0.000000 0.000000 0.000000 0.000000 0.000000 0.000000 0.000000 0.000000 0.000000 0.000006 0.000000 0.000000
 0.000000 0.451641 0.000000 0.000000 0.000000 0.000000 0.000000 0.000000 0.000000 0.000000 0.099493 0.000000 0.000000 0.000000 0.448865 0.000000 0.000000 0.000000 0.000000 0.000000
 0.000000 0.000000 0.000000 0.000000 0.021623 0.386564 0.000000 0.000000 0.000029 0.014141 0.079647 0.000000 0.000000 0.000000 0.000000 0.375653 0.000000 0.000000 0.000000 0.122342
 0.000000 0.000000 0.000000 0.000000 0.000000 0.000000 0.000000 0.000000 0.000000 0.000000 0.216163 0.000000 0.390709 0.000000 0.000000 0.000000 0.000000 0.000000 0.000000 0.393128
 0.000000 0.000000 0.000000 0.000000 0.377697 0.000000 0.000000 0.000000 0.250764 0.000000 0.000000 0.000000 0.000000 0.367036 0.000000 0.000000 0.000000 0.000000 0.004502 0.000000
 0.000000 0.505636 0.494364 0.000000 0.000000 0.000000 0.000000 0.000000 0.000000 0.000000 0.000000 0.000000 0.000000 0.000000 0.000000 0.000000 0.000000 0.000000 0.000000 0.000000
 0.000000 0.000000 0.000000 0.478519 0.000000 0.000000 0.476455 0.045019 0.000000 0.000000 0.000000 0.000006 0.000000 0.000000 0.000000 0.000000 0.000000 0.000000 0.000000 0.000000
 0.383264 0.000000 0.000000 0.000027 0.254057 0.000000 0.000000 0.000000 0.358083 0.000000 0.000000 0.000000 0.000000 0.000000 0.000000 0.004569 0.000000 0.000000 0.000000 0.000000
 0.000000 0.000000 0.000000 0.000000 0.000000 0.000001 0.000000 0.000000 0.000000 0.000000 0.430616 0.000000 0.000000 0.136881 0.432502 0.000000 0.000000 0.000000 0.000000 0.000000
the mean of prob-rank is 1.5263157894736843
the number of false negetive edges is 0
the number of probability greater than 0 is 4.25/edge
