20
 0.000000 0.000000 0.000000 0.402058 0.000000 0.000000 0.403445 0.194497 0.000000 0.000000 0.000000 0.000000 0.000000 0.000000 0.000000 0.000000 0.000000 0.000000 0.000000 0.000000
 0.000000 0.000000 0.000000 0.000000 0.000000 0.000000 0.000000 0.424207 0.000000 0.000000 0.000000 0.000000 0.000000 0.000000 0.000000 0.000001 0.000000 0.147380 0.000000 0.428413
 0.000000 0.000000 0.000000 0.000000 0.500000 0.000000 0.000000 0.000000 0.000000 0.000002 0.000000 0.000000 0.000000 0.499998 0.000000 0.000000 0.000000 0.000000 0.000000 0.000000
 0.474024 0.000000 0.000000 0.000000 0.000000 0.000000 0.050321 0.000000 0.000000 0.000000 0.000000 0.000000 0.000000 0.000000 0.000000 0.475655 0.000000 0.000000 0.000000 0.000000
 0.000000 0.000000 0.499962 0.000000 0.000000 0.000000 0.000000 0.000077 0.000000 0.000000 0.499961 0.000000 0.000000 0.000000 0.000000 0.000000 0.000000 0.000000 0.000000 0.000000
 0.000000 0.000000 0.000000 0.000000 0.000000 0.000000 0.000000 0.052843 0.000000 0.000000 0.473570 0.000000 0.000000 0.000000 0.000000 0.000000 0.000000 0.000000 0.473587 0.000000
 0.475488 0.000000 0.000000 0.050303 0.000000 0.000000 0.000000 0.000000 0.000000 0.000000 0.000000 0.474209 0.000000 0.000000 0.000000 0.000000 0.000000 0.000000 0.000000 0.000000
 0.176372 0.362259 0.000000 0.000000 0.000056 0.040821 0.000000 0.000000 0.000000 0.000000 0.000000 0.058045 0.000000 0.000000 0.000000 0.000000 0.000000 0.362447 0.000000 0.000000
 0.000000 0.000000 0.000000 0.000000 0.000000 0.000000 0.000000 0.000000 0.000000 0.000000 0.000000 0.000000 0.000000 0.000000 0.000000 0.000000 0.500000 0.000000 0.000000 0.500000
 0.000000 0.000000 0.000002 0.000000 0.000000 0.000000 0.000000 0.000000 0.000000 0.000000 0.000000 0.000000 0.500007 0.000000 0.499992 0.000000 0.000000 0.000000 0.000000 0.000000
 0.000000 0.000000 0.000000 0.000000 0.497701 0.497679 0.000000 0.000000 0.000000 0.000000 0.000000 0.000000 0.000000 0.000008 0.004611 0.000000 0.000000 0.000000 0.000001 0.000000
 0.000000 0.000000 0.000000 0.000000 0.000000 0.000000 0.462580 0.073591 0.000000 0.000000 0.000000 0.000000 0.463830 0.000000 0.000000 0.000000 0.000000 0.000000 0.000000 0.000000
 0.000000 0.000000 0.000000 0.000000 0.000000 0.000000 0.000000 0.000000 0.000000 0.499996 0.000000 0.499996 0.000000 0.000000 0.000008 0.000000 0.000000 0.000000 0.000000 0.000000
 0.000000 0.000000 0.499995 0.000000 0.000000 0.000000 0.000000 0.000000 0.000000 0.000000 0.000008 0.000000 0.000000 0.000000 0.499997 0.000000 0.000000 0.000000 0.000000 0.000000
 0.000000 0.000000 0.000000 0.000000 0.000000 0.000000 0.000000 0.000000 0.000000 0.497683 0.004611 0.000000 0.000008 0.497698 0.000000 0.000000 0.000000 0.000000 0.000000 0.000000
 0.000000 0.000001 0.000000 0.499998 0.000000 0.000000 0.000000 0.000000 0.000000 0.000000 0.000000 0.000000 0.000000 0.000000 0.000000 0.000000 0.000000 0.500001 0.000000 0.000000
 0.000000 0.000000 0.000000 0.000000 0.000000 0.000000 0.000000 0.000000 0.500000 0.000000 0.000000 0.000000 0.000000 0.000000 0.000000 0.000000 0.000000 0.000000 0.500000 0.000000
 0.000000 0.147348 0.000000 0.000000 0.000000 0.000000 0.000000 0.424335 0.000000 0.000000 0.000000 0.000000 0.000000 0.000000 0.000000 0.428317 0.000000 0.000000 0.000000 0.000000
 0.000000 0.000000 0.000000 0.000000 0.000000 0.499997 0.000000 0.000000 0.000000 0.000000 0.000001 0.000000 0.000000 0.000000 0.000000 0.000000 0.500001 0.000000 0.000000 0.000000
 0.000000 0.500000 0.000000 0.000000 0.000000 0.000000 0.000000 0.000000 0.500000 0.000000 0.000000 0.000000 0.000000 0.000000 0.000000 0.000000 0.000000 0.000000 0.000000 0.000000
the mean of prob-rank is 1.631578947368421
the number of false negetive edges is 0
the number of probability greater than 0 is 3.1/edge
