20
 0.000000 0.130630 0.000000 0.000000 0.000000 0.000000 0.000000 0.000000 0.000000 0.000000 0.436312 0.000000 0.000000 0.433057 0.000000 0.000000 0.000000 0.000000 0.000000 0.000000
 0.126811 0.000000 0.027694 0.000000 0.000000 0.000000 0.000000 0.000000 0.000000 0.000000 0.422221 0.423274 0.000000 0.000000 0.000000 0.000000 0.000000 0.000000 0.000000 0.000000
 0.000000 0.030612 0.000000 0.000000 0.000000 0.000000 0.034492 0.000000 0.000000 0.000000 0.000000 0.468194 0.000000 0.000000 0.000000 0.000000 0.000000 0.000000 0.466702 0.000000
 0.000000 0.000000 0.000000 0.000000 0.354927 0.000000 0.000000 0.000000 0.000000 0.000000 0.000228 0.000000 0.000000 0.358838 0.286002 0.000000 0.000000 0.000005 0.000000 0.000000
 0.000000 0.000000 0.000000 0.337919 0.000000 0.265315 0.000000 0.000000 0.000000 0.000000 0.000000 0.000000 0.000000 0.055127 0.000000 0.000000 0.000000 0.341639 0.000000 0.000000
 0.000000 0.000000 0.000000 0.000000 0.201630 0.000000 0.000000 0.000000 0.257838 0.029032 0.000000 0.000000 0.119792 0.000000 0.000000 0.000064 0.256323 0.000000 0.135321 0.000000
 0.000000 0.000000 0.035703 0.000000 0.000000 0.000000 0.000000 0.479670 0.000000 0.000000 0.000000 0.000000 0.000000 0.000000 0.000000 0.000000 0.000000 0.000000 0.484627 0.000000
 0.000000 0.000000 0.000000 0.000000 0.000000 0.000000 0.329857 0.000000 0.289812 0.321411 0.000000 0.000000 0.058919 0.000000 0.000000 0.000000 0.000000 0.000000 0.000000 0.000000
 0.000000 0.000000 0.000000 0.000000 0.000000 0.343556 0.000000 0.300848 0.000000 0.009949 0.000000 0.000000 0.345647 0.000000 0.000000 0.000000 0.000000 0.000000 0.000000 0.000000
 0.000000 0.000000 0.000000 0.000000 0.000000 0.038139 0.000000 0.328957 0.009809 0.000000 0.000000 0.000000 0.341091 0.000000 0.000000 0.000000 0.282004 0.000000 0.000000 0.000000
 0.423760 0.422424 0.000000 0.000269 0.000000 0.000000 0.000000 0.000000 0.000000 0.000000 0.000000 0.059726 0.000000 0.093821 0.000000 0.000000 0.000000 0.000000 0.000000 0.000000
 0.000000 0.466918 0.467230 0.000000 0.000000 0.000000 0.000000 0.000000 0.000000 0.000000 0.065853 0.000000 0.000000 0.000000 0.000000 0.000000 0.000000 0.000000 0.000000 0.000000
 0.000000 0.000000 0.000000 0.000000 0.000000 0.174945 0.000000 0.067037 0.378839 0.379179 0.000000 0.000000 0.000000 0.000000 0.000000 0.000000 0.000000 0.000000 0.000000 0.000000
 0.417860 0.000000 0.000000 0.420998 0.067932 0.000000 0.000000 0.000000 0.000000 0.000000 0.093210 0.000000 0.000000 0.000000 0.000000 0.000000 0.000000 0.000000 0.000000 0.000000
 0.000000 0.000000 0.000000 0.291432 0.000000 0.000000 0.000000 0.000000 0.000000 0.000000 0.000000 0.000000 0.000000 0.000000 0.000000 0.001774 0.000000 0.341503 0.000000 0.365291
 0.000000 0.000000 0.000000 0.000000 0.000000 0.000089 0.000000 0.000000 0.000000 0.000000 0.000000 0.000000 0.000000 0.000000 0.001752 0.000000 0.343396 0.293683 0.000000 0.361080
 0.000000 0.000000 0.000000 0.000000 0.000000 0.357042 0.000000 0.000000 0.000000 0.299010 0.000000 0.000000 0.000000 0.000000 0.000000 0.343948 0.000000 0.000000 0.000000 0.000000
 0.000000 0.000000 0.000000 0.000005 0.361294 0.000000 0.000000 0.000000 0.000000 0.000000 0.000000 0.000000 0.000000 0.000000 0.337436 0.293863 0.000000 0.000000 0.000000 0.007402
 0.000000 0.000000 0.395875 0.000000 0.000000 0.206985 0.397140 0.000000 0.000000 0.000000 0.000000 0.000000 0.000000 0.000000 0.000000 0.000000 0.000000 0.000000 0.000000 0.000000
 0.000000 0.000000 0.000000 0.000000 0.000000 0.000000 0.000000 0.000000 0.000000 0.000000 0.000000 0.000000 0.000000 0.000000 0.494681 0.495174 0.000000 0.010145 0.000000 0.000000
the mean of prob-rank is 1.4210526315789473
the number of false negetive edges is 0
the number of probability greater than 0 is 4.1/edge
