20
 0.000000 0.000000 0.425747 0.000000 0.000000 0.000064 0.000000 0.000014 0.000000 0.007434 0.000000 0.000000 0.000000 0.000000 0.000000 0.422613 0.000000 0.000000 0.000000 0.144128
 0.000000 0.000000 0.000000 0.000000 0.000000 0.000000 0.000000 0.000000 0.000000 0.000000 0.000000 0.499953 0.000000 0.000109 0.000000 0.000000 0.000000 0.000000 0.499938 0.000000
 0.500001 0.000000 0.000000 0.000000 0.000000 0.000000 0.000000 0.000000 0.000000 0.000000 0.000000 0.000000 0.000000 0.000000 0.499999 0.000000 0.000000 0.000000 0.000000 0.000000
 0.000000 0.000000 0.000000 0.000000 0.000000 0.000003 0.000000 0.401244 0.000000 0.000000 0.000000 0.000000 0.000000 0.002742 0.000000 0.198402 0.000949 0.000000 0.000000 0.396660
 0.000000 0.000000 0.000000 0.000000 0.000000 0.000000 0.500000 0.000000 0.000000 0.000000 0.000000 0.000000 0.000000 0.000000 0.500000 0.000000 0.000000 0.000000 0.000000 0.000000
 0.000074 0.000000 0.000000 0.000004 0.000000 0.000000 0.000000 0.494732 0.000000 0.494776 0.000000 0.000000 0.000000 0.000000 0.000000 0.000000 0.000000 0.000000 0.010415 0.000000
 0.000000 0.000000 0.000000 0.000000 0.500001 0.000000 0.000000 0.000000 0.499999 0.000000 0.000000 0.000000 0.000000 0.000000 0.000000 0.000000 0.000000 0.000000 0.000000 0.000000
 0.000017 0.000000 0.000000 0.493992 0.000000 0.494030 0.000000 0.000000 0.000000 0.000000 0.000000 0.000000 0.000000 0.004607 0.000000 0.002299 0.000000 0.000000 0.000179 0.004876
 0.000000 0.000000 0.000000 0.000000 0.000000 0.000000 0.499999 0.000000 0.000000 0.000000 0.500001 0.000000 0.000000 0.000000 0.000000 0.000000 0.000000 0.000000 0.000000 0.000000
 0.008656 0.000000 0.000000 0.000000 0.000000 0.495730 0.000000 0.000000 0.000000 0.000000 0.000000 0.000000 0.000000 0.000000 0.000000 0.000000 0.000000 0.000000 0.495613 0.000000
 0.000000 0.000000 0.000000 0.000000 0.000000 0.000000 0.000000 0.000000 0.500000 0.000000 0.000000 0.000000 0.000000 0.000000 0.000000 0.000000 0.000000 0.500000 0.000000 0.000000
 0.000000 0.495524 0.000000 0.000000 0.000000 0.000000 0.000000 0.000000 0.000000 0.000000 0.000000 0.000000 0.000002 0.495269 0.000000 0.000000 0.001988 0.000000 0.007217 0.000000
 0.000000 0.000000 0.000000 0.000000 0.000000 0.000000 0.000000 0.000000 0.000000 0.000000 0.000000 0.000002 0.000000 0.000000 0.000000 0.000000 0.453467 0.466212 0.000000 0.080318
 0.000000 0.000108 0.000000 0.003389 0.000000 0.000000 0.000000 0.004625 0.000000 0.000000 0.000000 0.495809 0.000000 0.000000 0.000000 0.000000 0.496067 0.000000 0.000001 0.000000
 0.000000 0.000000 0.499999 0.000000 0.500001 0.000000 0.000000 0.000000 0.000000 0.000000 0.000000 0.000000 0.000000 0.000000 0.000000 0.000000 0.000000 0.000000 0.000000 0.000000
 0.377355 0.000000 0.000000 0.187942 0.000000 0.000000 0.000000 0.001769 0.000000 0.000000 0.000000 0.000000 0.000000 0.000000 0.000000 0.000000 0.052781 0.000000 0.000000 0.380152
 0.000000 0.000000 0.000000 0.001025 0.000000 0.000000 0.000000 0.000000 0.000000 0.000000 0.000000 0.001739 0.421599 0.433449 0.000000 0.060181 0.000000 0.000000 0.000000 0.082007
 0.000000 0.000000 0.000000 0.000000 0.000000 0.000000 0.000000 0.000000 0.000000 0.000000 0.499983 0.000000 0.499984 0.000000 0.000000 0.000000 0.000000 0.000000 0.000000 0.000033
 0.000000 0.491212 0.000000 0.000000 0.000000 0.010340 0.000000 0.000178 0.000000 0.491113 0.000000 0.007155 0.000000 0.000001 0.000000 0.000000 0.000000 0.000000 0.000000 0.000000
 0.125458 0.000000 0.000000 0.366302 0.000000 0.000000 0.000000 0.003658 0.000000 0.000000 0.000000 0.000000 0.063846 0.000000 0.000000 0.370596 0.070116 0.000024 0.000000 0.000000
the mean of prob-rank is 1.4736842105263157
the number of false negetive edges is 0
the number of probability greater than 0 is 4.2/edge
