20
 0.000000 0.000000 0.000000 0.000000 0.000000 0.000000 0.000000 0.000000 0.000000 0.500000 0.500000 0.000000 0.000000 0.000000 0.000000 0.000000 0.000000 0.000000 0.000000 0.000000
 0.000000 0.000000 0.000000 0.000000 0.000000 0.000357 0.000000 0.000000 0.000000 0.000000 0.000000 0.000000 0.000000 0.000000 0.000000 0.000000 0.499800 0.000000 0.000000 0.499843
 0.000000 0.000000 0.000000 0.000000 0.499980 0.000000 0.000000 0.000000 0.000000 0.000000 0.000000 0.000000 0.000000 0.000000 0.000000 0.000000 0.499980 0.000000 0.000000 0.000040
 0.000000 0.000000 0.000000 0.000000 0.000000 0.000000 0.499999 0.000000 0.000000 0.000000 0.000000 0.000000 0.000000 0.000000 0.500000 0.000000 0.000000 0.000000 0.000001 0.000000
 0.000000 0.000000 0.488163 0.000000 0.000000 0.488157 0.000000 0.000000 0.000000 0.000000 0.000000 0.000000 0.000000 0.000000 0.000000 0.000000 0.023679 0.000000 0.000000 0.000000
 0.000000 0.000357 0.000000 0.000000 0.499784 0.000000 0.000000 0.000000 0.000000 0.000000 0.000000 0.000000 0.499790 0.000000 0.000000 0.000000 0.000069 0.000000 0.000000 0.000000
 0.000000 0.000000 0.000000 0.499987 0.000000 0.000000 0.000000 0.000000 0.000000 0.000000 0.000000 0.000000 0.000000 0.499981 0.000000 0.000013 0.000000 0.000000 0.000020 0.000000
 0.000000 0.000000 0.000000 0.000000 0.000000 0.000000 0.000000 0.000000 0.500000 0.500000 0.000000 0.000000 0.000000 0.000000 0.000000 0.000000 0.000000 0.000000 0.000000 0.000000
 0.000000 0.000000 0.000000 0.000000 0.000000 0.000000 0.000000 0.500000 0.000000 0.000000 0.000000 0.000000 0.000000 0.000000 0.500000 0.000000 0.000000 0.000000 0.000000 0.000000
 0.500000 0.000000 0.000000 0.000000 0.000000 0.000000 0.000000 0.500000 0.000000 0.000000 0.000000 0.000000 0.000000 0.000000 0.000000 0.000000 0.000000 0.000000 0.000000 0.000000
 0.500000 0.000000 0.000000 0.000000 0.000000 0.000000 0.000000 0.000000 0.000000 0.000000 0.000000 0.000000 0.500000 0.000000 0.000000 0.000000 0.000000 0.000000 0.000000 0.000000
 0.000000 0.000000 0.000000 0.000000 0.000000 0.000000 0.000000 0.000000 0.000000 0.000000 0.000000 0.000000 0.000000 0.000000 0.000000 0.000000 0.000000 0.499995 0.000000 0.500005
 0.000000 0.000000 0.000000 0.000000 0.000000 0.500000 0.000000 0.000000 0.000000 0.000000 0.500000 0.000000 0.000000 0.000000 0.000000 0.000000 0.000000 0.000000 0.000000 0.000000
 0.000000 0.000000 0.000000 0.000000 0.000000 0.000000 0.388256 0.000000 0.000000 0.000000 0.000000 0.000000 0.000000 0.000000 0.000000 0.218922 0.000000 0.008545 0.384277 0.000000
 0.000000 0.000000 0.000000 0.500000 0.000000 0.000000 0.000000 0.000000 0.500000 0.000000 0.000000 0.000000 0.000000 0.000000 0.000000 0.000000 0.000000 0.000000 0.000000 0.000000
 0.000000 0.000000 0.000000 0.000000 0.000000 0.000000 0.000010 0.000000 0.000000 0.000000 0.000000 0.000000 0.000000 0.220473 0.000000 0.000000 0.000000 0.388506 0.391011 0.000000
 0.000000 0.488107 0.488148 0.000000 0.023678 0.000067 0.000000 0.000000 0.000000 0.000000 0.000000 0.000000 0.000000 0.000000 0.000000 0.000000 0.000000 0.000000 0.000000 0.000000
 0.000000 0.000000 0.000000 0.000000 0.000000 0.000000 0.000000 0.000000 0.000000 0.000000 0.000000 0.429339 0.000000 0.009449 0.000000 0.426597 0.000000 0.000000 0.134615 0.000000
 0.000000 0.000000 0.000000 0.000001 0.000000 0.000000 0.000018 0.000000 0.000000 0.000000 0.000000 0.000000 0.000000 0.429702 0.000000 0.434157 0.000000 0.136122 0.000000 0.000000
 0.000000 0.499980 0.000040 0.000000 0.000000 0.000000 0.000000 0.000000 0.000000 0.000000 0.000000 0.499980 0.000000 0.000000 0.000000 0.000000 0.000000 0.000000 0.000000 0.000000
the mean of prob-rank is 1.5789473684210527
the number of false negetive edges is 0
the number of probability greater than 0 is 3.0/edge
