20
 0.000000 0.000000 0.000000 0.000000 0.000000 0.500000 0.000000 0.000000 0.000000 0.000000 0.000000 0.000000 0.000000 0.000000 0.000000 0.000000 0.500000 0.000000 0.000000 0.000000
 0.000000 0.000000 0.000000 0.000000 0.000002 0.000000 0.269638 0.000000 0.000000 0.000000 0.000000 0.342998 0.000000 0.038291 0.000000 0.349072 0.000000 0.000000 0.000000 0.000000
 0.000000 0.000000 0.000000 0.010440 0.000000 0.000000 0.000000 0.000000 0.000000 0.000000 0.000000 0.000000 0.000000 0.059547 0.465521 0.000000 0.000000 0.000000 0.464492 0.000000
 0.000000 0.000000 0.011087 0.000000 0.000000 0.000000 0.000000 0.000000 0.000000 0.000000 0.000000 0.000000 0.000000 0.000000 0.494479 0.000000 0.000000 0.000000 0.000000 0.494433
 0.000000 0.000003 0.000000 0.000000 0.000000 0.499999 0.499999 0.000000 0.000000 0.000000 0.000000 0.000000 0.000000 0.000000 0.000000 0.000000 0.000000 0.000000 0.000000 0.000000
 0.499999 0.000000 0.000000 0.000000 0.499999 0.000000 0.000000 0.000000 0.000000 0.000000 0.000000 0.000000 0.000000 0.000000 0.000000 0.000000 0.000003 0.000000 0.000000 0.000000
 0.000000 0.287537 0.000000 0.000000 0.372243 0.000000 0.000000 0.000000 0.000000 0.000000 0.000000 0.000000 0.340215 0.000000 0.000000 0.000005 0.000000 0.000000 0.000000 0.000000
 0.000000 0.000000 0.000000 0.000000 0.000000 0.000000 0.000000 0.000000 0.500007 0.000000 0.000000 0.499993 0.000000 0.000000 0.000000 0.000000 0.000000 0.000000 0.000000 0.000000
 0.000000 0.000000 0.000000 0.000000 0.000000 0.000000 0.000000 0.500000 0.000000 0.500000 0.000000 0.000000 0.000000 0.000000 0.000000 0.000000 0.000000 0.000000 0.000000 0.000000
 0.000000 0.000000 0.000000 0.000000 0.000000 0.000000 0.000000 0.000000 0.500057 0.000000 0.000001 0.000000 0.000000 0.000000 0.000000 0.000000 0.000000 0.499943 0.000000 0.000000
 0.000000 0.000000 0.000000 0.000000 0.000000 0.000000 0.000000 0.000000 0.000000 0.000001 0.000000 0.000000 0.000000 0.000000 0.000000 0.000000 0.499993 0.500006 0.000000 0.000000
 0.000000 0.380478 0.000000 0.000000 0.000000 0.000000 0.000000 0.387205 0.000000 0.000000 0.000000 0.000000 0.000000 0.044910 0.000000 0.000000 0.000000 0.000000 0.187407 0.000000
 0.000000 0.000000 0.000000 0.000000 0.000000 0.000000 0.362006 0.000000 0.000000 0.000000 0.000000 0.000000 0.000000 0.000000 0.000000 0.241908 0.000000 0.000000 0.000000 0.396086
 0.000000 0.047294 0.055143 0.000000 0.000000 0.000000 0.000000 0.000000 0.000000 0.000000 0.000000 0.050005 0.000000 0.000000 0.000000 0.415703 0.000000 0.000000 0.431147 0.000708
 0.000000 0.000000 0.498553 0.498617 0.000000 0.000000 0.000000 0.000000 0.000000 0.000000 0.000000 0.000000 0.000000 0.000000 0.000000 0.000000 0.000000 0.000000 0.001617 0.001213
 0.000000 0.388359 0.000000 0.000000 0.000000 0.000000 0.000005 0.000000 0.000000 0.000000 0.000000 0.000000 0.237189 0.374447 0.000000 0.000000 0.000000 0.000000 0.000000 0.000000
 0.500003 0.000000 0.000000 0.000000 0.000000 0.000003 0.000000 0.000000 0.000000 0.000000 0.499990 0.000000 0.000000 0.000000 0.000000 0.000000 0.000000 0.000005 0.000000 0.000000
 0.000000 0.000000 0.000000 0.000000 0.000000 0.000000 0.000000 0.000000 0.000000 0.499941 0.500055 0.000000 0.000000 0.000000 0.000000 0.000000 0.000005 0.000000 0.000000 0.000000
 0.000000 0.000000 0.401491 0.000000 0.000000 0.000000 0.000000 0.000000 0.000000 0.000000 0.000000 0.194771 0.000000 0.402432 0.001305 0.000000 0.000000 0.000000 0.000000 0.000000
 0.000000 0.000000 0.000000 0.498960 0.000000 0.000000 0.000000 0.000000 0.000000 0.000000 0.000000 0.000000 0.499007 0.000819 0.001214 0.000000 0.000000 0.000000 0.000000 0.000000
the mean of prob-rank is 1.631578947368421
the number of false negetive edges is 0
the number of probability greater than 0 is 3.4/edge
