20
 0.000000 0.000000 0.000119 0.000000 0.000001 0.000000 0.000000 0.000000 0.000000 0.000000 0.499947 0.000000 0.000000 0.499933 0.000000 0.000000 0.000000 0.000000 0.000000 0.000000
 0.000000 0.000000 0.000000 0.000000 0.000000 0.000000 0.000000 0.000000 0.000000 0.000000 0.000000 0.000000 0.500001 0.000000 0.499999 0.000000 0.000000 0.000000 0.000000 0.000000
 0.000119 0.000000 0.000000 0.000000 0.000000 0.000000 0.000000 0.499976 0.000000 0.000000 0.499905 0.000000 0.000000 0.000000 0.000000 0.000000 0.000000 0.000000 0.000000 0.000000
 0.000000 0.000000 0.000000 0.000000 0.000000 0.041251 0.000000 0.000000 0.000000 0.000000 0.000000 0.484231 0.000000 0.000000 0.474518 0.000000 0.000000 0.000000 0.000000 0.000000
 0.000001 0.000000 0.000000 0.000000 0.000000 0.000000 0.006006 0.002562 0.000000 0.000000 0.000000 0.000001 0.000000 0.489821 0.000000 0.000000 0.000000 0.000000 0.488471 0.013136
 0.000000 0.000000 0.000000 0.031360 0.000000 0.000000 0.000000 0.000000 0.000000 0.077483 0.000000 0.000000 0.000000 0.000000 0.070854 0.000000 0.086929 0.366958 0.000000 0.366416
 0.000000 0.000000 0.000000 0.000000 0.004128 0.000000 0.000000 0.325238 0.118343 0.000000 0.000000 0.217271 0.000000 0.000000 0.000000 0.335021 0.000000 0.000000 0.000000 0.000000
 0.000000 0.000000 0.374963 0.000000 0.001962 0.000000 0.362299 0.000000 0.021575 0.000000 0.003834 0.000000 0.000000 0.000000 0.000000 0.235368 0.000000 0.000000 0.000000 0.000000
 0.000000 0.000000 0.000000 0.000000 0.000000 0.000000 0.148571 0.024315 0.000000 0.000000 0.000000 0.404528 0.000000 0.000000 0.000000 0.422586 0.000000 0.000000 0.000000 0.000000
 0.000000 0.000000 0.000000 0.000000 0.000000 0.079421 0.000000 0.000000 0.000000 0.000000 0.000000 0.000000 0.000000 0.018703 0.000000 0.000000 0.000000 0.147776 0.377085 0.377014
 0.497487 0.000000 0.497416 0.000000 0.000000 0.000000 0.000000 0.005087 0.000000 0.000000 0.000000 0.000000 0.000000 0.000010 0.000000 0.000000 0.000000 0.000000 0.000000 0.000000
 0.000000 0.000000 0.000000 0.384208 0.000001 0.000000 0.247996 0.000000 0.367790 0.000000 0.000000 0.000000 0.000000 0.000000 0.000000 0.000000 0.000000 0.000000 0.000000 0.000004
 0.000000 0.500012 0.000000 0.000000 0.000000 0.000000 0.000000 0.000000 0.000000 0.000000 0.000000 0.000000 0.000000 0.000000 0.000000 0.000000 0.499988 0.000000 0.000000 0.000000
 0.487899 0.000000 0.000000 0.000000 0.487907 0.000000 0.000000 0.000000 0.000000 0.024184 0.000010 0.000000 0.000000 0.000000 0.000000 0.000000 0.000000 0.000000 0.000000 0.000000
 0.000000 0.460318 0.000000 0.451085 0.000000 0.088597 0.000000 0.000000 0.000000 0.000000 0.000000 0.000000 0.000000 0.000000 0.000000 0.000000 0.000000 0.000000 0.000000 0.000000
 0.000000 0.000000 0.000000 0.000000 0.000000 0.000000 0.379447 0.239310 0.381243 0.000000 0.000000 0.000000 0.000000 0.000000 0.000000 0.000000 0.000000 0.000000 0.000000 0.000000
 0.000000 0.000000 0.000000 0.000000 0.000000 0.106207 0.000000 0.000000 0.000000 0.000000 0.000000 0.000000 0.449750 0.000000 0.000000 0.000000 0.000000 0.444043 0.000000 0.000000
 0.000000 0.000000 0.000000 0.000000 0.000000 0.419586 0.000000 0.000000 0.000000 0.164847 0.000000 0.000000 0.000000 0.000000 0.000000 0.000000 0.415567 0.000000 0.000000 0.000000
 0.000000 0.000000 0.000000 0.000000 0.485122 0.000000 0.000000 0.000000 0.000000 0.486141 0.000000 0.000000 0.000000 0.000000 0.000000 0.000000 0.000000 0.000000 0.000000 0.028738
 0.000000 0.000000 0.000000 0.000000 0.012891 0.478440 0.000000 0.000000 0.000000 0.480268 0.000000 0.000005 0.000000 0.000000 0.000000 0.000000 0.000000 0.000000 0.028396 0.000000
the mean of prob-rank is 1.4210526315789473
the number of false negetive edges is 0
the number of probability greater than 0 is 3.9/edge
