20
 0.000000 0.000000 0.000000 0.000000 0.132837 0.000000 0.000000 0.000000 0.000000 0.000000 0.000000 0.000000 0.000000 0.000000 0.000000 0.000000 0.340384 0.199990 0.326789 0.000000
 0.000000 0.000000 0.000000 0.111747 0.000000 0.000000 0.000000 0.000000 0.000000 0.018540 0.000000 0.315471 0.006566 0.000000 0.234817 0.312859 0.000000 0.000000 0.000000 0.000000
 0.000000 0.000000 0.000000 0.000000 0.000000 0.369864 0.000000 0.000000 0.037394 0.219751 0.000000 0.000000 0.372987 0.000004 0.000000 0.000000 0.000000 0.000000 0.000000 0.000000
 0.000000 0.151139 0.000000 0.000000 0.000000 0.000000 0.000000 0.000000 0.000000 0.000000 0.427955 0.000000 0.000000 0.000000 0.000000 0.420906 0.000000 0.000000 0.000000 0.000000
 0.146043 0.000000 0.000000 0.000000 0.000000 0.000000 0.000000 0.373942 0.048068 0.000002 0.000000 0.000000 0.000001 0.000000 0.063315 0.000000 0.000000 0.364386 0.004244 0.000000
 0.000000 0.000000 0.400928 0.000000 0.000000 0.000000 0.000000 0.000010 0.090409 0.002590 0.000000 0.000000 0.101962 0.404098 0.000002 0.000000 0.000000 0.000000 0.000000 0.000000
 0.000000 0.000000 0.000000 0.000000 0.000000 0.000000 0.000000 0.000000 0.000000 0.000000 0.000000 0.000000 0.000000 0.000000 0.000000 0.000000 0.499999 0.000000 0.000000 0.500001
 0.000000 0.000000 0.000000 0.000000 0.498789 0.000013 0.000000 0.000000 0.002037 0.000000 0.000000 0.000000 0.000000 0.499160 0.000000 0.000000 0.000000 0.000000 0.000000 0.000000
 0.000000 0.000000 0.036878 0.000000 0.047249 0.082254 0.000000 0.001501 0.000000 0.358632 0.000000 0.000000 0.010846 0.001366 0.367071 0.000000 0.000000 0.094197 0.000007 0.000000
 0.000000 0.018379 0.184801 0.000000 0.000002 0.002010 0.000000 0.000000 0.305813 0.000000 0.000000 0.000000 0.290916 0.000000 0.198080 0.000000 0.000000 0.000000 0.000000 0.000000
 0.000000 0.000000 0.000000 0.396992 0.000000 0.000000 0.000000 0.000000 0.000000 0.000000 0.000000 0.000000 0.000000 0.000000 0.000000 0.210070 0.000000 0.000000 0.000000 0.392939
 0.000000 0.281363 0.000000 0.000000 0.000000 0.000000 0.000000 0.000000 0.000000 0.000000 0.000000 0.000000 0.000000 0.000000 0.116969 0.264774 0.000000 0.000000 0.255272 0.081622
 0.000000 0.009098 0.438422 0.000000 0.000001 0.110564 0.000000 0.000000 0.012927 0.406624 0.000000 0.000000 0.000000 0.022365 0.000000 0.000000 0.000000 0.000000 0.000000 0.000000
 0.000000 0.000000 0.000005 0.000000 0.000000 0.486549 0.000000 0.486804 0.001808 0.000000 0.000000 0.000000 0.024833 0.000000 0.000000 0.000000 0.000000 0.000000 0.000000 0.000000
 0.000000 0.158746 0.000000 0.000000 0.036191 0.000001 0.000000 0.000000 0.213463 0.135085 0.000000 0.088662 0.000000 0.000000 0.000000 0.000000 0.000000 0.202771 0.165079 0.000000
 0.000000 0.287457 0.000000 0.285936 0.000000 0.000000 0.000000 0.000000 0.000000 0.000000 0.153838 0.272768 0.000000 0.000000 0.000000 0.000000 0.000000 0.000000 0.000000 0.000000
 0.500001 0.000000 0.000000 0.000000 0.000000 0.000000 0.499999 0.000000 0.000000 0.000000 0.000000 0.000000 0.000000 0.000000 0.000000 0.000000 0.000000 0.000000 0.000000 0.000000
 0.160072 0.000000 0.000000 0.000000 0.265281 0.000000 0.000000 0.000000 0.069768 0.000000 0.000000 0.000000 0.000000 0.000000 0.258256 0.000000 0.000000 0.000000 0.246623 0.000000
 0.270216 0.000000 0.000000 0.000000 0.003192 0.000000 0.000000 0.000000 0.000006 0.000000 0.000000 0.254597 0.000000 0.000000 0.217207 0.000000 0.000000 0.254784 0.000000 0.000000
 0.000000 0.000000 0.000000 0.000000 0.000000 0.000000 0.438785 0.000000 0.000000 0.000000 0.434305 0.126910 0.000000 0.000000 0.000000 0.000000 0.000000 0.000000 0.000000 0.000000
the mean of prob-rank is 1.7894736842105263
the number of false negetive edges is 0
the number of probability greater than 0 is 5.15/edge
