20
 0.000000 0.018734 0.474246 0.000000 0.000000 0.000000 0.000000 0.033734 0.000000 0.000000 0.000000 0.000000 0.000000 0.000000 0.000000 0.000000 0.465645 0.007640 0.000000 0.000000
 0.019364 0.000000 0.000000 0.000000 0.000000 0.000000 0.000000 0.000000 0.000000 0.000000 0.000000 0.000000 0.000000 0.000000 0.490310 0.000000 0.000000 0.490327 0.000000 0.000000
 0.365986 0.000000 0.000000 0.000000 0.000000 0.000000 0.000000 0.000000 0.346104 0.000000 0.000000 0.000000 0.000000 0.000000 0.000000 0.000000 0.287910 0.000000 0.000000 0.000000
 0.000000 0.000000 0.000000 0.000000 0.498804 0.000000 0.000000 0.000000 0.000000 0.000000 0.000000 0.000000 0.002313 0.000000 0.000000 0.498882 0.000000 0.000000 0.000000 0.000000
 0.000000 0.000000 0.000000 0.470566 0.000000 0.000000 0.000000 0.000000 0.000000 0.470640 0.000000 0.000000 0.000000 0.000020 0.000000 0.058774 0.000000 0.000000 0.000000 0.000000
 0.000000 0.000000 0.000000 0.000000 0.000000 0.000000 0.000000 0.000000 0.000000 0.000000 0.499019 0.000276 0.000000 0.000000 0.000008 0.001681 0.000000 0.000000 0.499015 0.000000
 0.000000 0.000000 0.000000 0.000000 0.000000 0.000000 0.000000 0.000000 0.000000 0.000000 0.000000 0.000000 0.500000 0.000000 0.000000 0.000000 0.000000 0.000000 0.500000 0.000000
 0.024700 0.000000 0.000000 0.000000 0.000000 0.000000 0.000000 0.000000 0.324864 0.000000 0.000000 0.000000 0.000000 0.000000 0.310984 0.000000 0.339453 0.000000 0.000000 0.000000
 0.000000 0.000000 0.328181 0.000000 0.000000 0.000000 0.000000 0.324677 0.000000 0.000000 0.000000 0.000000 0.000000 0.347142 0.000000 0.000000 0.000000 0.000000 0.000000 0.000000
 0.000000 0.000000 0.000000 0.000000 0.500000 0.000000 0.000000 0.000000 0.000000 0.000000 0.000000 0.000000 0.000000 0.000000 0.000000 0.000000 0.000000 0.000000 0.000000 0.500000
 0.000000 0.000000 0.000000 0.000000 0.000000 0.498007 0.000000 0.000000 0.000000 0.000000 0.000000 0.498008 0.000000 0.000000 0.003985 0.000000 0.000000 0.000000 0.000000 0.000000
 0.000000 0.000000 0.000000 0.000000 0.000000 0.000261 0.000000 0.000000 0.000000 0.000000 0.471846 0.000000 0.000000 0.000000 0.056070 0.000000 0.000000 0.471822 0.000000 0.000000
 0.000000 0.000000 0.000000 0.002313 0.000000 0.000000 0.498861 0.000000 0.000000 0.000000 0.000000 0.000000 0.000000 0.000000 0.000000 0.498826 0.000000 0.000000 0.000000 0.000000
 0.000000 0.000000 0.000000 0.000000 0.000022 0.000000 0.000000 0.000000 0.499989 0.000000 0.000000 0.000000 0.000000 0.000000 0.000000 0.000000 0.000000 0.000000 0.000000 0.499990
 0.000000 0.493425 0.000000 0.000000 0.000000 0.000008 0.000000 0.441791 0.000000 0.000000 0.003948 0.058636 0.000000 0.000000 0.000000 0.000000 0.000000 0.002191 0.000000 0.000000
 0.000000 0.000000 0.000000 0.469885 0.058680 0.001583 0.000000 0.000000 0.000000 0.000000 0.000000 0.000000 0.469852 0.000000 0.000000 0.000000 0.000000 0.000000 0.000000 0.000000
 0.357545 0.000000 0.286465 0.000000 0.000000 0.000000 0.000000 0.355990 0.000000 0.000000 0.000000 0.000000 0.000000 0.000000 0.000000 0.000000 0.000000 0.000000 0.000000 0.000000
 0.007929 0.492349 0.000000 0.000000 0.000000 0.000000 0.000000 0.000000 0.000000 0.000000 0.000000 0.492324 0.000000 0.000000 0.002186 0.000000 0.000000 0.000000 0.005212 0.000000
 0.000000 0.000000 0.000000 0.000000 0.000000 0.497365 0.497370 0.000000 0.000000 0.000000 0.000000 0.000000 0.000000 0.000000 0.000000 0.000000 0.000000 0.005265 0.000000 0.000000
 0.000000 0.000000 0.000000 0.000000 0.000000 0.000000 0.000000 0.000000 0.000000 0.500000 0.000000 0.000000 0.000000 0.500000 0.000000 0.000000 0.000000 0.000000 0.000000 0.000000
the mean of prob-rank is 1.6842105263157894
the number of false negetive edges is 0
the number of probability greater than 0 is 3.5/edge
