20
 0.000000 0.000000 0.000000 0.000132 0.000000 0.000000 0.000000 0.000000 0.000000 0.000000 0.000000 0.000000 0.000000 0.499946 0.000000 0.000000 0.000000 0.499922 0.000000 0.000000
 0.000000 0.000000 0.000000 0.000000 0.000000 0.000000 0.000000 0.000000 0.000000 0.000000 0.053000 0.000000 0.002300 0.000000 0.000000 0.442087 0.000031 0.005601 0.441714 0.055267
 0.000000 0.000000 0.000000 0.000000 0.000000 0.496690 0.000000 0.000000 0.496157 0.007153 0.000000 0.000000 0.000000 0.000000 0.000000 0.000000 0.000000 0.000000 0.000000 0.000000
 0.000129 0.000000 0.000000 0.000000 0.021853 0.000000 0.000000 0.000000 0.000000 0.488568 0.488504 0.000000 0.000000 0.000946 0.000000 0.000000 0.000000 0.000000 0.000000 0.000000
 0.000000 0.000000 0.000000 0.021011 0.000000 0.000000 0.000000 0.000000 0.469408 0.021545 0.469748 0.000000 0.000000 0.000000 0.000000 0.000000 0.000000 0.000000 0.000000 0.018288
 0.000000 0.000000 0.500000 0.000000 0.000000 0.000000 0.000000 0.000000 0.000000 0.000000 0.000000 0.000000 0.000000 0.000000 0.500000 0.000000 0.000000 0.000000 0.000000 0.000000
 0.000000 0.000000 0.000000 0.000000 0.000000 0.000000 0.000000 0.433749 0.000000 0.000000 0.000000 0.132438 0.000000 0.000000 0.433813 0.000000 0.000000 0.000000 0.000000 0.000000
 0.000000 0.000000 0.000000 0.000000 0.000000 0.000000 0.496561 0.000000 0.000000 0.000000 0.000000 0.496655 0.000000 0.000000 0.000000 0.000000 0.000000 0.000000 0.006784 0.000000
 0.000000 0.000000 0.440481 0.000000 0.440635 0.000000 0.000000 0.000000 0.000000 0.000000 0.003834 0.000000 0.000029 0.000000 0.000010 0.000000 0.000000 0.000000 0.000000 0.115011
 0.000000 0.000000 0.006990 0.485369 0.022262 0.000000 0.000000 0.000000 0.000000 0.000000 0.000000 0.000000 0.000000 0.485379 0.000000 0.000000 0.000000 0.000000 0.000000 0.000000
 0.000000 0.050924 0.000000 0.424708 0.424774 0.000000 0.000000 0.000000 0.003693 0.000000 0.000000 0.000000 0.000000 0.000000 0.000000 0.000002 0.000000 0.000000 0.000000 0.095899
 0.000000 0.000000 0.000000 0.000000 0.000000 0.000000 0.130603 0.427822 0.000000 0.000000 0.000000 0.000000 0.425324 0.000000 0.000000 0.016215 0.000000 0.000000 0.000001 0.000036
 0.000000 0.002117 0.000000 0.000000 0.000000 0.000000 0.000000 0.000000 0.000027 0.000000 0.000000 0.404521 0.000000 0.000000 0.000000 0.192474 0.000000 0.000000 0.000000 0.400862
 0.499518 0.000000 0.000000 0.000967 0.000000 0.000000 0.000000 0.000000 0.000000 0.499515 0.000000 0.000000 0.000000 0.000000 0.000000 0.000000 0.000000 0.000000 0.000000 0.000000
 0.000000 0.000000 0.000000 0.000000 0.000000 0.500004 0.499984 0.000000 0.000012 0.000000 0.000000 0.000000 0.000000 0.000000 0.000000 0.000000 0.000000 0.000000 0.000000 0.000000
 0.000000 0.398836 0.000000 0.000000 0.000000 0.000000 0.000000 0.000000 0.000000 0.000000 0.000002 0.015116 0.188661 0.000000 0.000000 0.000000 0.000000 0.000000 0.001357 0.396029
 0.000000 0.000035 0.000000 0.000000 0.000000 0.000000 0.000000 0.000000 0.000000 0.000000 0.000000 0.000000 0.000000 0.000000 0.000000 0.000000 0.000000 0.499979 0.499987 0.000000
 0.496845 0.006295 0.000000 0.000000 0.000000 0.000000 0.000000 0.000000 0.000000 0.000000 0.000000 0.000000 0.000000 0.000000 0.000000 0.000000 0.496860 0.000000 0.000000 0.000000
 0.000000 0.495558 0.000000 0.000000 0.000000 0.000000 0.000000 0.006775 0.000000 0.000000 0.000000 0.000001 0.000000 0.000000 0.000000 0.001687 0.495978 0.000000 0.000000 0.000000
 0.000000 0.047556 0.000000 0.000000 0.014810 0.000000 0.000000 0.000000 0.099219 0.000000 0.085883 0.000032 0.374767 0.000000 0.000000 0.377732 0.000000 0.000000 0.000000 0.000000
the mean of prob-rank is 1.4210526315789473
the number of false negetive edges is 0
the number of probability greater than 0 is 4.35/edge
