20
 0.000000 0.000000 0.314556 0.000000 0.000000 0.000000 0.000000 0.000000 0.000000 0.000000 0.000000 0.000000 0.000000 0.329091 0.000000 0.000000 0.000000 0.000000 0.356354 0.000000
 0.000000 0.000000 0.000000 0.000000 0.000000 0.000000 0.000000 0.000000 0.000000 0.000000 0.493110 0.012000 0.000000 0.000000 0.001788 0.000000 0.000000 0.493101 0.000000 0.000000
 0.244165 0.000000 0.000000 0.000000 0.000000 0.000000 0.000000 0.000000 0.000000 0.273240 0.000000 0.000000 0.000000 0.231985 0.000000 0.000000 0.000000 0.000000 0.000000 0.250609
 0.000000 0.000000 0.000000 0.000000 0.000000 0.344039 0.000000 0.000000 0.051653 0.260907 0.000000 0.000000 0.343402 0.000000 0.000000 0.000000 0.000000 0.000000 0.000000 0.000000
 0.000000 0.000000 0.000000 0.000000 0.000000 0.000000 0.000000 0.000000 0.499948 0.000005 0.000000 0.000000 0.000001 0.000000 0.000000 0.000000 0.500046 0.000000 0.000000 0.000000
 0.000000 0.000000 0.000000 0.364208 0.000000 0.000000 0.000000 0.000000 0.000000 0.365804 0.000000 0.000000 0.000000 0.000000 0.000000 0.000000 0.000000 0.000000 0.000000 0.269989
 0.000000 0.000000 0.000000 0.000000 0.000000 0.000000 0.000000 0.000000 0.000000 0.000000 0.000000 0.338946 0.000000 0.000000 0.000000 0.309131 0.351923 0.000000 0.000000 0.000000
 0.000000 0.000000 0.000000 0.000000 0.000000 0.000000 0.000000 0.000000 0.000000 0.000000 0.500004 0.000000 0.000000 0.000000 0.000000 0.000000 0.000000 0.000000 0.499996 0.000000
 0.000000 0.000000 0.000000 0.069550 0.465180 0.000000 0.000000 0.000000 0.000000 0.000000 0.000000 0.000000 0.465271 0.000000 0.000000 0.000000 0.000000 0.000000 0.000000 0.000000
 0.000000 0.000000 0.269253 0.205808 0.000003 0.272573 0.000000 0.000000 0.000000 0.000000 0.000000 0.000000 0.000000 0.000547 0.000000 0.000000 0.000000 0.000000 0.000000 0.251817
 0.000000 0.483465 0.000000 0.000000 0.000000 0.000000 0.000000 0.483622 0.000000 0.000000 0.000000 0.000000 0.000000 0.000000 0.000001 0.000000 0.000000 0.032912 0.000000 0.000000
 0.000000 0.008700 0.000000 0.000000 0.000000 0.000000 0.344446 0.000000 0.000000 0.000000 0.000000 0.000000 0.000000 0.000000 0.289221 0.357633 0.000000 0.000000 0.000000 0.000000
 0.000000 0.000000 0.000000 0.498441 0.000001 0.000000 0.000000 0.000000 0.501554 0.000000 0.000000 0.000000 0.000000 0.000000 0.000000 0.000000 0.000004 0.000000 0.000000 0.000000
 0.325389 0.000000 0.295503 0.000000 0.000000 0.000000 0.000000 0.000000 0.000000 0.000707 0.000000 0.000000 0.000000 0.000000 0.000000 0.000000 0.000000 0.000000 0.026059 0.352342
 0.000000 0.001335 0.000000 0.000000 0.000000 0.000000 0.000000 0.000000 0.000000 0.000000 0.000000 0.297769 0.000000 0.000000 0.000000 0.332715 0.000000 0.368181 0.000000 0.000000
 0.000000 0.000000 0.000000 0.000000 0.000000 0.000000 0.315744 0.000000 0.000000 0.000000 0.000000 0.359451 0.000000 0.000000 0.324805 0.000000 0.000000 0.000000 0.000000 0.000000
 0.000000 0.000000 0.000000 0.000000 0.499998 0.000000 0.499998 0.000000 0.000000 0.000000 0.000000 0.000000 0.000004 0.000000 0.000000 0.000000 0.000000 0.000000 0.000000 0.000000
 0.000000 0.483476 0.000000 0.000000 0.000000 0.000000 0.000000 0.000000 0.000000 0.000000 0.032913 0.000000 0.000000 0.000000 0.483611 0.000000 0.000000 0.000000 0.000000 0.000000
 0.482174 0.000000 0.000000 0.000000 0.000000 0.000000 0.000000 0.482165 0.000000 0.000000 0.000000 0.000000 0.000000 0.035661 0.000000 0.000000 0.000000 0.000000 0.000000 0.000000
 0.000000 0.000000 0.253931 0.000000 0.000000 0.206863 0.000000 0.000000 0.000000 0.258933 0.000000 0.000000 0.000000 0.280273 0.000000 0.000000 0.000000 0.000000 0.000000 0.000000
the mean of prob-rank is 1.5263157894736843
the number of false negetive edges is 0
the number of probability greater than 0 is 3.6/edge
