20
 0.000000 0.000000 0.000000 0.000000 0.039212 0.000000 0.000000 0.000000 0.354875 0.000000 0.000000 0.000000 0.000000 0.000000 0.000000 0.000000 0.000000 0.365789 0.240124 0.000000
 0.000000 0.000000 0.499999 0.000000 0.000000 0.000000 0.000000 0.000000 0.000000 0.000000 0.000000 0.000000 0.000000 0.000000 0.000000 0.500001 0.000000 0.000000 0.000000 0.000000
 0.000000 0.499999 0.000000 0.000000 0.000000 0.000000 0.000000 0.000000 0.000000 0.500001 0.000000 0.000000 0.000000 0.000000 0.000000 0.000000 0.000000 0.000000 0.000000 0.000000
 0.000000 0.000000 0.000000 0.000000 0.000000 0.000000 0.000000 0.500000 0.500000 0.000000 0.000000 0.000000 0.000000 0.000000 0.000000 0.000000 0.000000 0.000000 0.000000 0.000000
 0.035717 0.000000 0.000000 0.000000 0.000000 0.011110 0.000000 0.285083 0.045563 0.000000 0.000000 0.000000 0.000000 0.000000 0.000000 0.000000 0.000000 0.000000 0.333178 0.289349
 0.000000 0.000000 0.000000 0.000000 0.016105 0.000000 0.000000 0.017695 0.000000 0.000000 0.482976 0.000000 0.000248 0.000000 0.000000 0.000000 0.000000 0.000000 0.000000 0.482976
 0.000000 0.000000 0.000000 0.000000 0.000000 0.000000 0.000000 0.000000 0.000000 0.000000 0.000000 0.500000 0.000000 0.500000 0.000000 0.000000 0.000000 0.000000 0.000000 0.000000
 0.000000 0.000000 0.000000 0.319162 0.273085 0.011694 0.000000 0.000000 0.000000 0.000000 0.041821 0.000001 0.000000 0.000000 0.000000 0.000000 0.000000 0.000000 0.245115 0.109123
 0.333088 0.000000 0.000000 0.343331 0.046951 0.000000 0.000000 0.000000 0.000000 0.000000 0.000000 0.000000 0.000000 0.000000 0.000000 0.000000 0.000000 0.000000 0.276630 0.000000
 0.000000 0.000000 0.500000 0.000000 0.000000 0.000000 0.000000 0.000000 0.000000 0.000000 0.000000 0.500000 0.000000 0.000000 0.000000 0.000000 0.000000 0.000000 0.000000 0.000000
 0.000000 0.000000 0.000000 0.000000 0.000000 0.458012 0.000000 0.060015 0.000000 0.000000 0.000000 0.000000 0.454458 0.000000 0.000000 0.000000 0.000000 0.000000 0.000000 0.027514
 0.000000 0.000000 0.000000 0.000000 0.000000 0.000000 0.500000 0.000001 0.000000 0.500000 0.000000 0.000000 0.000000 0.000000 0.000000 0.000000 0.000000 0.000000 0.000000 0.000000
 0.000000 0.000000 0.000000 0.000000 0.000000 0.000239 0.000000 0.000000 0.000000 0.000000 0.461158 0.000000 0.000000 0.464763 0.000000 0.000000 0.000000 0.000000 0.000000 0.073840
 0.000000 0.000000 0.000000 0.000000 0.000000 0.000000 0.500001 0.000000 0.000000 0.000000 0.000000 0.000000 0.499999 0.000000 0.000000 0.000000 0.000000 0.000000 0.000000 0.000000
 0.000000 0.000000 0.000000 0.000000 0.000000 0.000000 0.000000 0.000000 0.000000 0.000000 0.000000 0.000000 0.000000 0.000000 0.000000 0.000000 0.500001 0.499999 0.000000 0.000000
 0.000000 0.500000 0.000000 0.000000 0.000000 0.000000 0.000000 0.000000 0.000000 0.000000 0.000000 0.000000 0.000000 0.000000 0.000000 0.000000 0.500000 0.000000 0.000000 0.000000
 0.000000 0.000000 0.000000 0.000000 0.000000 0.000000 0.000000 0.000000 0.000000 0.000000 0.000000 0.000000 0.000000 0.000000 0.500000 0.500000 0.000000 0.000000 0.000000 0.000000
 0.500001 0.000000 0.000000 0.000000 0.000000 0.000000 0.000000 0.000000 0.000000 0.000000 0.000000 0.000000 0.000000 0.000000 0.499999 0.000000 0.000000 0.000000 0.000000 0.000000
 0.189562 0.000000 0.000000 0.000000 0.288761 0.000000 0.000000 0.221771 0.232665 0.000000 0.000000 0.000000 0.000000 0.000000 0.000000 0.000000 0.000000 0.000000 0.000000 0.067241
 0.000000 0.000000 0.000000 0.000000 0.326217 0.375636 0.000000 0.128432 0.000000 0.000000 0.022566 0.000000 0.059679 0.000000 0.000000 0.000000 0.000000 0.000000 0.087470 0.000000
the mean of prob-rank is 1.5789473684210527
the number of false negetive edges is 0
the number of probability greater than 0 is 3.3/edge
