20
 0.000000 0.000000 0.000000 0.000000 0.000000 0.499357 0.000000 0.499362 0.000000 0.000000 0.000000 0.000000 0.001281 0.000000 0.000000 0.000000 0.000000 0.000000 0.000000 0.000000
 0.000000 0.000000 0.499999 0.000000 0.000000 0.000000 0.000000 0.000000 0.000000 0.000000 0.000000 0.000000 0.000000 0.000000 0.000000 0.000000 0.000000 0.000000 0.500001 0.000000
 0.000000 0.499999 0.000000 0.000000 0.000000 0.000000 0.000000 0.000000 0.000000 0.000000 0.000000 0.500001 0.000000 0.000000 0.000000 0.000000 0.000000 0.000000 0.000000 0.000000
 0.000000 0.000000 0.000000 0.000000 0.000000 0.000000 0.000000 0.000000 0.000000 0.000000 0.000000 0.500014 0.000000 0.000000 0.000000 0.000000 0.000000 0.000000 0.000000 0.499986
 0.000000 0.000000 0.000000 0.000000 0.000000 0.000000 0.000000 0.391709 0.043382 0.000000 0.000000 0.000000 0.000000 0.000000 0.172665 0.000000 0.392244 0.000000 0.000000 0.000000
 0.491195 0.000000 0.000000 0.000000 0.000000 0.000000 0.000000 0.000164 0.000000 0.491198 0.000000 0.000000 0.012784 0.000000 0.004659 0.000000 0.000000 0.000000 0.000000 0.000000
 0.000000 0.000000 0.000000 0.000000 0.000000 0.000000 0.000000 0.000000 0.000000 0.000000 0.000000 0.000000 0.000000 0.000000 0.000000 0.500000 0.000000 0.500000 0.000000 0.000000
 0.482616 0.000000 0.000000 0.000000 0.481876 0.000161 0.000000 0.000000 0.000000 0.000000 0.000000 0.000000 0.000000 0.000000 0.001545 0.000000 0.033801 0.000000 0.000000 0.000000
 0.000000 0.000000 0.000000 0.000000 0.052532 0.000000 0.000000 0.000000 0.000000 0.000000 0.472417 0.000000 0.000000 0.000000 0.475051 0.000000 0.000000 0.000000 0.000000 0.000000
 0.000000 0.000000 0.000000 0.000000 0.000000 0.496648 0.000000 0.000000 0.000000 0.000000 0.011353 0.000000 0.000000 0.000009 0.491988 0.000003 0.000000 0.000000 0.000000 0.000000
 0.000000 0.000000 0.000000 0.000000 0.000000 0.000000 0.000000 0.000000 0.492960 0.011331 0.000000 0.000000 0.000000 0.495709 0.000000 0.000000 0.000000 0.000000 0.000000 0.000000
 0.000000 0.000000 0.500000 0.500000 0.000000 0.000000 0.000000 0.000000 0.000000 0.000000 0.000000 0.000000 0.000000 0.000000 0.000000 0.000000 0.000000 0.000000 0.000000 0.000000
 0.001265 0.000000 0.000000 0.000000 0.000000 0.012831 0.000000 0.000000 0.000000 0.000000 0.000000 0.000000 0.000000 0.000000 0.000000 0.000000 0.492899 0.000000 0.493004 0.000000
 0.000000 0.000000 0.000000 0.000000 0.000000 0.000000 0.000000 0.000000 0.000000 0.000009 0.500000 0.000000 0.000000 0.000000 0.000000 0.499990 0.000000 0.000000 0.000000 0.000000
 0.000000 0.000000 0.000000 0.000000 0.180126 0.003882 0.000000 0.001310 0.409262 0.405420 0.000000 0.000000 0.000000 0.000000 0.000000 0.000000 0.000000 0.000000 0.000000 0.000000
 0.000000 0.000000 0.000000 0.000000 0.000000 0.000000 0.500004 0.000000 0.000000 0.000003 0.000000 0.000000 0.000000 0.499994 0.000000 0.000000 0.000000 0.000000 0.000000 0.000000
 0.000000 0.000000 0.000000 0.000000 0.483090 0.000000 0.000000 0.033840 0.000000 0.000000 0.000000 0.000000 0.483070 0.000000 0.000000 0.000000 0.000000 0.000000 0.000000 0.000000
 0.000000 0.000000 0.000000 0.000000 0.000000 0.000000 0.500000 0.000000 0.000000 0.000000 0.000000 0.000000 0.000000 0.000000 0.000000 0.000000 0.000000 0.000000 0.000000 0.500000
 0.000000 0.500000 0.000000 0.000000 0.000000 0.000000 0.000000 0.000000 0.000000 0.000000 0.000000 0.000000 0.500000 0.000000 0.000000 0.000000 0.000000 0.000000 0.000000 0.000000
 0.000000 0.000000 0.000000 0.499986 0.000000 0.000000 0.000000 0.000000 0.000000 0.000000 0.000000 0.000000 0.000000 0.000000 0.000000 0.000000 0.000000 0.500014 0.000000 0.000000
the mean of prob-rank is 1.4736842105263157
the number of false negetive edges is 0
the number of probability greater than 0 is 3.1/edge
