20
 0.000000 0.000000 0.000000 0.000000 0.500000 0.000000 0.500000 0.000000 0.000000 0.000000 0.000000 0.000000 0.000000 0.000000 0.000000 0.000000 0.000000 0.000000 0.000000 0.000000
 0.000000 0.000000 0.000000 0.000000 0.000000 0.000000 0.000000 0.000000 0.000000 0.000000 0.000000 0.000000 0.000000 0.000000 0.000000 0.000000 0.000067 0.499971 0.499962 0.000000
 0.000000 0.000000 0.000000 0.000000 0.500000 0.000000 0.000000 0.000000 0.500000 0.000000 0.000000 0.000000 0.000000 0.000000 0.000000 0.000000 0.000000 0.000000 0.000000 0.000000
 0.000000 0.000000 0.000000 0.000000 0.000000 0.000000 0.000000 0.000000 0.000000 0.000005 0.000000 0.000000 0.000000 0.000000 0.499998 0.000000 0.000000 0.499998 0.000000 0.000000
 0.500000 0.000000 0.500000 0.000000 0.000000 0.000000 0.000000 0.000000 0.000000 0.000000 0.000000 0.000000 0.000000 0.000000 0.000000 0.000000 0.000000 0.000000 0.000000 0.000000
 0.000000 0.000000 0.000000 0.000000 0.000000 0.000000 0.000000 0.368118 0.000000 0.000904 0.262629 0.000000 0.000000 0.000000 0.000000 0.368348 0.000000 0.000000 0.000000 0.000000
 0.500000 0.000000 0.000000 0.000000 0.000000 0.000000 0.000000 0.000000 0.000000 0.000000 0.500000 0.000000 0.000000 0.000000 0.000000 0.000000 0.000000 0.000000 0.000000 0.000000
 0.000000 0.000000 0.000000 0.000000 0.000000 0.474203 0.000000 0.000000 0.000000 0.000000 0.000000 0.000000 0.000000 0.474698 0.000000 0.051099 0.000000 0.000000 0.000000 0.000000
 0.000000 0.000000 0.500000 0.000000 0.000000 0.000000 0.000000 0.000000 0.000000 0.000000 0.000000 0.499999 0.000000 0.000000 0.000001 0.000000 0.000000 0.000000 0.000000 0.000000
 0.000000 0.000000 0.000000 0.000004 0.000000 0.001129 0.000000 0.000000 0.000000 0.000000 0.000000 0.000000 0.000000 0.460082 0.000000 0.078920 0.459865 0.000000 0.000000 0.000000
 0.000000 0.000000 0.000000 0.000000 0.000000 0.265151 0.372041 0.000000 0.000000 0.000000 0.000000 0.000000 0.000000 0.000000 0.000000 0.362808 0.000000 0.000000 0.000000 0.000000
 0.000000 0.000000 0.000000 0.000000 0.000000 0.000000 0.000000 0.000000 0.499805 0.000000 0.000000 0.000000 0.499806 0.000000 0.000000 0.000000 0.000000 0.000000 0.000314 0.000075
 0.000000 0.000000 0.000000 0.000000 0.000000 0.000000 0.000000 0.000000 0.000000 0.000000 0.000000 0.500068 0.000000 0.000000 0.000001 0.000000 0.000000 0.000000 0.000000 0.499931
 0.000000 0.000000 0.000000 0.000000 0.000000 0.000000 0.000000 0.500000 0.000000 0.500000 0.000000 0.000000 0.000000 0.000000 0.000000 0.000000 0.000000 0.000000 0.000000 0.000000
 0.000000 0.000000 0.000000 0.500013 0.000000 0.000000 0.000000 0.000000 0.000001 0.000000 0.000000 0.000000 0.000001 0.000000 0.000000 0.000000 0.000000 0.000000 0.000000 0.499986
 0.000000 0.000000 0.000000 0.000000 0.000000 0.437690 0.000000 0.047135 0.000000 0.075110 0.427006 0.000000 0.000000 0.000000 0.000000 0.000000 0.001411 0.000000 0.011647 0.000000
 0.000000 0.000067 0.000000 0.000000 0.000000 0.000000 0.000000 0.000000 0.000000 0.499045 0.000000 0.000000 0.000000 0.000000 0.000000 0.001609 0.000000 0.000000 0.499280 0.000000
 0.000000 0.499557 0.000000 0.499562 0.000000 0.000000 0.000000 0.000000 0.000000 0.000000 0.000000 0.000000 0.000000 0.000000 0.000000 0.000000 0.000000 0.000000 0.000000 0.000881
 0.000000 0.493256 0.000000 0.000000 0.000000 0.000000 0.000000 0.000000 0.000000 0.000000 0.000000 0.000310 0.000000 0.000000 0.000000 0.013120 0.493270 0.000000 0.000000 0.000044
 0.000000 0.000000 0.000000 0.000000 0.000000 0.000000 0.000000 0.000000 0.000000 0.000000 0.000000 0.000075 0.499445 0.000000 0.499555 0.000000 0.000000 0.000881 0.000044 0.000000
the mean of prob-rank is 1.5789473684210527
the number of false negetive edges is 0
the number of probability greater than 0 is 3.2/edge
