20
 0.000000 0.000000 0.000000 0.000000 0.000000 0.000000 0.000000 0.000000 0.000000 0.000000 0.282188 0.000000 0.000000 0.000000 0.000000 0.349869 0.000000 0.367943 0.000000 0.000000
 0.000000 0.000000 0.000000 0.499999 0.000000 0.000000 0.000000 0.000000 0.000000 0.000000 0.000000 0.000000 0.500001 0.000000 0.000000 0.000000 0.000000 0.000000 0.000000 0.000000
 0.000000 0.000000 0.000000 0.016479 0.492334 0.491187 0.000000 0.000000 0.000000 0.000000 0.000000 0.000000 0.000000 0.000000 0.000000 0.000000 0.000000 0.000000 0.000000 0.000000
 0.000000 0.491804 0.016461 0.000000 0.000000 0.491735 0.000000 0.000000 0.000000 0.000000 0.000000 0.000000 0.000000 0.000000 0.000000 0.000000 0.000000 0.000000 0.000000 0.000000
 0.000000 0.000000 0.455597 0.000000 0.000000 0.000000 0.098083 0.000000 0.000000 0.446268 0.000000 0.000000 0.000000 0.000000 0.000000 0.000000 0.000000 0.000053 0.000000 0.000000
 0.000000 0.000000 0.377807 0.378642 0.000000 0.000000 0.003839 0.000000 0.014011 0.225702 0.000000 0.000000 0.000000 0.000000 0.000000 0.000000 0.000000 0.000000 0.000000 0.000000
 0.000000 0.000000 0.000000 0.000000 0.096721 0.004555 0.000000 0.000000 0.448423 0.449282 0.000000 0.000000 0.000000 0.000000 0.000000 0.000000 0.000000 0.001019 0.000000 0.000000
 0.000000 0.000000 0.000000 0.000000 0.000000 0.000000 0.000000 0.000000 0.000000 0.000000 0.000000 0.000000 0.000000 0.500000 0.000000 0.000000 0.000000 0.000000 0.000000 0.500000
 0.000000 0.000000 0.000000 0.000000 0.000000 0.015496 0.418025 0.000000 0.000000 0.147651 0.000000 0.000000 0.000001 0.000000 0.000001 0.000000 0.000000 0.000000 0.000000 0.418826
 0.000000 0.000000 0.000000 0.000000 0.334526 0.203548 0.341526 0.000000 0.120400 0.000000 0.000000 0.000000 0.000000 0.000000 0.000000 0.000000 0.000000 0.000000 0.000000 0.000000
 0.280836 0.000000 0.000000 0.000000 0.000000 0.000000 0.000000 0.000000 0.000000 0.000000 0.000000 0.000000 0.000000 0.000000 0.000000 0.000020 0.000000 0.352966 0.366179 0.000000
 0.000000 0.000000 0.000000 0.000000 0.000000 0.000000 0.000000 0.000000 0.000000 0.000000 0.000000 0.000000 0.000000 0.000000 0.000000 0.000000 0.500000 0.000000 0.500000 0.000000
 0.000000 0.499999 0.000000 0.000000 0.000000 0.000000 0.000000 0.000000 0.000001 0.000000 0.000000 0.000000 0.000000 0.000000 0.499999 0.000000 0.000000 0.000000 0.000000 0.000000
 0.000000 0.000000 0.000000 0.000000 0.000000 0.000000 0.000000 0.500010 0.000000 0.000000 0.000000 0.000000 0.000000 0.000000 0.000000 0.499990 0.000000 0.000000 0.000000 0.000000
 0.000000 0.000000 0.000000 0.000000 0.000000 0.000000 0.000000 0.000000 0.000001 0.000000 0.000000 0.000000 0.500002 0.000000 0.000000 0.000000 0.499997 0.000000 0.000000 0.000000
 0.329379 0.000000 0.000000 0.000000 0.000000 0.000000 0.000000 0.000000 0.000000 0.000000 0.000019 0.000000 0.000000 0.346381 0.000000 0.000000 0.000000 0.324221 0.000000 0.000000
 0.000000 0.000000 0.000000 0.000000 0.000000 0.000000 0.000000 0.000000 0.000000 0.000000 0.000000 0.500003 0.000000 0.000000 0.499997 0.000000 0.000000 0.000000 0.000000 0.000000
 0.344556 0.000000 0.000000 0.000000 0.000040 0.000000 0.000781 0.000000 0.000000 0.000000 0.332123 0.000000 0.000000 0.000000 0.000000 0.322501 0.000000 0.000000 0.000000 0.000000
 0.000000 0.000000 0.000000 0.000000 0.000000 0.000000 0.000000 0.000000 0.000000 0.000000 0.500000 0.500000 0.000000 0.000000 0.000000 0.000000 0.000000 0.000000 0.000000 0.000000
 0.000000 0.000000 0.000000 0.000000 0.000000 0.000000 0.000000 0.500000 0.500000 0.000000 0.000000 0.000000 0.000000 0.000000 0.000000 0.000000 0.000000 0.000000 0.000000 0.000000
the mean of prob-rank is 1.4210526315789473
the number of false negetive edges is 0
the number of probability greater than 0 is 3.2/edge
