20
 0.000000 0.000000 0.000000 0.495282 0.000000 0.000000 0.000000 0.000000 0.000000 0.000000 0.000000 0.000000 0.000000 0.000000 0.003745 0.005580 0.000000 0.000000 0.000000 0.495392
 0.000000 0.000000 0.276095 0.000000 0.000000 0.000000 0.372085 0.000000 0.000000 0.000000 0.000000 0.000000 0.000000 0.351028 0.000000 0.000000 0.000000 0.000000 0.000000 0.000792
 0.000000 0.276687 0.000000 0.000000 0.000000 0.000000 0.000000 0.000000 0.000000 0.000000 0.000000 0.000000 0.000000 0.372884 0.000000 0.000000 0.000000 0.000000 0.000000 0.350429
 0.429472 0.000000 0.000000 0.000000 0.000000 0.000000 0.000000 0.000000 0.427046 0.000000 0.000000 0.000000 0.000000 0.000000 0.112979 0.000000 0.000000 0.000000 0.000000 0.030503
 0.000000 0.000000 0.000000 0.000000 0.000000 0.000001 0.000000 0.350515 0.000000 0.011319 0.091142 0.334286 0.017809 0.000000 0.000000 0.000000 0.060814 0.000000 0.134113 0.000000
 0.000000 0.000000 0.000000 0.000000 0.000001 0.000000 0.000000 0.000000 0.000000 0.322921 0.000001 0.000275 0.000000 0.000000 0.000000 0.000011 0.046125 0.302448 0.328218 0.000000
 0.000000 0.499999 0.000000 0.000000 0.000000 0.000000 0.000000 0.000000 0.000000 0.000000 0.000000 0.000000 0.500001 0.000000 0.000000 0.000000 0.000000 0.000000 0.000000 0.000000
 0.000000 0.000000 0.000000 0.000000 0.349114 0.000000 0.000000 0.000000 0.000000 0.053247 0.344361 0.000004 0.000000 0.000000 0.000000 0.000000 0.253221 0.000053 0.000000 0.000000
 0.000000 0.000000 0.000000 0.440842 0.000000 0.000000 0.000000 0.000000 0.000000 0.000000 0.000000 0.000000 0.000000 0.116018 0.443141 0.000000 0.000000 0.000000 0.000000 0.000000
 0.000000 0.000000 0.000000 0.000000 0.010255 0.309775 0.000000 0.048432 0.000000 0.000000 0.024179 0.000000 0.000000 0.000000 0.000000 0.000000 0.316732 0.290626 0.000000 0.000000
 0.000000 0.000000 0.000000 0.000000 0.069542 0.000001 0.000000 0.263803 0.000000 0.020364 0.000000 0.242426 0.000000 0.000000 0.000000 0.000000 0.213154 0.190711 0.000000 0.000000
 0.000000 0.000000 0.000000 0.000000 0.306993 0.000267 0.000000 0.000004 0.000000 0.000000 0.291784 0.000000 0.321896 0.000000 0.000000 0.000000 0.000025 0.079031 0.000000 0.000000
 0.000000 0.000000 0.000000 0.000000 0.024775 0.000000 0.487612 0.000000 0.000000 0.000000 0.000000 0.487613 0.000000 0.000000 0.000000 0.000000 0.000000 0.000000 0.000000 0.000000
 0.000000 0.370162 0.392367 0.000000 0.000000 0.000000 0.000000 0.000000 0.102654 0.000000 0.000000 0.000000 0.000000 0.000000 0.000000 0.000000 0.000000 0.000000 0.000000 0.134817
 0.003332 0.000000 0.000000 0.115925 0.000000 0.000000 0.000000 0.000000 0.440464 0.000000 0.000000 0.000000 0.000000 0.000000 0.000000 0.440279 0.000000 0.000000 0.000000 0.000000
 0.005604 0.000000 0.000000 0.000000 0.000000 0.000016 0.000000 0.000000 0.000000 0.000000 0.000000 0.000000 0.000000 0.000000 0.496915 0.000000 0.000000 0.000000 0.497465 0.000000
 0.000000 0.000000 0.000000 0.000000 0.045524 0.036562 0.000000 0.190319 0.000000 0.261719 0.209127 0.000021 0.000000 0.000000 0.000000 0.000000 0.000000 0.256727 0.000000 0.000000
 0.000000 0.000000 0.000000 0.000000 0.000000 0.242609 0.000000 0.000040 0.000000 0.243018 0.189345 0.065192 0.000000 0.000000 0.000000 0.000000 0.259797 0.000000 0.000000 0.000000
 0.000000 0.000000 0.000000 0.000000 0.161160 0.417636 0.000000 0.000000 0.000000 0.000000 0.000000 0.000000 0.000000 0.000000 0.000000 0.421204 0.000000 0.000000 0.000000 0.000000
 0.424355 0.000903 0.398801 0.030133 0.000000 0.000000 0.000000 0.000000 0.000000 0.000000 0.000000 0.000000 0.000000 0.145808 0.000000 0.000000 0.000000 0.000000 0.000000 0.000000
the mean of prob-rank is 1.5263157894736843
the number of false negetive edges is 0
the number of probability greater than 0 is 4.8/edge
