20
 0.000000 0.380201 0.000000 0.000002 0.000000 0.000000 0.000000 0.000000 0.000000 0.000000 0.000000 0.251103 0.000000 0.000000 0.000000 0.000000 0.368694 0.000000 0.000000 0.000000
 0.499994 0.000000 0.000000 0.499993 0.000000 0.000000 0.000000 0.000000 0.000000 0.000000 0.000000 0.000013 0.000000 0.000000 0.000000 0.000000 0.000000 0.000000 0.000000 0.000000
 0.000000 0.000000 0.000000 0.000000 0.000000 0.000000 0.000000 0.000000 0.000000 0.000000 0.000000 0.000000 0.500000 0.000000 0.000000 0.000000 0.000000 0.500000 0.000000 0.000000
 0.000003 0.499997 0.000000 0.000000 0.000000 0.000000 0.000000 0.000000 0.000000 0.000000 0.000000 0.000003 0.000000 0.000000 0.499998 0.000000 0.000000 0.000000 0.000000 0.000000
 0.000000 0.000000 0.000000 0.000000 0.000000 0.000000 0.000000 0.000000 0.006600 0.389787 0.000000 0.000000 0.000000 0.000000 0.000000 0.000000 0.185535 0.418078 0.000000 0.000000
 0.000000 0.000000 0.000000 0.000000 0.000000 0.000000 0.000000 0.000001 0.000000 0.000000 0.062629 0.000000 0.458169 0.043323 0.000000 0.001844 0.000000 0.000000 0.434035 0.000000
 0.000000 0.000000 0.000000 0.000000 0.000000 0.000000 0.000000 0.001066 0.000000 0.000000 0.152564 0.366794 0.000000 0.349559 0.000000 0.000231 0.000000 0.000000 0.001756 0.128029
 0.000000 0.000000 0.000000 0.000000 0.000000 0.000001 0.000999 0.000000 0.000000 0.000000 0.000000 0.335456 0.000000 0.011289 0.000000 0.347473 0.000000 0.000000 0.304782 0.000000
 0.000000 0.000000 0.000000 0.000000 0.005682 0.000000 0.000000 0.000000 0.000000 0.359944 0.000000 0.286107 0.000000 0.000000 0.000000 0.000000 0.348268 0.000000 0.000000 0.000000
 0.000000 0.000000 0.000000 0.000000 0.402796 0.000000 0.000000 0.000000 0.432061 0.000000 0.000000 0.020203 0.000000 0.000000 0.000000 0.000000 0.144940 0.000000 0.000000 0.000000
 0.000000 0.000000 0.000000 0.000000 0.000000 0.054114 0.162248 0.000000 0.000000 0.000000 0.000000 0.000000 0.000000 0.395923 0.000000 0.000000 0.000000 0.000000 0.000000 0.387715
 0.190377 0.000007 0.000000 0.000002 0.000000 0.000000 0.283994 0.277199 0.229123 0.013478 0.000000 0.000000 0.000000 0.005483 0.000000 0.000335 0.000000 0.000000 0.000001 0.000000
 0.000000 0.000000 0.499599 0.000000 0.000000 0.499541 0.000000 0.000000 0.000000 0.000000 0.000000 0.000000 0.000000 0.000000 0.000000 0.000000 0.000000 0.000860 0.000000 0.000000
 0.000000 0.000000 0.000000 0.000000 0.000000 0.032574 0.323493 0.011150 0.000000 0.000000 0.344529 0.006553 0.000000 0.000000 0.000000 0.281702 0.000000 0.000000 0.000000 0.000000
 0.000000 0.000000 0.000000 0.500002 0.000000 0.000000 0.000000 0.000000 0.000000 0.000000 0.000000 0.000000 0.000000 0.000000 0.000000 0.000000 0.000000 0.000000 0.000000 0.499998
 0.000000 0.000000 0.000000 0.000000 0.000000 0.001428 0.000221 0.353385 0.000000 0.000000 0.000000 0.000412 0.000000 0.290072 0.000000 0.000000 0.000000 0.000000 0.354482 0.000000
 0.356978 0.000000 0.000000 0.000000 0.163353 0.000000 0.000000 0.000000 0.356178 0.123490 0.000000 0.000000 0.000000 0.000000 0.000000 0.000000 0.000000 0.000000 0.000000 0.000000
 0.000000 0.000000 0.499587 0.000000 0.499553 0.000000 0.000000 0.000000 0.000000 0.000000 0.000000 0.000000 0.000860 0.000000 0.000000 0.000000 0.000000 0.000000 0.000000 0.000000
 0.000000 0.000000 0.000000 0.000000 0.000000 0.335315 0.001670 0.309298 0.000000 0.000000 0.000000 0.000002 0.000000 0.000000 0.000000 0.353716 0.000000 0.000000 0.000000 0.000000
 0.000000 0.000000 0.000000 0.000000 0.000000 0.000000 0.148028 0.000000 0.000000 0.000000 0.421523 0.000000 0.000000 0.000000 0.430448 0.000000 0.000000 0.000000 0.000000 0.000000
the mean of prob-rank is 1.5789473684210527
the number of false negetive edges is 0
the number of probability greater than 0 is 4.4/edge
