20
 0.000000 0.000000 0.000000 0.000000 0.000000 0.000000 0.000000 0.500001 0.000000 0.000000 0.000000 0.000000 0.000000 0.499999 0.000000 0.000000 0.000000 0.000000 0.000000 0.000000
 0.000000 0.000000 0.000000 0.000000 0.000000 0.000000 0.310766 0.000000 0.000000 0.000000 0.004977 0.000000 0.337888 0.000000 0.000002 0.000000 0.346366 0.000000 0.000000 0.000000
 0.000000 0.000000 0.000000 0.465770 0.000000 0.000000 0.000000 0.000000 0.000000 0.000000 0.000000 0.000000 0.000000 0.389898 0.000000 0.000000 0.000000 0.082238 0.062093 0.000000
 0.000000 0.000000 0.371630 0.000000 0.000000 0.000000 0.000000 0.000000 0.000000 0.000000 0.000000 0.000000 0.000000 0.354547 0.000000 0.000000 0.000000 0.000001 0.273823 0.000000
 0.000000 0.000000 0.000000 0.000000 0.000000 0.000000 0.000000 0.000000 0.458910 0.000000 0.000000 0.000000 0.050904 0.000000 0.464999 0.025179 0.000000 0.000007 0.000000 0.000000
 0.000000 0.000000 0.000000 0.000000 0.000000 0.000000 0.342167 0.000000 0.000000 0.292521 0.000000 0.365312 0.000000 0.000000 0.000000 0.000000 0.000000 0.000000 0.000000 0.000000
 0.000000 0.316528 0.000000 0.000000 0.000000 0.330570 0.000000 0.000000 0.000000 0.352903 0.000000 0.000000 0.000000 0.000000 0.000000 0.000000 0.000000 0.000000 0.000000 0.000000
 0.500000 0.000000 0.000000 0.000000 0.000000 0.000000 0.000000 0.000000 0.000000 0.000000 0.000000 0.000000 0.000000 0.000000 0.000000 0.000000 0.000000 0.000000 0.000000 0.500000
 0.000000 0.000000 0.000000 0.000000 0.361792 0.000000 0.000000 0.000000 0.000000 0.000000 0.000000 0.000000 0.000000 0.000000 0.145318 0.000000 0.000000 0.364330 0.128560 0.000000
 0.000000 0.000000 0.000000 0.000000 0.000000 0.301895 0.376989 0.000000 0.000000 0.000000 0.321116 0.000000 0.000000 0.000000 0.000000 0.000000 0.000000 0.000000 0.000000 0.000000
 0.000000 0.005331 0.000000 0.000000 0.000000 0.000000 0.000000 0.000000 0.000000 0.316117 0.000000 0.000000 0.012954 0.000000 0.000000 0.371149 0.294449 0.000000 0.000000 0.000000
 0.000000 0.000000 0.000000 0.000000 0.000000 0.500000 0.000000 0.000000 0.000000 0.000000 0.000000 0.000000 0.000000 0.000000 0.000000 0.000000 0.000000 0.000000 0.000000 0.500000
 0.000000 0.329425 0.000000 0.000000 0.036982 0.000000 0.000000 0.000000 0.000000 0.000000 0.011791 0.000000 0.000000 0.000000 0.217301 0.337815 0.066686 0.000000 0.000000 0.000000
 0.357870 0.000000 0.299560 0.341403 0.000000 0.000000 0.000000 0.000000 0.000000 0.000000 0.000000 0.000000 0.000000 0.000000 0.000000 0.000000 0.000000 0.000000 0.001166 0.000000
 0.000000 0.000002 0.000000 0.000000 0.340018 0.000000 0.000000 0.000000 0.134784 0.000000 0.000000 0.000000 0.218711 0.000000 0.000000 0.000000 0.306485 0.000000 0.000000 0.000000
 0.000000 0.000000 0.000000 0.000000 0.026361 0.000000 0.000000 0.000000 0.000000 0.000000 0.486827 0.000000 0.486812 0.000000 0.000000 0.000000 0.000000 0.000000 0.000000 0.000000
 0.000000 0.345677 0.000000 0.000000 0.000000 0.000000 0.000000 0.000000 0.000000 0.000000 0.274350 0.000000 0.068263 0.000000 0.311711 0.000000 0.000000 0.000000 0.000000 0.000000
 0.000000 0.000000 0.081366 0.000001 0.000007 0.000000 0.000000 0.000000 0.458010 0.000000 0.000000 0.000000 0.000000 0.000000 0.000000 0.000000 0.000000 0.000000 0.460617 0.000000
 0.000000 0.000000 0.059953 0.331357 0.000000 0.000000 0.000000 0.000000 0.157718 0.000000 0.000000 0.000000 0.000000 0.001465 0.000000 0.000000 0.000000 0.449507 0.000000 0.000000
 0.000000 0.000000 0.000000 0.000000 0.000000 0.000000 0.000000 0.500000 0.000000 0.000000 0.000000 0.500000 0.000000 0.000000 0.000000 0.000000 0.000000 0.000000 0.000000 0.000000
the mean of prob-rank is 1.631578947368421
the number of false negetive edges is 0
the number of probability greater than 0 is 3.7/edge
