20
 0.000000 0.000000 0.000000 0.000000 0.000000 0.000000 0.499451 0.000000 0.000000 0.000000 0.499437 0.001112 0.000000 0.000000 0.000000 0.000000 0.000000 0.000000 0.000000 0.000000
 0.000000 0.000000 0.000000 0.000000 0.000000 0.386692 0.000000 0.000000 0.000000 0.000000 0.003878 0.228410 0.000000 0.000000 0.000000 0.000000 0.381019 0.000000 0.000001 0.000000
 0.000000 0.000000 0.000000 0.000000 0.000000 0.000000 0.000000 0.000000 0.379874 0.000000 0.000000 0.000000 0.000000 0.000000 0.234602 0.000000 0.367837 0.000000 0.017687 0.000000
 0.000000 0.000000 0.000000 0.000000 0.000000 0.000000 0.000000 0.000000 0.000000 0.499999 0.000000 0.000000 0.000000 0.000000 0.000000 0.500001 0.000000 0.000000 0.000000 0.000000
 0.000000 0.000000 0.000000 0.000000 0.000000 0.000000 0.000000 0.000000 0.000000 0.000000 0.000000 0.000000 0.500000 0.000000 0.000000 0.500000 0.000000 0.000000 0.000000 0.000000
 0.000000 0.499994 0.000000 0.000000 0.000000 0.000000 0.000000 0.000000 0.000000 0.000000 0.000000 0.000000 0.000000 0.000000 0.000000 0.000000 0.000009 0.000000 0.499997 0.000000
 0.490273 0.000000 0.000000 0.000000 0.000000 0.000000 0.000000 0.000000 0.000000 0.000000 0.019578 0.000000 0.000000 0.000000 0.490149 0.000000 0.000000 0.000000 0.000000 0.000000
 0.000000 0.000000 0.000000 0.000000 0.000000 0.000000 0.000000 0.000000 0.000000 0.000000 0.000000 0.000000 0.000000 0.000000 0.000000 0.000000 0.000000 0.500000 0.000000 0.500000
 0.000000 0.000000 0.367483 0.000000 0.000000 0.000000 0.000000 0.000000 0.000000 0.000000 0.000000 0.000000 0.000000 0.348390 0.000000 0.000000 0.284127 0.000000 0.000000 0.000000
 0.000000 0.000000 0.000000 0.499999 0.000000 0.000000 0.000000 0.000000 0.000000 0.000000 0.000000 0.000000 0.000000 0.500001 0.000000 0.000000 0.000000 0.000000 0.000000 0.000000
 0.363075 0.003641 0.000000 0.000000 0.000000 0.000000 0.014499 0.000000 0.000000 0.000000 0.000000 0.360599 0.000000 0.000000 0.000444 0.000000 0.000000 0.000000 0.257742 0.000000
 0.000861 0.228407 0.000000 0.000000 0.000000 0.000000 0.000000 0.000000 0.000000 0.000000 0.384042 0.000000 0.000000 0.000000 0.000000 0.000000 0.000000 0.386690 0.000000 0.000000
 0.000000 0.000000 0.000000 0.000000 0.500000 0.000000 0.000000 0.000000 0.000000 0.000000 0.000000 0.000000 0.000000 0.000000 0.000000 0.000000 0.000000 0.000000 0.000000 0.500000
 0.000000 0.000000 0.000000 0.000000 0.000000 0.000000 0.000000 0.000000 0.377438 0.398123 0.000000 0.000000 0.000000 0.000000 0.000000 0.000000 0.224440 0.000000 0.000000 0.000000
 0.000000 0.000000 0.237192 0.000000 0.000000 0.000000 0.383971 0.000000 0.000000 0.000000 0.000470 0.000000 0.000000 0.000000 0.000000 0.000000 0.000000 0.000000 0.378368 0.000000
 0.000000 0.000000 0.000000 0.500000 0.500000 0.000000 0.000000 0.000000 0.000000 0.000000 0.000000 0.000000 0.000000 0.000000 0.000000 0.000000 0.000000 0.000000 0.000000 0.000000
 0.000000 0.283457 0.278564 0.000000 0.000000 0.000005 0.000000 0.000000 0.222425 0.000000 0.000000 0.000000 0.000000 0.162178 0.000000 0.000000 0.000000 0.000000 0.053371 0.000000
 0.000000 0.000000 0.000000 0.000000 0.000000 0.000000 0.000000 0.500000 0.000000 0.000000 0.000000 0.500000 0.000000 0.000000 0.000000 0.000000 0.000000 0.000000 0.000000 0.000000
 0.000000 0.000001 0.015907 0.000000 0.000000 0.341633 0.000000 0.000000 0.000000 0.000000 0.242515 0.000000 0.000000 0.000000 0.336563 0.000000 0.063381 0.000000 0.000000 0.000000
 0.000000 0.000000 0.000000 0.000000 0.000000 0.000000 0.000000 0.500000 0.000000 0.000000 0.000000 0.000000 0.500000 0.000000 0.000000 0.000000 0.000000 0.000000 0.000000 0.000000
the mean of prob-rank is 1.6842105263157894
the number of false negetive edges is 0
the number of probability greater than 0 is 3.3/edge
