20
 0.000000 0.000000 0.000000 0.000000 0.000000 0.000000 0.000000 0.000000 0.000020 0.000000 0.000000 0.000000 0.000000 0.499988 0.000000 0.000000 0.000000 0.000000 0.499992 0.000000
 0.000000 0.000000 0.000000 0.000000 0.500000 0.000000 0.000000 0.000000 0.000000 0.000000 0.500000 0.000000 0.000000 0.000000 0.000000 0.000000 0.000000 0.000000 0.000000 0.000000
 0.000000 0.000000 0.000000 0.000000 0.000000 0.000000 0.000000 0.013594 0.000000 0.493218 0.000000 0.000000 0.000000 0.000000 0.493189 0.000000 0.000000 0.000000 0.000000 0.000000
 0.000000 0.000000 0.000000 0.000000 0.000000 0.354350 0.052466 0.000000 0.000000 0.000000 0.000000 0.000000 0.000719 0.000000 0.000000 0.367083 0.000000 0.225381 0.000000 0.000000
 0.000000 0.500000 0.000000 0.000000 0.000000 0.000000 0.000000 0.000000 0.000000 0.000000 0.000000 0.000000 0.000000 0.500000 0.000000 0.000000 0.000000 0.000000 0.000000 0.000000
 0.000000 0.000000 0.000000 0.330773 0.000000 0.000000 0.328505 0.309979 0.000000 0.000000 0.000000 0.000000 0.000000 0.000000 0.000000 0.020588 0.000000 0.010156 0.000000 0.000000
 0.000000 0.000000 0.000000 0.047323 0.000000 0.317421 0.000000 0.329859 0.000000 0.000000 0.000000 0.000000 0.000001 0.000000 0.000000 0.000000 0.000000 0.305395 0.000000 0.000000
 0.000000 0.000000 0.009758 0.000000 0.000000 0.320290 0.352732 0.000000 0.000000 0.000000 0.000000 0.000000 0.004962 0.000000 0.000002 0.000000 0.000000 0.312256 0.000000 0.000000
 0.000020 0.000000 0.000000 0.000000 0.000000 0.000000 0.000000 0.000000 0.000000 0.500030 0.000000 0.000000 0.000000 0.000000 0.000000 0.000000 0.000000 0.000000 0.499950 0.000000
 0.000000 0.000000 0.495006 0.000000 0.000000 0.000000 0.000000 0.000000 0.495016 0.000000 0.000000 0.000000 0.000000 0.000000 0.009978 0.000000 0.000000 0.000000 0.000000 0.000000
 0.000000 0.500000 0.000000 0.000000 0.000000 0.000000 0.000000 0.000000 0.000000 0.000000 0.000000 0.000000 0.000000 0.000000 0.000000 0.000000 0.500000 0.000000 0.000000 0.000000
 0.000000 0.000000 0.000000 0.000000 0.000000 0.000000 0.000000 0.000000 0.000000 0.000000 0.000000 0.000000 0.000000 0.000000 0.000000 0.000000 0.500000 0.000000 0.000000 0.500000
 0.000000 0.000000 0.000000 0.000972 0.000000 0.000000 0.000002 0.006953 0.000000 0.000000 0.000000 0.000000 0.000000 0.000000 0.496141 0.000001 0.000000 0.495931 0.000000 0.000000
 0.499998 0.000000 0.000000 0.000000 0.500002 0.000000 0.000000 0.000000 0.000000 0.000000 0.000000 0.000000 0.000000 0.000000 0.000000 0.000000 0.000000 0.000000 0.000000 0.000000
 0.000000 0.000000 0.494990 0.000000 0.000000 0.000000 0.000000 0.000003 0.000000 0.009978 0.000000 0.000000 0.495028 0.000000 0.000000 0.000000 0.000000 0.000000 0.000000 0.000000
 0.000000 0.000000 0.000000 0.485407 0.000000 0.029164 0.000000 0.000000 0.000000 0.000000 0.000000 0.000000 0.000001 0.000000 0.000000 0.000000 0.000000 0.000000 0.000000 0.485427
 0.000000 0.000000 0.000000 0.000000 0.000000 0.000000 0.000000 0.000000 0.000000 0.000000 0.500000 0.500000 0.000000 0.000000 0.000000 0.000000 0.000000 0.000000 0.000000 0.000000
 0.000000 0.000000 0.000000 0.178091 0.000000 0.008597 0.267544 0.255817 0.000000 0.000000 0.000000 0.000000 0.289950 0.000000 0.000000 0.000000 0.000000 0.000000 0.000000 0.000000
 0.500040 0.000000 0.000000 0.000000 0.000000 0.000000 0.000000 0.000000 0.499960 0.000000 0.000000 0.000000 0.000000 0.000000 0.000000 0.000000 0.000000 0.000000 0.000000 0.000000
 0.000000 0.000000 0.000000 0.000000 0.000000 0.000000 0.000000 0.000000 0.000000 0.000000 0.000000 0.500000 0.000000 0.000000 0.000000 0.500000 0.000000 0.000000 0.000000 0.000000
the mean of prob-rank is 1.5263157894736843
the number of false negetive edges is 0
the number of probability greater than 0 is 3.4/edge
