20
 0.000000 0.000000 0.000000 0.000000 0.000000 0.499133 0.000007 0.000000 0.000000 0.000000 0.000000 0.000000 0.000000 0.000000 0.000000 0.001731 0.000000 0.499129 0.000000 0.000000
 0.000000 0.000000 0.000000 0.000000 0.000000 0.000000 0.000000 0.000000 0.000000 0.000000 0.000000 0.000000 0.000000 0.000000 0.000000 0.000000 0.000000 0.000000 0.500000 0.500000
 0.000000 0.000000 0.000000 0.000000 0.000000 0.000000 0.000000 0.000000 0.000000 0.000000 0.000000 0.500000 0.500000 0.000000 0.000000 0.000000 0.000000 0.000000 0.000000 0.000000
 0.000000 0.000000 0.000000 0.000000 0.500000 0.000000 0.000000 0.000000 0.000000 0.000000 0.000000 0.000000 0.000000 0.000000 0.000000 0.000000 0.500000 0.000000 0.000000 0.000000
 0.000000 0.000000 0.000000 0.500000 0.000000 0.000000 0.000000 0.000000 0.000000 0.000000 0.000000 0.000000 0.500000 0.000000 0.000000 0.000000 0.000000 0.000000 0.000000 0.000000
 0.461452 0.000000 0.000000 0.000000 0.000000 0.000000 0.461110 0.000000 0.000000 0.000000 0.000000 0.000000 0.000000 0.000000 0.074727 0.002710 0.000000 0.000000 0.000000 0.000000
 0.000007 0.000000 0.000000 0.000000 0.000000 0.499382 0.000000 0.000000 0.000000 0.000000 0.000000 0.000854 0.000000 0.000000 0.499756 0.000000 0.000000 0.000000 0.000000 0.000000
 0.000000 0.000000 0.000000 0.000000 0.000000 0.000000 0.000000 0.000000 0.500000 0.000000 0.500000 0.000000 0.000000 0.000000 0.000000 0.000000 0.000000 0.000000 0.000000 0.000000
 0.000000 0.000000 0.000000 0.000000 0.000000 0.000000 0.000000 0.500001 0.000000 0.000000 0.000000 0.000000 0.000000 0.000000 0.000000 0.000000 0.000000 0.000000 0.000000 0.499999
 0.000000 0.000000 0.000000 0.000000 0.000000 0.000000 0.000000 0.000000 0.000000 0.000000 0.000000 0.000000 0.000000 0.353717 0.000000 0.316457 0.000000 0.000000 0.329826 0.000000
 0.000000 0.000000 0.000000 0.000000 0.000000 0.000000 0.000000 0.500000 0.000000 0.000000 0.000000 0.000000 0.000000 0.000000 0.000000 0.000000 0.500000 0.000000 0.000000 0.000000
 0.000000 0.000000 0.499574 0.000000 0.000000 0.000000 0.000854 0.000000 0.000000 0.000000 0.000000 0.000000 0.000000 0.000000 0.000000 0.000000 0.000000 0.499572 0.000000 0.000000
 0.000000 0.000000 0.500000 0.000000 0.500000 0.000000 0.000000 0.000000 0.000000 0.000000 0.000000 0.000000 0.000000 0.000000 0.000000 0.000000 0.000000 0.000000 0.000000 0.000000
 0.000000 0.000000 0.000000 0.000000 0.000000 0.000000 0.000000 0.000000 0.000000 0.359058 0.000000 0.000000 0.000000 0.000000 0.000000 0.310858 0.000000 0.000000 0.330084 0.000000
 0.000000 0.000000 0.000000 0.000000 0.000000 0.075223 0.464517 0.000000 0.000000 0.000000 0.000000 0.000000 0.000000 0.000000 0.000000 0.460260 0.000000 0.000000 0.000000 0.000000
 0.001256 0.000000 0.000000 0.000000 0.000000 0.002128 0.000000 0.000000 0.000000 0.324083 0.000000 0.000000 0.000000 0.313613 0.358920 0.000000 0.000000 0.000000 0.000000 0.000000
 0.000000 0.000000 0.000000 0.500000 0.000000 0.000000 0.000000 0.000000 0.000000 0.000000 0.500000 0.000000 0.000000 0.000000 0.000000 0.000000 0.000000 0.000000 0.000000 0.000000
 0.499997 0.000000 0.000000 0.000000 0.000000 0.000000 0.000000 0.000000 0.000000 0.000000 0.000000 0.500003 0.000000 0.000000 0.000000 0.000000 0.000000 0.000000 0.000000 0.000000
 0.000000 0.350660 0.000000 0.000000 0.000000 0.000000 0.000000 0.000000 0.000000 0.326976 0.000000 0.000000 0.000000 0.322364 0.000000 0.000000 0.000000 0.000000 0.000000 0.000000
 0.000000 0.500000 0.000000 0.000000 0.000000 0.000000 0.000000 0.000000 0.500000 0.000000 0.000000 0.000000 0.000000 0.000000 0.000000 0.000000 0.000000 0.000000 0.000000 0.000000
the mean of prob-rank is 1.736842105263158
the number of false negetive edges is 0
the number of probability greater than 0 is 2.7/edge
