20
 0.000000 0.000000 0.000000 0.000000 0.000000 0.000000 0.000000 0.000000 0.000000 0.471820 0.000000 0.000075 0.057526 0.000000 0.000000 0.000000 0.000000 0.470579 0.000000 0.000000
 0.000000 0.000000 0.000000 0.311494 0.000000 0.000000 0.343994 0.000000 0.000000 0.000000 0.000000 0.000000 0.000000 0.000000 0.000000 0.000000 0.000000 0.000000 0.342454 0.002058
 0.000000 0.000000 0.000000 0.000000 0.000000 0.000000 0.000000 0.000000 0.092249 0.000000 0.453696 0.000000 0.000000 0.000000 0.000000 0.000000 0.000000 0.000000 0.454054 0.000000
 0.000000 0.244617 0.000000 0.000000 0.000000 0.000000 0.249404 0.000000 0.000000 0.000000 0.000000 0.112488 0.000000 0.000000 0.000001 0.000000 0.000000 0.000000 0.126611 0.266878
 0.000000 0.000000 0.000000 0.000000 0.000000 0.395077 0.000000 0.407778 0.000002 0.000000 0.000000 0.000000 0.000000 0.000000 0.197144 0.000000 0.000000 0.000000 0.000000 0.000000
 0.000000 0.000000 0.000000 0.000000 0.388238 0.000000 0.000000 0.000000 0.000000 0.000000 0.000000 0.000000 0.000000 0.000000 0.399756 0.000000 0.000000 0.212005 0.000000 0.000000
 0.000000 0.343441 0.000000 0.317079 0.000000 0.000000 0.000000 0.000000 0.000000 0.000000 0.000000 0.000000 0.000000 0.000000 0.000000 0.000000 0.003893 0.000000 0.011909 0.323678
 0.000000 0.000000 0.000000 0.000000 0.457650 0.000000 0.000000 0.000000 0.457474 0.000000 0.084787 0.000000 0.000000 0.000000 0.000088 0.000000 0.000000 0.000000 0.000000 0.000000
 0.000000 0.000000 0.092232 0.000000 0.000002 0.000000 0.000000 0.453796 0.000000 0.000000 0.453970 0.000000 0.000000 0.000000 0.000000 0.000000 0.000000 0.000000 0.000000 0.000000
 0.455426 0.000000 0.000000 0.000001 0.000000 0.000000 0.000000 0.000000 0.000000 0.000000 0.000000 0.455381 0.000000 0.000000 0.025872 0.000000 0.000000 0.063321 0.000000 0.000000
 0.000000 0.000000 0.457414 0.000000 0.000000 0.000000 0.000000 0.084810 0.457775 0.000000 0.000000 0.000000 0.000000 0.000000 0.000000 0.000000 0.000000 0.000000 0.000000 0.000000
 0.000066 0.000000 0.000000 0.172188 0.000000 0.000000 0.000000 0.000000 0.000000 0.414518 0.000000 0.000000 0.413213 0.000000 0.000000 0.000015 0.000000 0.000000 0.000000 0.000000
 0.057540 0.000000 0.000000 0.000000 0.000000 0.000000 0.000000 0.000000 0.000000 0.000000 0.000000 0.470404 0.000000 0.000016 0.000000 0.472006 0.000000 0.000033 0.000000 0.000000
 0.000000 0.000000 0.000000 0.000000 0.000000 0.000000 0.000000 0.000000 0.000000 0.000000 0.000000 0.000000 0.000017 0.000000 0.000000 0.499990 0.499993 0.000000 0.000000 0.000000
 0.000000 0.000000 0.000000 0.000002 0.190960 0.394038 0.000000 0.000076 0.000000 0.022435 0.000000 0.000000 0.000000 0.000000 0.000000 0.000000 0.000000 0.392490 0.000000 0.000000
 0.000000 0.000000 0.000000 0.000000 0.000000 0.000000 0.000000 0.000000 0.000000 0.000000 0.000000 0.000018 0.499992 0.499990 0.000000 0.000000 0.000000 0.000000 0.000000 0.000000
 0.000000 0.000000 0.000000 0.000000 0.000000 0.000000 0.005154 0.000000 0.000000 0.000000 0.000000 0.000000 0.000000 0.455880 0.000000 0.000000 0.000000 0.000000 0.097393 0.441572
 0.375031 0.000000 0.000000 0.000000 0.000000 0.198966 0.000000 0.000000 0.000000 0.052280 0.000000 0.000000 0.000027 0.000000 0.373696 0.000000 0.000000 0.000000 0.000000 0.000000
 0.000000 0.366569 0.369206 0.172580 0.000000 0.000000 0.012768 0.000000 0.000000 0.000000 0.000000 0.000000 0.000000 0.000000 0.000000 0.000000 0.078877 0.000000 0.000000 0.000000
 0.000000 0.002058 0.000000 0.339776 0.000000 0.000000 0.324137 0.000000 0.000000 0.000000 0.000000 0.000000 0.000000 0.000000 0.000000 0.000000 0.334029 0.000000 0.000000 0.000000
the mean of prob-rank is 1.5789473684210527
the number of false negetive edges is 0
the number of probability greater than 0 is 4.2/edge
