20
 0.000000 0.000000 0.000000 0.000000 0.500006 0.000000 0.499994 0.000000 0.000000 0.000000 0.000000 0.000000 0.000000 0.000000 0.000000 0.000000 0.000000 0.000000 0.000000 0.000000
 0.000000 0.000000 0.000000 0.000000 0.000000 0.000000 0.000000 0.000000 0.000000 0.500000 0.000000 0.000000 0.000000 0.000000 0.500000 0.000000 0.000000 0.000000 0.000000 0.000000
 0.000000 0.000000 0.000000 0.000000 0.000000 0.000000 0.000000 0.000000 0.000000 0.000000 0.000000 0.000000 0.000000 0.000000 0.000000 0.499999 0.000000 0.000000 0.500001 0.000000
 0.000000 0.000000 0.000000 0.000000 0.000000 0.004614 0.000000 0.003201 0.496215 0.000000 0.000000 0.000000 0.000000 0.000004 0.000000 0.000000 0.000000 0.000000 0.000000 0.495966
 0.500000 0.000000 0.000000 0.000000 0.000000 0.000000 0.000000 0.000000 0.000000 0.000000 0.000000 0.500000 0.000000 0.000000 0.000000 0.000000 0.000000 0.000000 0.000000 0.000000
 0.000000 0.000000 0.000000 0.004628 0.000000 0.000000 0.000000 0.000000 0.000000 0.000000 0.497780 0.000007 0.000000 0.000004 0.000000 0.000000 0.000000 0.000000 0.000000 0.497581
 0.418041 0.000000 0.000000 0.000000 0.000000 0.000000 0.000000 0.000000 0.000000 0.000000 0.000000 0.000000 0.000000 0.000000 0.000000 0.000000 0.174662 0.407296 0.000000 0.000000
 0.000000 0.000000 0.000000 0.003215 0.000000 0.000000 0.000000 0.000000 0.000000 0.498395 0.000000 0.000000 0.000000 0.498390 0.000000 0.000000 0.000000 0.000000 0.000000 0.000000
 0.000000 0.000000 0.000000 0.500000 0.000000 0.000000 0.000000 0.000000 0.000000 0.000000 0.000000 0.500000 0.000000 0.000000 0.000000 0.000000 0.000000 0.000000 0.000000 0.000000
 0.000000 0.500000 0.000000 0.000000 0.000000 0.000000 0.000000 0.500000 0.000000 0.000000 0.000000 0.000000 0.000000 0.000000 0.000000 0.000000 0.000000 0.000000 0.000000 0.000000
 0.000000 0.000000 0.000000 0.000000 0.000000 0.485566 0.000000 0.000000 0.000000 0.000000 0.000000 0.000000 0.000000 0.456219 0.000000 0.000000 0.000000 0.000000 0.000000 0.058215
 0.000000 0.000000 0.000000 0.000000 0.499997 0.000007 0.000000 0.000000 0.499996 0.000000 0.000000 0.000000 0.000000 0.000000 0.000000 0.000000 0.000000 0.000000 0.000000 0.000000
 0.000000 0.000000 0.000000 0.000000 0.000000 0.000000 0.000000 0.000000 0.000000 0.000000 0.000000 0.000000 0.000000 0.000000 0.000000 0.000000 0.387646 0.224904 0.387450 0.000000
 0.000000 0.000000 0.000000 0.000004 0.000000 0.000003 0.000000 0.440128 0.000000 0.000000 0.413530 0.000000 0.000000 0.000000 0.000000 0.000000 0.000000 0.000000 0.000000 0.146334
 0.000000 0.500000 0.000000 0.000000 0.000000 0.000000 0.000000 0.000000 0.000000 0.000000 0.000000 0.000000 0.000000 0.000000 0.000000 0.500000 0.000000 0.000000 0.000000 0.000000
 0.000000 0.000000 0.499999 0.000000 0.000000 0.000000 0.000000 0.000000 0.000000 0.000000 0.000000 0.000000 0.000000 0.000000 0.500001 0.000000 0.000000 0.000000 0.000000 0.000000
 0.000000 0.000000 0.000000 0.000000 0.000000 0.000000 0.174899 0.000000 0.000000 0.000000 0.000000 0.000000 0.418619 0.000000 0.000000 0.000000 0.000000 0.406481 0.000000 0.000000
 0.000000 0.000000 0.000000 0.000000 0.000000 0.000000 0.337554 0.000000 0.000000 0.000000 0.000000 0.000000 0.201013 0.000000 0.000000 0.000000 0.336422 0.000000 0.125011 0.000000
 0.000000 0.000000 0.423673 0.000000 0.000000 0.000000 0.000000 0.000000 0.000000 0.000000 0.000000 0.000000 0.423459 0.000000 0.000000 0.000000 0.000000 0.152868 0.000000 0.000000
 0.000000 0.000000 0.000000 0.407715 0.000000 0.407755 0.000000 0.000000 0.000000 0.000000 0.048906 0.000000 0.000000 0.135624 0.000000 0.000000 0.000000 0.000000 0.000000 0.000000
the mean of prob-rank is 1.5263157894736843
the number of false negetive edges is 0
the number of probability greater than 0 is 3.0/edge
