20
 0.000000 0.000000 0.000000 0.000000 0.000000 0.500000 0.000000 0.000000 0.000000 0.000000 0.500000 0.000000 0.000000 0.000000 0.000000 0.000000 0.000000 0.000000 0.000000 0.000000
 0.000000 0.000000 0.000000 0.000000 0.000000 0.499995 0.000000 0.000000 0.000000 0.000000 0.000000 0.000000 0.000000 0.000000 0.500005 0.000000 0.000000 0.000000 0.000000 0.000000
 0.000000 0.000000 0.000000 0.488862 0.000000 0.000000 0.489286 0.021852 0.000000 0.000000 0.000000 0.000000 0.000000 0.000000 0.000000 0.000000 0.000000 0.000000 0.000000 0.000000
 0.000000 0.000000 0.494013 0.000000 0.000000 0.000000 0.000000 0.494417 0.000000 0.000000 0.000000 0.000000 0.000000 0.000000 0.011570 0.000000 0.000000 0.000000 0.000000 0.000000
 0.000000 0.000000 0.000000 0.000000 0.000000 0.000000 0.000000 0.213594 0.279712 0.001606 0.000000 0.187307 0.000000 0.000000 0.000000 0.000000 0.029812 0.000003 0.003524 0.284442
 0.500005 0.499995 0.000000 0.000000 0.000000 0.000000 0.000000 0.000000 0.000000 0.000000 0.000000 0.000000 0.000000 0.000000 0.000000 0.000000 0.000000 0.000000 0.000000 0.000000
 0.000000 0.000000 0.500000 0.000000 0.000000 0.000000 0.000000 0.000000 0.500000 0.000000 0.000000 0.000000 0.000000 0.000000 0.000000 0.000000 0.000000 0.000000 0.000000 0.000000
 0.000000 0.000000 0.015367 0.344070 0.258306 0.000000 0.000000 0.000000 0.008335 0.007795 0.000000 0.000000 0.000000 0.000000 0.311193 0.000000 0.054747 0.000000 0.000000 0.000187
 0.000000 0.000000 0.000000 0.000000 0.342029 0.000000 0.347915 0.008428 0.000000 0.000000 0.000000 0.000000 0.000000 0.000000 0.000000 0.000000 0.000000 0.000000 0.301628 0.000000
 0.000000 0.000000 0.000000 0.000000 0.001620 0.000000 0.000000 0.006501 0.000000 0.000000 0.000000 0.261158 0.000000 0.000000 0.208553 0.000004 0.286970 0.033545 0.000000 0.201648
 0.500000 0.000000 0.000000 0.000000 0.000000 0.000000 0.000000 0.000000 0.000000 0.000000 0.000000 0.000000 0.000000 0.000000 0.000000 0.499999 0.000000 0.000000 0.000000 0.000000
 0.000000 0.000000 0.000000 0.000000 0.195645 0.000000 0.000000 0.000000 0.000000 0.270460 0.000000 0.000000 0.171532 0.015150 0.000000 0.000000 0.040087 0.009716 0.297192 0.000219
 0.000000 0.000000 0.000000 0.000000 0.000000 0.000000 0.000000 0.000000 0.000000 0.000000 0.000000 0.223822 0.000000 0.387788 0.000000 0.036899 0.000000 0.000005 0.351486 0.000000
 0.000000 0.000000 0.000000 0.000000 0.000000 0.000000 0.000000 0.000000 0.000000 0.000000 0.000000 0.024526 0.481119 0.000000 0.000000 0.013404 0.000000 0.480949 0.000002 0.000000
 0.000000 0.376712 0.000000 0.008815 0.000000 0.000000 0.000000 0.340701 0.000000 0.273772 0.000000 0.000000 0.000000 0.000000 0.000000 0.000000 0.000000 0.000000 0.000000 0.000000
 0.000000 0.000000 0.000000 0.000000 0.000000 0.000000 0.000000 0.000000 0.000000 0.000007 0.471792 0.000000 0.044893 0.013144 0.000000 0.000000 0.000000 0.470164 0.000000 0.000000
 0.000000 0.000000 0.000000 0.000000 0.043759 0.000000 0.000000 0.066449 0.000000 0.417632 0.000000 0.056332 0.000000 0.000000 0.000000 0.000000 0.000000 0.000001 0.000000 0.415827
 0.000000 0.000000 0.000000 0.000000 0.000005 0.000000 0.000000 0.000000 0.000000 0.054475 0.000000 0.015235 0.000006 0.465861 0.000000 0.464417 0.000001 0.000000 0.000000 0.000000
 0.000000 0.000000 0.000000 0.000000 0.004446 0.000000 0.000000 0.000000 0.311213 0.000000 0.000000 0.358972 0.325367 0.000002 0.000000 0.000000 0.000000 0.000000 0.000000 0.000000
 0.000000 0.000000 0.000000 0.000000 0.370351 0.000000 0.000000 0.000201 0.000000 0.260315 0.000000 0.000273 0.000000 0.000000 0.000000 0.000000 0.368860 0.000000 0.000000 0.000000
the mean of prob-rank is 1.736842105263158
the number of false negetive edges is 0
the number of probability greater than 0 is 4.6/edge
