20
 0.000000 0.000000 0.000000 0.000000 0.093630 0.000000 0.000000 0.000000 0.320525 0.000000 0.000000 0.000000 0.000000 0.000000 0.000076 0.000000 0.267642 0.000010 0.000000 0.318117
 0.000000 0.000000 0.000000 0.337456 0.000000 0.244379 0.000000 0.000000 0.000000 0.000000 0.000000 0.000013 0.026771 0.000000 0.000000 0.385470 0.000000 0.000000 0.005911 0.000000
 0.000000 0.000000 0.000000 0.000000 0.000000 0.003748 0.415573 0.000000 0.000000 0.172195 0.000000 0.000000 0.000000 0.000000 0.000000 0.000000 0.000000 0.000000 0.000010 0.408475
 0.000000 0.290262 0.000000 0.000000 0.000000 0.000000 0.000000 0.000000 0.000000 0.000000 0.061818 0.000000 0.000000 0.000000 0.313976 0.000000 0.000000 0.008537 0.325408 0.000000
 0.072384 0.000000 0.000000 0.000000 0.000000 0.000000 0.000000 0.000000 0.000000 0.000000 0.000000 0.000000 0.000000 0.000000 0.138769 0.000000 0.201321 0.253968 0.108770 0.224790
 0.000000 0.240828 0.003426 0.000000 0.000000 0.000000 0.379486 0.000000 0.000000 0.376259 0.000000 0.000000 0.000000 0.000000 0.000000 0.000000 0.000000 0.000000 0.000000 0.000000
 0.000000 0.000000 0.498172 0.000000 0.000000 0.497672 0.000000 0.000000 0.000000 0.004156 0.000000 0.000000 0.000000 0.000000 0.000000 0.000000 0.000000 0.000000 0.000000 0.000000
 0.000000 0.000000 0.000000 0.000000 0.000000 0.000000 0.000000 0.000000 0.000000 0.000000 0.000061 0.483164 0.483393 0.033382 0.000000 0.000000 0.000000 0.000000 0.000000 0.000000
 0.342811 0.000000 0.000000 0.000000 0.000000 0.000000 0.000000 0.000000 0.000000 0.000000 0.305721 0.000000 0.000000 0.000000 0.000000 0.000000 0.351468 0.000000 0.000000 0.000000
 0.000000 0.000000 0.171703 0.000000 0.000000 0.410451 0.003457 0.000000 0.000000 0.000000 0.000000 0.000000 0.000000 0.000000 0.000000 0.000000 0.000000 0.000000 0.414389 0.000000
 0.000000 0.000000 0.000000 0.062977 0.000000 0.000000 0.000000 0.000042 0.293516 0.000000 0.000000 0.000004 0.000000 0.337721 0.000000 0.000000 0.305739 0.000000 0.000000 0.000000
 0.000000 0.000017 0.000000 0.000000 0.000000 0.000000 0.000000 0.498078 0.000000 0.000000 0.000006 0.000000 0.000000 0.498323 0.000000 0.003576 0.000000 0.000000 0.000000 0.000000
 0.000000 0.033573 0.000000 0.000000 0.000000 0.000000 0.000000 0.483413 0.000000 0.000000 0.000000 0.000000 0.000000 0.000000 0.000000 0.483013 0.000000 0.000000 0.000000 0.000000
 0.000000 0.000000 0.000000 0.000000 0.000000 0.000000 0.000000 0.033378 0.000000 0.000000 0.483268 0.483354 0.000000 0.000000 0.000000 0.000000 0.000000 0.000000 0.000000 0.000000
 0.000070 0.000000 0.000000 0.287367 0.165589 0.000000 0.000000 0.000000 0.000000 0.000000 0.000000 0.000000 0.000000 0.000000 0.000000 0.000000 0.161329 0.303457 0.082187 0.000000
 0.000000 0.498422 0.000000 0.000000 0.000000 0.000000 0.000000 0.000000 0.000000 0.000000 0.000000 0.003577 0.498001 0.000000 0.000000 0.000000 0.000000 0.000000 0.000000 0.000000
 0.184083 0.000000 0.000000 0.000000 0.179110 0.000000 0.000000 0.000000 0.226023 0.000000 0.204791 0.000000 0.000000 0.000000 0.120283 0.000000 0.000000 0.085710 0.000000 0.000000
 0.000013 0.000000 0.000000 0.010660 0.413451 0.000000 0.000000 0.000000 0.000000 0.000000 0.000000 0.000000 0.000000 0.000000 0.414001 0.000000 0.156835 0.000000 0.005040 0.000000
 0.000000 0.005628 0.000008 0.360222 0.156982 0.000000 0.000000 0.000000 0.000000 0.367032 0.000000 0.000000 0.000000 0.000000 0.099404 0.000000 0.000000 0.004468 0.000000 0.006255
 0.339207 0.000000 0.344769 0.000000 0.310046 0.000000 0.000000 0.000000 0.000000 0.000000 0.000000 0.000000 0.000000 0.000000 0.000000 0.000000 0.000000 0.000000 0.005978 0.000000
the mean of prob-rank is 1.9473684210526316
the number of false negetive edges is 0
the number of probability greater than 0 is 4.8/edge
