20
 0.000000 0.000000 0.000000 0.000000 0.000000 0.498993 0.000000 0.000000 0.000000 0.000000 0.000000 0.000000 0.002035 0.000000 0.000000 0.000000 0.000000 0.498972 0.000000 0.000000
 0.000000 0.000000 0.000000 0.000000 0.000000 0.000000 0.000000 0.000000 0.000000 0.000000 0.000000 0.494031 0.000001 0.011948 0.000000 0.000000 0.000000 0.000000 0.000000 0.494019
 0.000000 0.000000 0.000000 0.000000 0.499998 0.000000 0.000000 0.000000 0.000000 0.000000 0.500002 0.000000 0.000000 0.000000 0.000000 0.000000 0.000000 0.000000 0.000000 0.000000
 0.000000 0.000000 0.000000 0.000000 0.000000 0.000000 0.499784 0.000695 0.000000 0.000000 0.000000 0.000000 0.000000 0.499521 0.000000 0.000000 0.000000 0.000000 0.000000 0.000000
 0.000000 0.000000 0.499998 0.000000 0.000000 0.000000 0.000000 0.000000 0.500002 0.000000 0.000000 0.000000 0.000000 0.000000 0.000000 0.000000 0.000000 0.000000 0.000000 0.000000
 0.498175 0.000000 0.000000 0.000000 0.000000 0.000000 0.000000 0.000000 0.000000 0.000000 0.000000 0.498192 0.000000 0.000000 0.000000 0.000000 0.000000 0.003633 0.000000 0.000000
 0.000000 0.000000 0.000000 0.500002 0.000000 0.000000 0.000000 0.000000 0.000000 0.000000 0.000000 0.000000 0.000000 0.000000 0.000000 0.499998 0.000000 0.000000 0.000000 0.000000
 0.000000 0.000000 0.000000 0.000680 0.000000 0.000000 0.000000 0.000000 0.000000 0.000000 0.000000 0.000000 0.488812 0.488682 0.000000 0.000000 0.000000 0.000000 0.000000 0.021827
 0.000000 0.000000 0.000000 0.000000 0.500000 0.000000 0.000000 0.000000 0.000000 0.000000 0.000000 0.000000 0.000000 0.000000 0.500000 0.000000 0.000000 0.000000 0.000000 0.000000
 0.000000 0.000000 0.000000 0.000000 0.000000 0.000000 0.000000 0.000000 0.000000 0.000000 0.000000 0.000000 0.000000 0.000000 0.000000 0.000551 0.499707 0.000000 0.499742 0.000000
 0.000000 0.000000 0.500245 0.000000 0.000000 0.000000 0.000000 0.000000 0.000000 0.000000 0.000000 0.000000 0.000000 0.000000 0.000000 0.000000 0.000000 0.000000 0.499755 0.000000
 0.000000 0.499998 0.000000 0.000000 0.000000 0.500000 0.000000 0.000000 0.000000 0.000000 0.000000 0.000000 0.000000 0.000000 0.000000 0.000000 0.000000 0.000002 0.000000 0.000000
 0.002035 0.000001 0.000000 0.000000 0.000000 0.000000 0.000000 0.499042 0.000000 0.000000 0.000000 0.000000 0.000000 0.000000 0.000000 0.000000 0.000000 0.000000 0.000000 0.498921
 0.000000 0.011943 0.000000 0.493545 0.000000 0.000000 0.000000 0.493679 0.000000 0.000000 0.000000 0.000000 0.000000 0.000000 0.000000 0.000000 0.000000 0.000000 0.000000 0.000833
 0.000000 0.000000 0.000000 0.000000 0.000000 0.000000 0.000000 0.000000 0.500001 0.000000 0.000000 0.000000 0.000000 0.000000 0.000000 0.000000 0.000000 0.499999 0.000000 0.000000
 0.000000 0.000000 0.000000 0.000000 0.000000 0.000000 0.499721 0.000000 0.000000 0.000551 0.000000 0.000000 0.000000 0.000000 0.000000 0.000000 0.499728 0.000000 0.000000 0.000000
 0.000000 0.000000 0.000000 0.000000 0.000000 0.000000 0.000000 0.000000 0.000000 0.499684 0.000000 0.000000 0.000000 0.000000 0.000000 0.499719 0.000000 0.000000 0.000598 0.000000
 0.498165 0.000000 0.000000 0.000000 0.000000 0.003633 0.000000 0.000000 0.000000 0.000000 0.000000 0.000002 0.000000 0.000000 0.498200 0.000000 0.000000 0.000000 0.000000 0.000000
 0.000000 0.000000 0.000000 0.000000 0.000000 0.000000 0.000000 0.000000 0.000000 0.499946 0.499457 0.000000 0.000000 0.000000 0.000000 0.000000 0.000598 0.000000 0.000000 0.000000
 0.000000 0.488728 0.000000 0.000000 0.000000 0.000000 0.000000 0.021823 0.000000 0.000000 0.000000 0.000000 0.488624 0.000824 0.000000 0.000000 0.000000 0.000000 0.000000 0.000000
the mean of prob-rank is 1.5789473684210527
the number of false negetive edges is 0
the number of probability greater than 0 is 3.0/edge
