20
 0.000000 0.000000 0.000000 0.276352 0.000000 0.000000 0.283426 0.000000 0.000000 0.000000 0.170936 0.000000 0.000000 0.000000 0.000000 0.269286 0.000000 0.000000 0.000000 0.000000
 0.000000 0.000000 0.000000 0.000000 0.000000 0.000000 0.000000 0.000000 0.000000 0.000000 0.227398 0.000000 0.246352 0.000000 0.000000 0.254388 0.271861 0.000000 0.000000 0.000000
 0.000000 0.000000 0.000000 0.000000 0.293506 0.361132 0.000000 0.000000 0.000000 0.000000 0.000000 0.345360 0.000000 0.000000 0.000000 0.000000 0.000000 0.000002 0.000000 0.000000
 0.250391 0.000000 0.000000 0.000000 0.000000 0.173609 0.201064 0.000000 0.000000 0.000000 0.258738 0.000000 0.047773 0.000000 0.000000 0.000000 0.000000 0.068426 0.000000 0.000000
 0.000000 0.000000 0.229697 0.000000 0.000000 0.001249 0.000000 0.000000 0.000003 0.282620 0.000000 0.260146 0.000000 0.000000 0.000000 0.000000 0.000000 0.000000 0.226284 0.000000
 0.000000 0.000000 0.273002 0.182970 0.001207 0.000000 0.000000 0.000000 0.000000 0.000000 0.000000 0.207507 0.038104 0.000000 0.258554 0.000000 0.000000 0.038656 0.000000 0.000000
 0.296482 0.000000 0.000000 0.232133 0.000000 0.000000 0.000000 0.000000 0.293778 0.000000 0.000000 0.000000 0.000000 0.000000 0.000000 0.000000 0.000000 0.000000 0.000000 0.177607
 0.000000 0.000000 0.000000 0.000000 0.000000 0.000001 0.000000 0.000000 0.000000 0.000000 0.000000 0.000000 0.499998 0.000000 0.500001 0.000000 0.000000 0.000000 0.000000 0.000000
 0.000000 0.000000 0.000000 0.000000 0.000005 0.000000 0.375412 0.000000 0.000000 0.130604 0.000000 0.000000 0.000000 0.113512 0.000000 0.000000 0.000000 0.000000 0.000000 0.380468
 0.000000 0.000000 0.000000 0.000000 0.428890 0.000000 0.000000 0.000000 0.146573 0.000000 0.000000 0.000000 0.000000 0.000000 0.000000 0.000000 0.000000 0.000000 0.424537 0.000000
 0.195782 0.270124 0.000000 0.327070 0.000000 0.000000 0.000000 0.000000 0.000000 0.000000 0.000000 0.000000 0.044433 0.000000 0.000000 0.162591 0.000000 0.000000 0.000000 0.000000
 0.000000 0.000000 0.275177 0.000000 0.264861 0.218712 0.000000 0.000000 0.000000 0.000000 0.000000 0.000000 0.000000 0.000000 0.241250 0.000000 0.000000 0.000000 0.000000 0.000000
 0.000000 0.268689 0.000000 0.055447 0.000000 0.041963 0.000000 0.300646 0.000000 0.000000 0.040796 0.000000 0.000000 0.000000 0.000000 0.000000 0.292460 0.000000 0.000000 0.000000
 0.000000 0.000000 0.000000 0.000000 0.000000 0.000000 0.000000 0.000000 0.129471 0.000000 0.000000 0.000000 0.000000 0.000000 0.000000 0.000000 0.000000 0.435232 0.000007 0.435290
 0.000000 0.000000 0.000000 0.000000 0.000000 0.340002 0.000000 0.359004 0.000000 0.000000 0.000000 0.300994 0.000000 0.000000 0.000000 0.000000 0.000000 0.000000 0.000000 0.000000
 0.280235 0.274565 0.000000 0.000000 0.000000 0.000000 0.000000 0.000000 0.000000 0.000000 0.147730 0.000000 0.000000 0.000000 0.000000 0.000000 0.297470 0.000000 0.000000 0.000000
 0.000000 0.333319 0.000000 0.000000 0.000000 0.000000 0.000000 0.000000 0.000000 0.000000 0.000000 0.000000 0.328766 0.000000 0.000000 0.337915 0.000000 0.000000 0.000000 0.000000
 0.000000 0.000000 0.000002 0.109872 0.000000 0.058894 0.000000 0.000000 0.000000 0.000000 0.000000 0.000000 0.000000 0.415300 0.000000 0.000000 0.000000 0.000000 0.415932 0.000000
 0.000000 0.000000 0.000000 0.000000 0.286921 0.000000 0.000000 0.000000 0.000000 0.354716 0.000000 0.000000 0.000000 0.000006 0.000000 0.000000 0.000000 0.358357 0.000000 0.000000
 0.000000 0.000000 0.000000 0.000000 0.000000 0.000000 0.229470 0.000000 0.384676 0.000000 0.000000 0.000000 0.000000 0.385854 0.000000 0.000000 0.000000 0.000000 0.000000 0.000000
the mean of prob-rank is 1.9473684210526316
the number of false negetive edges is 0
the number of probability greater than 0 is 4.3/edge
