20
 0.000000 0.000000 0.000000 0.000000 0.000000 0.000000 0.458382 0.455199 0.000038 0.000522 0.000000 0.000000 0.000000 0.000000 0.000000 0.000000 0.000000 0.000000 0.000000 0.085858
 0.000000 0.000000 0.000000 0.000000 0.000000 0.054853 0.000000 0.000000 0.000000 0.000000 0.000000 0.000000 0.472526 0.000000 0.000000 0.000000 0.000000 0.000000 0.472621 0.000000
 0.000000 0.000000 0.000000 0.499949 0.000000 0.000000 0.000000 0.000000 0.000000 0.000000 0.000000 0.000000 0.000000 0.000000 0.000000 0.000000 0.000094 0.499957 0.000000 0.000000
 0.000000 0.000000 0.493469 0.000000 0.000000 0.000000 0.000000 0.013055 0.000000 0.000000 0.000000 0.000000 0.000000 0.000000 0.000000 0.000000 0.493476 0.000000 0.000000 0.000000
 0.000000 0.000000 0.000000 0.000000 0.000000 0.482153 0.000000 0.481948 0.000000 0.034724 0.000000 0.001175 0.000000 0.000000 0.000000 0.000000 0.000000 0.000000 0.000000 0.000000
 0.000000 0.052050 0.000000 0.000000 0.448498 0.000000 0.000000 0.000190 0.000000 0.445049 0.000000 0.004327 0.000007 0.000000 0.000000 0.000000 0.000000 0.000000 0.049880 0.000000
 0.491912 0.000000 0.000000 0.000000 0.000000 0.000000 0.000000 0.000000 0.016139 0.000000 0.000000 0.000000 0.000000 0.491949 0.000000 0.000000 0.000000 0.000000 0.000000 0.000000
 0.418167 0.000000 0.000000 0.011141 0.420931 0.000179 0.000000 0.000000 0.000000 0.134517 0.000000 0.000000 0.000000 0.000000 0.000000 0.000000 0.000013 0.000000 0.000000 0.015053
 0.000041 0.000000 0.000000 0.000000 0.000000 0.000000 0.016139 0.000000 0.000000 0.000000 0.491944 0.000000 0.000072 0.000000 0.000000 0.000000 0.000000 0.000000 0.000000 0.491803
 0.000444 0.000000 0.000000 0.000000 0.028069 0.386740 0.000000 0.124495 0.000000 0.000000 0.058830 0.000000 0.000000 0.000000 0.000000 0.000000 0.000000 0.000000 0.015323 0.386098
 0.000000 0.000000 0.000000 0.000000 0.000000 0.000000 0.000000 0.000000 0.453803 0.068499 0.000000 0.000000 0.000000 0.000000 0.000000 0.000000 0.000000 0.000000 0.453013 0.024685
 0.000000 0.000000 0.000000 0.000000 0.001211 0.004794 0.000000 0.000000 0.000000 0.000000 0.000000 0.000000 0.000000 0.000000 0.497003 0.000000 0.496991 0.000000 0.000000 0.000000
 0.000000 0.499886 0.000000 0.000000 0.000000 0.000007 0.000000 0.000000 0.000073 0.000000 0.000000 0.000000 0.000000 0.000000 0.000000 0.500034 0.000000 0.000000 0.000000 0.000000
 0.000000 0.000000 0.000000 0.000000 0.000000 0.000000 0.500000 0.000000 0.000000 0.000000 0.000000 0.000000 0.000000 0.000000 0.000000 0.000000 0.000000 0.500000 0.000000 0.000000
 0.000000 0.000000 0.000000 0.000000 0.000000 0.000000 0.000000 0.000000 0.000000 0.000000 0.000000 0.500002 0.000000 0.000000 0.000000 0.499998 0.000000 0.000000 0.000000 0.000000
 0.000000 0.000000 0.000000 0.000000 0.000000 0.000000 0.000000 0.000000 0.000000 0.000000 0.000000 0.000000 0.500002 0.000000 0.499998 0.000000 0.000000 0.000000 0.000000 0.000000
 0.000000 0.000000 0.000094 0.499952 0.000000 0.000000 0.000000 0.000015 0.000000 0.000000 0.000000 0.499939 0.000000 0.000000 0.000000 0.000000 0.000000 0.000000 0.000000 0.000000
 0.000000 0.000000 0.500000 0.000000 0.000000 0.000000 0.000000 0.000000 0.000000 0.000000 0.000000 0.000000 0.000000 0.500000 0.000000 0.000000 0.000000 0.000000 0.000000 0.000000
 0.000000 0.465356 0.000000 0.000000 0.000000 0.051758 0.000000 0.000000 0.000000 0.018298 0.464588 0.000000 0.000000 0.000000 0.000000 0.000000 0.000000 0.000000 0.000000 0.000000
 0.082589 0.000000 0.000000 0.000000 0.000000 0.000000 0.000000 0.015762 0.440833 0.436829 0.023986 0.000000 0.000000 0.000000 0.000000 0.000000 0.000000 0.000000 0.000000 0.000000
the mean of prob-rank is 1.4736842105263157
the number of false negetive edges is 0
the number of probability greater than 0 is 4.0/edge
