20
 0.000000 0.000000 0.000000 0.000000 0.000000 0.000000 0.000000 0.000000 0.499999 0.000000 0.000000 0.000000 0.000000 0.000000 0.000000 0.500001 0.000000 0.000000 0.000000 0.000000
 0.000000 0.000000 0.000000 0.000000 0.500000 0.500000 0.000000 0.000000 0.000000 0.000000 0.000000 0.000000 0.000000 0.000000 0.000000 0.000000 0.000000 0.000000 0.000000 0.000000
 0.000000 0.000000 0.000000 0.000000 0.000000 0.000000 0.000000 0.000643 0.000000 0.000000 0.000000 0.000000 0.007920 0.000000 0.000000 0.000000 0.495596 0.495816 0.000000 0.000025
 0.000000 0.000000 0.000000 0.000000 0.000000 0.000000 0.000000 0.002752 0.000000 0.229938 0.000000 0.253869 0.282530 0.000000 0.000000 0.000000 0.230911 0.000000 0.000000 0.000000
 0.000000 0.500000 0.000000 0.000000 0.000000 0.000000 0.000000 0.000000 0.000000 0.000000 0.000000 0.000000 0.000000 0.500000 0.000000 0.000000 0.000000 0.000000 0.000000 0.000000
 0.000000 0.500000 0.000000 0.000000 0.000000 0.000000 0.000000 0.000000 0.000000 0.000000 0.000000 0.000000 0.000000 0.000000 0.000000 0.000000 0.000000 0.000000 0.500000 0.000000
 0.000000 0.000000 0.000000 0.000000 0.000000 0.000000 0.000000 0.000000 0.500017 0.000000 0.000000 0.000000 0.000000 0.000000 0.000000 0.000000 0.000000 0.000000 0.499983 0.000000
 0.000000 0.000000 0.000646 0.004813 0.000000 0.000000 0.000000 0.000000 0.000000 0.002267 0.000000 0.498397 0.493855 0.000021 0.000000 0.000000 0.000001 0.000000 0.000000 0.000000
 0.499999 0.000000 0.000000 0.000000 0.000000 0.000000 0.500001 0.000000 0.000000 0.000000 0.000000 0.000000 0.000000 0.000000 0.000000 0.000000 0.000000 0.000000 0.000000 0.000000
 0.000000 0.000000 0.000000 0.231870 0.000000 0.000000 0.000000 0.001307 0.000000 0.000000 0.000000 0.262560 0.000004 0.284599 0.000000 0.000000 0.219659 0.000000 0.000000 0.000000
 0.000000 0.000000 0.000000 0.000000 0.000000 0.000000 0.000000 0.000000 0.000000 0.000000 0.000000 0.000000 0.000000 0.000000 0.499998 0.000000 0.000003 0.000000 0.000000 0.500000
 0.000000 0.000000 0.000000 0.229599 0.000000 0.000000 0.000000 0.257744 0.000000 0.235480 0.000000 0.000000 0.147482 0.129695 0.000000 0.000000 0.000000 0.000000 0.000000 0.000000
 0.000000 0.000000 0.004971 0.308546 0.000000 0.000000 0.000000 0.308396 0.000000 0.000005 0.000000 0.178088 0.000000 0.000000 0.000000 0.000000 0.199994 0.000000 0.000000 0.000000
 0.000000 0.000000 0.000000 0.000000 0.401039 0.000000 0.000000 0.000017 0.000000 0.397146 0.000000 0.201797 0.000000 0.000000 0.000000 0.000000 0.000000 0.000000 0.000000 0.000000
 0.000000 0.000000 0.000000 0.000000 0.000000 0.000000 0.000000 0.000000 0.000000 0.000000 0.499999 0.000000 0.000000 0.000000 0.000000 0.500001 0.000000 0.000000 0.000000 0.000000
 0.500000 0.000000 0.000000 0.000000 0.000000 0.000000 0.000000 0.000000 0.000000 0.000000 0.000000 0.000000 0.000000 0.000000 0.500000 0.000000 0.000000 0.000000 0.000000 0.000000
 0.000000 0.000000 0.257954 0.209095 0.000000 0.000000 0.000000 0.000000 0.000000 0.197249 0.000001 0.000000 0.165829 0.000000 0.000000 0.000000 0.000000 0.035391 0.000000 0.134480
 0.000000 0.000000 0.467952 0.000000 0.000000 0.000000 0.000000 0.000000 0.000000 0.000000 0.000000 0.000000 0.000000 0.000000 0.000000 0.000000 0.064175 0.000000 0.000000 0.467873
 0.000000 0.000000 0.000000 0.000000 0.000000 0.500017 0.499983 0.000000 0.000000 0.000000 0.000000 0.000000 0.000000 0.000000 0.000000 0.000000 0.000000 0.000000 0.000000 0.000000
 0.000000 0.000000 0.000020 0.000000 0.000000 0.000000 0.000000 0.000000 0.000000 0.000000 0.396670 0.000000 0.000000 0.000000 0.000000 0.000000 0.206706 0.396603 0.000000 0.000000
the mean of prob-rank is 1.4736842105263157
the number of false negetive edges is 0
the number of probability greater than 0 is 3.6/edge
