20
 0.000000 0.000000 0.000000 0.000008 0.000000 0.000000 0.000000 0.499212 0.000000 0.000000 0.000000 0.496515 0.000000 0.000005 0.000000 0.000000 0.004260 0.000000 0.000000 0.000000
 0.000000 0.000000 0.000000 0.000000 0.000000 0.499177 0.000000 0.000000 0.000000 0.000000 0.000000 0.000000 0.001648 0.000000 0.000000 0.499176 0.000000 0.000000 0.000000 0.000000
 0.000000 0.000000 0.000000 0.000000 0.000000 0.000000 0.000000 0.000000 0.500000 0.000000 0.000000 0.000000 0.000000 0.000000 0.000000 0.500000 0.000000 0.000000 0.000000 0.000000
 0.000006 0.000000 0.000000 0.000000 0.000000 0.000000 0.000000 0.000000 0.000000 0.346536 0.000000 0.000000 0.000000 0.000000 0.000000 0.000000 0.362625 0.290833 0.000000 0.000000
 0.000000 0.000000 0.000000 0.000000 0.000000 0.000000 0.362793 0.000000 0.000000 0.000000 0.020756 0.000000 0.000000 0.355828 0.251005 0.000000 0.000000 0.000000 0.009618 0.000000
 0.000000 0.500003 0.000000 0.000000 0.000000 0.000000 0.000000 0.000000 0.000000 0.000000 0.000000 0.000000 0.499996 0.000000 0.000000 0.000001 0.000000 0.000000 0.000000 0.000000
 0.000000 0.000000 0.000000 0.000000 0.499990 0.000000 0.000000 0.000000 0.000000 0.000000 0.000013 0.000000 0.000000 0.000000 0.000001 0.000000 0.000000 0.000000 0.499996 0.000000
 0.378950 0.000000 0.000000 0.000000 0.000000 0.000000 0.000000 0.000000 0.000000 0.000000 0.000000 0.037291 0.000000 0.207982 0.000000 0.000000 0.375776 0.000000 0.000000 0.000000
 0.000000 0.000000 0.500000 0.000000 0.000000 0.000000 0.000000 0.000000 0.000000 0.000000 0.000000 0.000000 0.000000 0.000000 0.000000 0.000000 0.000000 0.000000 0.000000 0.500000
 0.000000 0.000000 0.000000 0.304273 0.000000 0.000000 0.000000 0.000000 0.000000 0.000000 0.000000 0.000000 0.000000 0.000000 0.000000 0.000000 0.230440 0.318400 0.000000 0.146886
 0.000000 0.000000 0.000000 0.000000 0.025014 0.000000 0.000012 0.000000 0.000000 0.000000 0.000000 0.000000 0.102007 0.000000 0.437235 0.000000 0.000000 0.000000 0.435732 0.000000
 0.449954 0.000000 0.000000 0.000000 0.000000 0.000000 0.000000 0.044519 0.000000 0.000000 0.000000 0.000000 0.000000 0.452399 0.000000 0.000000 0.000000 0.000000 0.053128 0.000000
 0.000000 0.001477 0.000000 0.000000 0.000000 0.447442 0.000000 0.000000 0.000000 0.000000 0.104390 0.000000 0.000000 0.000000 0.446691 0.000000 0.000000 0.000000 0.000000 0.000000
 0.000004 0.000000 0.000000 0.000000 0.387719 0.000000 0.000000 0.216963 0.000000 0.000000 0.000000 0.395314 0.000000 0.000000 0.000000 0.000000 0.000000 0.000000 0.000000 0.000000
 0.000000 0.000000 0.000000 0.000000 0.257092 0.000000 0.000001 0.000000 0.000000 0.000000 0.371597 0.000000 0.370968 0.000000 0.000000 0.000000 0.000000 0.000000 0.000342 0.000000
 0.000000 0.499999 0.500000 0.000000 0.000000 0.000001 0.000000 0.000000 0.000000 0.000000 0.000000 0.000000 0.000000 0.000000 0.000000 0.000000 0.000000 0.000000 0.000000 0.000000
 0.003047 0.000000 0.000000 0.357054 0.000000 0.000000 0.000000 0.354063 0.000000 0.258416 0.000000 0.000000 0.000000 0.000000 0.000000 0.000000 0.000000 0.027421 0.000000 0.000000
 0.000000 0.000000 0.000000 0.280320 0.000000 0.000000 0.000000 0.000000 0.000000 0.349516 0.000000 0.000000 0.000000 0.000000 0.000000 0.000000 0.026842 0.000000 0.000000 0.343322
 0.000000 0.000000 0.000000 0.000000 0.012380 0.000000 0.466978 0.000000 0.000000 0.000000 0.465372 0.054840 0.000000 0.000000 0.000430 0.000000 0.000000 0.000000 0.000000 0.000000
 0.000000 0.000000 0.000000 0.000000 0.000000 0.000000 0.000000 0.000000 0.409231 0.188789 0.000000 0.000000 0.000000 0.000000 0.000000 0.000000 0.000000 0.401979 0.000000 0.000000
the mean of prob-rank is 1.4736842105263157
the number of false negetive edges is 0
the number of probability greater than 0 is 3.7/edge
