20
 0.000000 0.000000 0.422803 0.000000 0.418162 0.000000 0.000000 0.000000 0.132870 0.000000 0.000000 0.026165 0.000000 0.000000 0.000000 0.000000 0.000000 0.000000 0.000000 0.000000
 0.000000 0.000000 0.000000 0.000000 0.000000 0.000000 0.000000 0.000000 0.000000 0.000000 0.000000 0.000000 0.000000 0.500000 0.000000 0.000000 0.000000 0.000000 0.500000 0.000000
 0.421727 0.000000 0.000000 0.000000 0.000000 0.000000 0.157646 0.000000 0.420626 0.000000 0.000000 0.000000 0.000000 0.000000 0.000000 0.000000 0.000000 0.000000 0.000000 0.000000
 0.000000 0.000000 0.000000 0.000000 0.000000 0.000000 0.000000 0.000000 0.000000 0.000000 0.000000 0.319118 0.355680 0.000000 0.000000 0.000000 0.325203 0.000000 0.000000 0.000000
 0.425158 0.000000 0.000000 0.000000 0.000000 0.000000 0.000000 0.046582 0.099183 0.000000 0.000000 0.429077 0.000000 0.000000 0.000000 0.000000 0.000000 0.000000 0.000000 0.000000
 0.000000 0.000000 0.000000 0.000000 0.000000 0.000000 0.000000 0.000000 0.000000 0.500000 0.000000 0.000000 0.000000 0.000000 0.000000 0.000000 0.000000 0.000000 0.500000 0.000000
 0.000000 0.000000 0.117901 0.000000 0.000000 0.000000 0.000000 0.000000 0.308253 0.000000 0.000000 0.000000 0.000000 0.000000 0.265839 0.000000 0.000000 0.308007 0.000000 0.000000
 0.000000 0.000000 0.000000 0.000000 0.042146 0.000000 0.000000 0.000000 0.000000 0.000000 0.000000 0.000001 0.000000 0.000000 0.352993 0.388935 0.000000 0.215924 0.000000 0.000000
 0.123606 0.000000 0.392295 0.000000 0.090749 0.000000 0.384408 0.000000 0.000000 0.000000 0.000000 0.000000 0.000000 0.000000 0.000000 0.000000 0.000000 0.008943 0.000000 0.000000
 0.000000 0.000000 0.000000 0.000000 0.000000 0.500000 0.000000 0.000000 0.000000 0.000000 0.000000 0.000000 0.000000 0.000000 0.000000 0.000000 0.000000 0.000000 0.000000 0.500000
 0.000000 0.000000 0.000000 0.000000 0.000000 0.000000 0.000000 0.000000 0.000000 0.000000 0.000000 0.000000 0.000000 0.000000 0.000000 0.000000 0.500000 0.000000 0.000000 0.500000
 0.021467 0.000000 0.000000 0.311235 0.346250 0.000000 0.000000 0.000001 0.000000 0.000000 0.000000 0.000000 0.321046 0.000000 0.000000 0.000000 0.000000 0.000000 0.000000 0.000000
 0.000000 0.000000 0.000000 0.349733 0.000000 0.000000 0.000000 0.000000 0.000000 0.000000 0.000000 0.323673 0.000000 0.000000 0.000000 0.000000 0.326593 0.000000 0.000000 0.000000
 0.000000 0.465629 0.000000 0.000000 0.000000 0.000000 0.000000 0.000000 0.000000 0.000000 0.000000 0.000000 0.000000 0.000000 0.069227 0.465143 0.000000 0.000000 0.000000 0.000000
 0.000000 0.000000 0.000000 0.000000 0.000000 0.000000 0.290723 0.313050 0.000000 0.000000 0.000000 0.000000 0.000000 0.051282 0.000000 0.000019 0.000000 0.344925 0.000000 0.000000
 0.000000 0.000000 0.000000 0.000000 0.000000 0.000000 0.000000 0.479767 0.000000 0.000000 0.000000 0.000000 0.000000 0.479267 0.000026 0.000000 0.000000 0.040939 0.000000 0.000000
 0.000000 0.000000 0.000000 0.321020 0.000000 0.000000 0.000000 0.000000 0.000000 0.000000 0.351105 0.000000 0.327875 0.000000 0.000000 0.000000 0.000000 0.000000 0.000000 0.000000
 0.000000 0.000000 0.000000 0.000000 0.000000 0.000000 0.369936 0.210308 0.008613 0.000000 0.000000 0.000000 0.000000 0.000000 0.378818 0.032325 0.000000 0.000000 0.000000 0.000000
 0.000000 0.500000 0.000000 0.000000 0.000000 0.500000 0.000000 0.000000 0.000000 0.000000 0.000000 0.000000 0.000000 0.000000 0.000000 0.000000 0.000000 0.000000 0.000000 0.000000
 0.000000 0.000000 0.000000 0.000000 0.000000 0.000000 0.000000 0.000000 0.000000 0.500000 0.500000 0.000000 0.000000 0.000000 0.000000 0.000000 0.000000 0.000000 0.000000 0.000000
the mean of prob-rank is 1.7894736842105263
the number of false negetive edges is 0
the number of probability greater than 0 is 3.4/edge
