20
 0.000000 0.002672 0.000000 0.000000 0.497722 0.000000 0.000000 0.499605 0.000000 0.000000 0.000000 0.000001 0.000000 0.000000 0.000000 0.000000 0.000000 0.000000 0.000000 0.000000
 0.002669 0.000000 0.000000 0.000007 0.498363 0.000000 0.000000 0.000000 0.000000 0.498962 0.000000 0.000000 0.000000 0.000000 0.000000 0.000000 0.000000 0.000000 0.000000 0.000000
 0.000000 0.000000 0.000000 0.499375 0.000000 0.000000 0.000000 0.000000 0.000000 0.000000 0.000000 0.000000 0.000000 0.000498 0.000000 0.000000 0.000000 0.000000 0.499687 0.000440
 0.000000 0.000007 0.499558 0.000000 0.000000 0.000000 0.499871 0.000000 0.000000 0.000011 0.000000 0.000000 0.000001 0.000000 0.000000 0.000000 0.000000 0.000000 0.000551 0.000000
 0.389083 0.390062 0.000000 0.000000 0.000000 0.000000 0.000000 0.189123 0.000000 0.000000 0.000000 0.000001 0.031731 0.000000 0.000000 0.000000 0.000000 0.000000 0.000000 0.000000
 0.000000 0.000000 0.000000 0.000000 0.000000 0.000000 0.000000 0.000000 0.000000 0.000000 0.499646 0.000000 0.000000 0.499647 0.000000 0.000000 0.000000 0.000050 0.000000 0.000657
 0.000000 0.000000 0.000000 0.349626 0.000000 0.000000 0.000000 0.000000 0.000000 0.000000 0.000000 0.320535 0.329838 0.000000 0.000000 0.000000 0.000000 0.000000 0.000000 0.000000
 0.308519 0.000000 0.000000 0.000000 0.149398 0.000000 0.000000 0.000000 0.000000 0.000000 0.000000 0.261431 0.280652 0.000000 0.000000 0.000000 0.000000 0.000000 0.000000 0.000000
 0.000000 0.000000 0.000000 0.000000 0.000000 0.000000 0.000000 0.000000 0.000000 0.000000 0.000000 0.000000 0.000000 0.000000 0.000000 0.500000 0.500000 0.000000 0.000000 0.000000
 0.000000 0.499981 0.000000 0.000011 0.000000 0.000000 0.000000 0.000000 0.000000 0.000000 0.000000 0.000000 0.000000 0.000000 0.000000 0.000000 0.500008 0.000000 0.000000 0.000000
 0.000000 0.000000 0.000000 0.000000 0.000000 0.499995 0.000000 0.000000 0.000000 0.000000 0.000000 0.000000 0.000000 0.000000 0.000000 0.000000 0.000000 0.499995 0.000009 0.000000
 0.000000 0.000000 0.000000 0.000000 0.000000 0.000000 0.327440 0.302648 0.000000 0.000000 0.000000 0.000000 0.357118 0.000000 0.012793 0.000000 0.000000 0.000000 0.000000 0.000000
 0.000000 0.000000 0.000000 0.000001 0.027689 0.000000 0.321517 0.310025 0.000000 0.000000 0.000000 0.340767 0.000000 0.000000 0.000000 0.000000 0.000000 0.000000 0.000000 0.000000
 0.000000 0.000000 0.000498 0.000000 0.000000 0.499718 0.000000 0.000000 0.000000 0.000000 0.000000 0.000000 0.000000 0.000000 0.000000 0.000000 0.000000 0.000000 0.000087 0.499697
 0.000000 0.000000 0.000000 0.000000 0.000000 0.000000 0.000000 0.000000 0.000000 0.000000 0.000000 0.017594 0.000000 0.000000 0.000000 0.000000 0.000000 0.491216 0.491189 0.000000
 0.000000 0.000000 0.000000 0.000000 0.000000 0.000000 0.000000 0.000000 0.500000 0.000000 0.000000 0.000000 0.000000 0.000000 0.000000 0.000000 0.000000 0.000000 0.000000 0.500000
 0.000000 0.000000 0.000000 0.000000 0.000000 0.000000 0.000000 0.000000 0.500001 0.499999 0.000000 0.000000 0.000000 0.000000 0.000000 0.000000 0.000000 0.000000 0.000000 0.000000
 0.000000 0.000000 0.000000 0.000000 0.000000 0.000050 0.000000 0.000000 0.000000 0.000000 0.499975 0.000000 0.000000 0.000000 0.499975 0.000000 0.000000 0.000000 0.000000 0.000000
 0.000000 0.000000 0.499688 0.000551 0.000000 0.000000 0.000000 0.000000 0.000000 0.000000 0.000009 0.000000 0.000000 0.000087 0.499665 0.000000 0.000000 0.000000 0.000000 0.000000
 0.000000 0.000000 0.000440 0.000000 0.000000 0.000657 0.000000 0.000000 0.000000 0.000000 0.000000 0.000000 0.000000 0.499441 0.000000 0.499462 0.000000 0.000000 0.000000 0.000000
the mean of prob-rank is 1.4736842105263157
the number of false negetive edges is 0
the number of probability greater than 0 is 3.55/edge
