20
 0.000000 0.000000 0.491594 0.000000 0.016640 0.000000 0.000000 0.000000 0.000000 0.000000 0.000000 0.000000 0.000000 0.000005 0.491761 0.000000 0.000000 0.000000 0.000000 0.000000
 0.000000 0.000000 0.000000 0.000000 0.000000 0.000000 0.197850 0.000000 0.000000 0.000000 0.000000 0.000000 0.397090 0.000000 0.000000 0.000000 0.000000 0.000000 0.405059 0.000000
 0.444027 0.000000 0.000000 0.000000 0.059280 0.000000 0.000000 0.000000 0.000000 0.000000 0.005115 0.000000 0.000000 0.000000 0.047487 0.444091 0.000000 0.000000 0.000000 0.000000
 0.000000 0.000000 0.000000 0.000000 0.000000 0.000000 0.500000 0.000000 0.500000 0.000000 0.000000 0.000000 0.000000 0.000000 0.000000 0.000000 0.000000 0.000000 0.000000 0.000000
 0.013451 0.000000 0.053053 0.000000 0.000000 0.000000 0.000000 0.000000 0.024162 0.000000 0.000000 0.000000 0.000000 0.397520 0.000036 0.121949 0.000000 0.000000 0.000000 0.389827
 0.000000 0.000000 0.000000 0.000000 0.000000 0.000000 0.000000 0.000000 0.000000 0.000000 0.000000 0.000000 0.228027 0.000000 0.379906 0.000000 0.000000 0.000000 0.392067 0.000000
 0.000000 0.198185 0.000000 0.406157 0.000000 0.000000 0.000000 0.000000 0.000000 0.000000 0.000000 0.395658 0.000000 0.000000 0.000000 0.000000 0.000000 0.000000 0.000000 0.000000
 0.000000 0.000000 0.000000 0.000000 0.000000 0.000000 0.000000 0.000000 0.000000 0.500000 0.000000 0.000000 0.000000 0.000000 0.000000 0.000000 0.000000 0.000000 0.000000 0.500000
 0.000000 0.000000 0.000000 0.392751 0.023872 0.000000 0.000000 0.000000 0.000000 0.000000 0.000000 0.000000 0.000000 0.356940 0.000000 0.000000 0.000000 0.000000 0.000000 0.226437
 0.000000 0.000000 0.000000 0.000000 0.000000 0.000000 0.000000 0.500001 0.000000 0.000000 0.000000 0.000000 0.000000 0.000000 0.000000 0.000000 0.000000 0.499999 0.000000 0.000000
 0.000000 0.000000 0.005413 0.000000 0.000000 0.000000 0.000000 0.000000 0.000000 0.000000 0.000000 0.000000 0.000000 0.000000 0.056023 0.468513 0.470051 0.000000 0.000000 0.000000
 0.000000 0.000000 0.000000 0.000000 0.000000 0.000000 0.365310 0.000000 0.000000 0.000000 0.000000 0.000000 0.375004 0.259686 0.000000 0.000000 0.000000 0.000000 0.000000 0.000000
 0.000000 0.376471 0.000000 0.000000 0.000000 0.223578 0.000000 0.000000 0.000000 0.000000 0.000000 0.384417 0.000000 0.000000 0.000000 0.000000 0.000000 0.000000 0.015533 0.000000
 0.000004 0.000000 0.000000 0.000000 0.384420 0.000000 0.000000 0.000000 0.349369 0.000000 0.000000 0.266207 0.000000 0.000000 0.000000 0.000000 0.000000 0.000000 0.000000 0.000000
 0.455545 0.000000 0.048702 0.000000 0.000042 0.441416 0.000000 0.000000 0.000000 0.000000 0.054295 0.000000 0.000000 0.000000 0.000000 0.000000 0.000000 0.000000 0.000000 0.000000
 0.000000 0.000000 0.434073 0.000000 0.133189 0.000000 0.000000 0.000000 0.000000 0.000000 0.432737 0.000000 0.000000 0.000000 0.000000 0.000000 0.000000 0.000000 0.000000 0.000000
 0.000000 0.000000 0.000000 0.000000 0.000000 0.000000 0.000000 0.000000 0.000000 0.000000 0.500000 0.000000 0.000000 0.000000 0.000000 0.000000 0.000000 0.500000 0.000000 0.000000
 0.000000 0.000000 0.000000 0.000000 0.000000 0.000000 0.000000 0.000000 0.000000 0.499999 0.000000 0.000000 0.000000 0.000000 0.000000 0.000000 0.500001 0.000000 0.000000 0.000000
 0.000000 0.489844 0.000000 0.000000 0.000000 0.490343 0.000000 0.000000 0.000000 0.000000 0.000000 0.000000 0.019813 0.000000 0.000000 0.000000 0.000000 0.000000 0.000000 0.000000
 0.000000 0.000000 0.000000 0.000000 0.383487 0.000000 0.000000 0.391055 0.225459 0.000000 0.000000 0.000000 0.000000 0.000000 0.000000 0.000000 0.000000 0.000000 0.000000 0.000000
the mean of prob-rank is 1.5789473684210527
the number of false negetive edges is 0
the number of probability greater than 0 is 3.4/edge
