20
 0.000000 0.000000 0.500000 0.000000 0.000000 0.000000 0.000000 0.000000 0.000000 0.000000 0.000000 0.000000 0.000000 0.000000 0.000000 0.000000 0.500000 0.000000 0.000000 0.000000
 0.000000 0.000000 0.000000 0.000000 0.000000 0.000000 0.343983 0.183769 0.000000 0.000000 0.000283 0.000000 0.000000 0.000000 0.000000 0.000014 0.000000 0.129838 0.000000 0.342113
 0.500002 0.000000 0.000000 0.000000 0.000000 0.000000 0.000000 0.000000 0.000000 0.000000 0.000000 0.499998 0.000000 0.000000 0.000000 0.000000 0.000000 0.000000 0.000000 0.000000
 0.000000 0.000000 0.000000 0.000000 0.000000 0.409266 0.000000 0.000000 0.425259 0.000000 0.000000 0.000000 0.000000 0.000000 0.000000 0.161658 0.000000 0.000000 0.003817 0.000000
 0.000000 0.000000 0.000000 0.000000 0.000000 0.000000 0.001853 0.000000 0.499062 0.000000 0.000000 0.000000 0.000000 0.000001 0.000000 0.000000 0.000000 0.000048 0.499036 0.000000
 0.000000 0.000000 0.000000 0.348578 0.000000 0.000000 0.000267 0.000000 0.000000 0.000000 0.000000 0.000000 0.000000 0.000000 0.000000 0.362336 0.000000 0.000000 0.000000 0.288819
 0.000000 0.377630 0.000000 0.000000 0.001402 0.000279 0.000000 0.000000 0.000432 0.000000 0.000000 0.000000 0.000000 0.000057 0.000000 0.372962 0.000000 0.247234 0.000000 0.000004
 0.000000 0.203698 0.000000 0.000000 0.000000 0.000000 0.000000 0.000000 0.000000 0.002633 0.381286 0.000000 0.000000 0.031870 0.000000 0.000000 0.000000 0.380513 0.000000 0.000000
 0.000000 0.000000 0.000000 0.498838 0.499047 0.000000 0.000571 0.000000 0.000000 0.000000 0.000000 0.000000 0.000000 0.000000 0.000000 0.001542 0.000000 0.000000 0.000002 0.000000
 0.000000 0.000000 0.000000 0.000000 0.000000 0.000000 0.000000 0.002346 0.000000 0.000000 0.000000 0.322741 0.339751 0.335162 0.000000 0.000000 0.000000 0.000000 0.000000 0.000000
 0.000000 0.000411 0.000000 0.000000 0.000000 0.000000 0.000000 0.499944 0.000000 0.000000 0.000000 0.000000 0.000000 0.000000 0.000000 0.000000 0.000000 0.000007 0.000000 0.499639
 0.000000 0.000000 0.344786 0.000000 0.000000 0.000000 0.000000 0.000000 0.000000 0.327526 0.000000 0.000000 0.327688 0.000000 0.000000 0.000000 0.000000 0.000000 0.000000 0.000000
 0.000000 0.000000 0.000000 0.000000 0.000000 0.000000 0.000000 0.000000 0.000000 0.344604 0.000000 0.327513 0.000000 0.327883 0.000000 0.000000 0.000000 0.000000 0.000000 0.000000
 0.000000 0.000000 0.000000 0.000000 0.000001 0.000000 0.000050 0.027807 0.000000 0.328174 0.000000 0.000000 0.316525 0.000000 0.000000 0.000000 0.000000 0.327442 0.000001 0.000000
 0.000000 0.000000 0.000000 0.000000 0.000000 0.000000 0.000000 0.000000 0.000000 0.000000 0.000000 0.000000 0.000000 0.000000 0.000000 0.000000 0.500000 0.000000 0.500000 0.000000
 0.000000 0.000017 0.000000 0.159529 0.000000 0.419816 0.414643 0.000000 0.001297 0.000000 0.000000 0.000000 0.000000 0.000000 0.000000 0.000000 0.000000 0.000000 0.000000 0.004698
 0.500000 0.000000 0.000000 0.000000 0.000000 0.000000 0.000000 0.000000 0.000000 0.000000 0.000000 0.000000 0.000000 0.000000 0.500000 0.000000 0.000000 0.000000 0.000000 0.000000
 0.000000 0.125211 0.000000 0.000000 0.000032 0.000000 0.217181 0.331055 0.000000 0.000000 0.000004 0.000000 0.000000 0.326516 0.000000 0.000000 0.000000 0.000000 0.000000 0.000000
 0.000000 0.000000 0.000000 0.004466 0.497752 0.000000 0.000000 0.000000 0.000002 0.000000 0.000000 0.000000 0.000000 0.000001 0.497778 0.000000 0.000000 0.000000 0.000000 0.000000
 0.000000 0.354919 0.000000 0.000000 0.000000 0.284442 0.000004 0.000000 0.000000 0.000000 0.356642 0.000000 0.000000 0.000000 0.000000 0.003993 0.000000 0.000000 0.000000 0.000000
the mean of prob-rank is 1.5789473684210527
the number of false negetive edges is 0
the number of probability greater than 0 is 4.3/edge
