20
 0.000000 0.000000 0.030611 0.005425 0.000000 0.000110 0.000000 0.000000 0.000000 0.000000 0.000000 0.000000 0.000000 0.000000 0.000000 0.000000 0.483703 0.000000 0.480152 0.000000
 0.000000 0.000000 0.000000 0.000000 0.315352 0.000000 0.000000 0.000001 0.000000 0.212837 0.000000 0.000000 0.000000 0.234505 0.000000 0.000000 0.000000 0.237305 0.000000 0.000000
 0.026865 0.000000 0.000000 0.424301 0.000000 0.096166 0.000000 0.000000 0.000000 0.000000 0.000000 0.000000 0.000000 0.000000 0.029032 0.000000 0.000000 0.000000 0.423636 0.000000
 0.005318 0.000000 0.473915 0.000000 0.000000 0.474146 0.000000 0.000000 0.000000 0.000000 0.000000 0.000000 0.000000 0.000000 0.044543 0.002078 0.000000 0.000000 0.000000 0.000000
 0.000000 0.342456 0.000000 0.000000 0.000000 0.000000 0.000001 0.000000 0.000000 0.038836 0.000002 0.000000 0.285732 0.000000 0.000000 0.000000 0.000000 0.332974 0.000000 0.000000
 0.000102 0.000000 0.102064 0.450546 0.000000 0.000000 0.000000 0.000000 0.000000 0.000000 0.000000 0.000000 0.000000 0.000000 0.447285 0.000002 0.000000 0.000000 0.000000 0.000000
 0.000000 0.000000 0.000000 0.000000 0.000001 0.000000 0.000000 0.000000 0.000000 0.000000 0.000000 0.478526 0.457126 0.000000 0.000000 0.000000 0.000000 0.064347 0.000000 0.000000
 0.000000 0.000002 0.000000 0.000000 0.000000 0.000000 0.000000 0.000000 0.000000 0.499999 0.000000 0.000000 0.000000 0.500000 0.000000 0.000000 0.000000 0.000000 0.000000 0.000000
 0.000000 0.000000 0.000000 0.000000 0.000000 0.000000 0.000000 0.000000 0.000000 0.000000 0.000000 0.000000 0.000000 0.000000 0.000000 0.500000 0.000000 0.000000 0.000000 0.500000
 0.000000 0.236180 0.000000 0.000000 0.039684 0.000000 0.000000 0.350560 0.000000 0.000000 0.349593 0.000000 0.000000 0.023982 0.000000 0.000000 0.000000 0.000000 0.000000 0.000000
 0.000000 0.000000 0.000000 0.000000 0.000002 0.000000 0.000000 0.000000 0.000000 0.376060 0.000000 0.000000 0.000000 0.246840 0.000000 0.000000 0.000000 0.000000 0.000000 0.377098
 0.000000 0.000000 0.000000 0.000000 0.000000 0.000000 0.499628 0.000000 0.000000 0.000000 0.000000 0.000000 0.000000 0.000000 0.499628 0.000000 0.000000 0.000000 0.000744 0.000000
 0.000000 0.000000 0.000000 0.000000 0.298922 0.000000 0.342850 0.000000 0.000000 0.000000 0.000000 0.000000 0.000000 0.000000 0.000000 0.000000 0.000000 0.358228 0.000000 0.000000
 0.000000 0.301104 0.000000 0.000000 0.000000 0.000000 0.000000 0.405632 0.000000 0.027750 0.265515 0.000000 0.000000 0.000000 0.000000 0.000000 0.000000 0.000000 0.000000 0.000000
 0.000000 0.000000 0.031706 0.043554 0.000000 0.460253 0.000000 0.000000 0.000000 0.000000 0.000000 0.463609 0.000000 0.000000 0.000000 0.000000 0.000000 0.000000 0.000878 0.000000
 0.000000 0.000000 0.000000 0.002188 0.000000 0.000002 0.000000 0.000000 0.499134 0.000000 0.000000 0.000000 0.000000 0.000000 0.000000 0.000000 0.498677 0.000000 0.000000 0.000000
 0.475718 0.000000 0.000000 0.000000 0.000000 0.000000 0.000000 0.000000 0.000000 0.000000 0.000000 0.000000 0.000000 0.000000 0.000000 0.475282 0.000000 0.000000 0.049000 0.000000
 0.000000 0.263168 0.000000 0.000000 0.340037 0.000000 0.047110 0.000000 0.000000 0.000000 0.000000 0.000000 0.349685 0.000000 0.000000 0.000000 0.000000 0.000000 0.000000 0.000000
 0.473373 0.000000 0.475894 0.000000 0.000000 0.000000 0.000000 0.000000 0.000000 0.000000 0.000000 0.000710 0.000000 0.000000 0.000903 0.000000 0.049119 0.000000 0.000000 0.000000
 0.000000 0.000000 0.000000 0.000000 0.000000 0.000000 0.000000 0.000000 0.500002 0.000000 0.499998 0.000000 0.000000 0.000000 0.000000 0.000000 0.000000 0.000000 0.000000 0.000000
the mean of prob-rank is 1.5789473684210527
the number of false negetive edges is 0
the number of probability greater than 0 is 4.0/edge
