20
 0.000000 0.000000 0.000000 0.000000 0.000000 0.000000 0.000000 0.000000 0.000000 0.000000 0.000000 0.000000 0.000000 0.500000 0.000000 0.000000 0.500000 0.000000 0.000000 0.000000
 0.000000 0.000000 0.000000 0.000000 0.000000 0.000000 0.000000 0.138767 0.173716 0.000000 0.000000 0.000000 0.000000 0.000000 0.000000 0.000000 0.000000 0.208637 0.239836 0.239043
 0.000000 0.000000 0.000000 0.000000 0.390561 0.000000 0.000000 0.018198 0.017334 0.191764 0.000000 0.000000 0.000000 0.000000 0.382142 0.000000 0.000000 0.000000 0.000000 0.000000
 0.000000 0.000000 0.000000 0.000000 0.000000 0.000000 0.000000 0.000000 0.000000 0.000000 0.500000 0.500000 0.000000 0.000000 0.000000 0.000000 0.000000 0.000000 0.000000 0.000000
 0.000000 0.000000 0.500000 0.000000 0.000000 0.000000 0.500000 0.000000 0.000000 0.000000 0.000000 0.000000 0.000000 0.000000 0.000000 0.000000 0.000000 0.000000 0.000000 0.000000
 0.000000 0.000000 0.000000 0.000000 0.000000 0.000000 0.500000 0.000000 0.000000 0.000000 0.000000 0.000000 0.000000 0.000000 0.000000 0.500000 0.000000 0.000000 0.000000 0.000000
 0.000000 0.000000 0.000000 0.000000 0.499958 0.499958 0.000000 0.000000 0.000000 0.000000 0.000000 0.000000 0.000000 0.000000 0.000000 0.000084 0.000000 0.000000 0.000000 0.000000
 0.000000 0.155929 0.012677 0.000000 0.000000 0.000000 0.000000 0.000000 0.272076 0.103232 0.000000 0.000000 0.000000 0.000000 0.000000 0.000000 0.000000 0.233517 0.221454 0.001116
 0.000000 0.254786 0.015762 0.000000 0.000000 0.000000 0.000000 0.355127 0.000000 0.353216 0.000000 0.000000 0.000000 0.000000 0.006561 0.000000 0.000000 0.013542 0.000001 0.001004
 0.000000 0.000001 0.171514 0.000000 0.000000 0.000000 0.000000 0.132540 0.347438 0.000000 0.000000 0.000000 0.000000 0.000000 0.348508 0.000000 0.000000 0.000000 0.000000 0.000000
 0.000000 0.000000 0.000000 0.500000 0.000000 0.000000 0.000000 0.000000 0.000000 0.000000 0.000000 0.000000 0.000000 0.000000 0.000000 0.500000 0.000000 0.000000 0.000000 0.000000
 0.000000 0.000000 0.000000 0.500000 0.000000 0.000000 0.000000 0.000000 0.000000 0.000000 0.000000 0.000000 0.500000 0.000000 0.000000 0.000000 0.000000 0.000000 0.000000 0.000000
 0.000000 0.000000 0.000000 0.000000 0.000000 0.000000 0.000000 0.000000 0.000000 0.000000 0.000000 0.500000 0.000000 0.500000 0.000000 0.000000 0.000000 0.000000 0.000000 0.000000
 0.500000 0.000000 0.000000 0.000000 0.000000 0.000000 0.000000 0.000000 0.000000 0.000000 0.000000 0.000000 0.500000 0.000000 0.000000 0.000000 0.000000 0.000000 0.000000 0.000000
 0.000000 0.000000 0.319527 0.000000 0.000000 0.000000 0.000000 0.000000 0.006034 0.325810 0.000000 0.000000 0.000000 0.000000 0.000000 0.000000 0.000000 0.214948 0.000000 0.133681
 0.000000 0.000000 0.000000 0.000000 0.000000 0.499957 0.000084 0.000000 0.000000 0.000000 0.499958 0.000000 0.000000 0.000000 0.000000 0.000000 0.000000 0.000000 0.000000 0.000000
 0.484991 0.000000 0.000000 0.000000 0.000000 0.000000 0.000000 0.000000 0.000000 0.000000 0.000000 0.000000 0.000000 0.000000 0.000000 0.000000 0.000000 0.000000 0.482678 0.032330
 0.000000 0.250082 0.000000 0.000000 0.000000 0.000000 0.000000 0.249097 0.011067 0.000000 0.000000 0.000000 0.000000 0.000000 0.191030 0.000000 0.000000 0.000000 0.008496 0.290228
 0.000000 0.319659 0.000000 0.000000 0.000000 0.000000 0.000000 0.262673 0.000001 0.000000 0.000000 0.000000 0.000000 0.000000 0.000000 0.000000 0.321178 0.009447 0.000000 0.087043
 0.000000 0.360322 0.000000 0.000000 0.000000 0.000000 0.000000 0.001496 0.001032 0.000000 0.000000 0.000000 0.000000 0.000000 0.149403 0.000000 0.024330 0.364975 0.098441 0.000000
the mean of prob-rank is 1.894736842105263
the number of false negetive edges is 0
the number of probability greater than 0 is 3.9/edge
