20
 0.000000 0.000000 0.000000 0.000000 0.000000 0.000000 0.000000 0.000000 0.000000 0.000000 0.000000 0.490151 0.000000 0.000000 0.000000 0.000000 0.000000 0.000000 0.491545 0.018304
 0.000000 0.000000 0.000000 0.000000 0.034801 0.000000 0.287341 0.000000 0.000000 0.000000 0.223362 0.000362 0.000000 0.186558 0.000000 0.000000 0.000000 0.267576 0.000000 0.000000
 0.000000 0.000000 0.000000 0.500008 0.000000 0.000000 0.000000 0.499989 0.000000 0.000000 0.000000 0.000000 0.000000 0.000000 0.000000 0.000003 0.000000 0.000000 0.000000 0.000000
 0.000000 0.000000 0.473372 0.000000 0.468382 0.000000 0.000000 0.000663 0.000000 0.000000 0.000000 0.000000 0.000000 0.000000 0.011858 0.045724 0.000000 0.000000 0.000000 0.000000
 0.000000 0.038228 0.000000 0.322256 0.000000 0.000000 0.067371 0.010486 0.000000 0.000000 0.000000 0.000000 0.000000 0.303543 0.000000 0.000000 0.000000 0.258116 0.000000 0.000000
 0.000000 0.000000 0.000000 0.000000 0.000000 0.000000 0.000000 0.000000 0.499997 0.000000 0.000000 0.000000 0.000000 0.000000 0.000000 0.000000 0.500002 0.000000 0.000000 0.000001
 0.000000 0.377399 0.000000 0.000000 0.080553 0.000000 0.000000 0.017611 0.000000 0.000000 0.387952 0.095547 0.000000 0.000000 0.000000 0.040937 0.000000 0.000000 0.000000 0.000001
 0.000000 0.000000 0.481090 0.000674 0.015490 0.000000 0.021758 0.000000 0.000000 0.000000 0.000000 0.000000 0.000000 0.000000 0.000000 0.480989 0.000000 0.000000 0.000000 0.000000
 0.000000 0.000000 0.000000 0.000000 0.000000 0.487720 0.000000 0.000000 0.000000 0.000000 0.000000 0.000000 0.487166 0.000000 0.000000 0.000000 0.000001 0.000000 0.025113 0.000000
 0.000000 0.000000 0.000000 0.000000 0.000000 0.000000 0.000000 0.000000 0.000000 0.000000 0.000000 0.000000 0.500000 0.000000 0.500000 0.000000 0.000000 0.000000 0.000000 0.000000
 0.000000 0.274427 0.000000 0.000000 0.000000 0.000000 0.362905 0.000000 0.000000 0.000000 0.000000 0.362460 0.000000 0.000207 0.000000 0.000000 0.000000 0.000000 0.000000 0.000000
 0.440893 0.000540 0.000000 0.000000 0.000000 0.000000 0.108485 0.000000 0.000000 0.000000 0.439946 0.000000 0.000000 0.000000 0.000000 0.000216 0.000000 0.000000 0.000006 0.009913
 0.000000 0.000000 0.000000 0.000000 0.000000 0.000000 0.000000 0.000000 0.490742 0.491306 0.000000 0.000000 0.000000 0.000000 0.000000 0.000000 0.017951 0.000000 0.000000 0.000000
 0.000000 0.210138 0.000000 0.000000 0.311255 0.000000 0.000000 0.000000 0.000000 0.000000 0.000190 0.000000 0.000000 0.000000 0.000000 0.000000 0.000000 0.333964 0.144453 0.000000
 0.000000 0.000000 0.000000 0.012371 0.000000 0.000000 0.000000 0.000000 0.000000 0.493864 0.000000 0.000000 0.000000 0.000000 0.000000 0.493765 0.000000 0.000000 0.000000 0.000000
 0.000000 0.000000 0.000003 0.043430 0.000000 0.000000 0.047266 0.449505 0.000000 0.000000 0.000000 0.000219 0.000000 0.000000 0.449528 0.000000 0.000000 0.000000 0.000000 0.010050
 0.000000 0.000000 0.000000 0.000000 0.000000 0.481510 0.000000 0.000000 0.000001 0.000000 0.000000 0.000000 0.017593 0.000000 0.000000 0.000000 0.000000 0.000000 0.019476 0.481420
 0.000000 0.334871 0.000000 0.000000 0.294071 0.000000 0.000000 0.000000 0.000000 0.000000 0.000000 0.000000 0.000000 0.371057 0.000000 0.000000 0.000000 0.000000 0.000000 0.000000
 0.400823 0.000000 0.000000 0.000000 0.000000 0.000000 0.000000 0.000000 0.020638 0.000000 0.000000 0.000006 0.000000 0.173372 0.000000 0.000000 0.016213 0.000000 0.000000 0.388949
 0.018145 0.000000 0.000000 0.000000 0.000000 0.000001 0.000001 0.000000 0.000000 0.000000 0.000000 0.010925 0.000000 0.000000 0.000000 0.010891 0.487190 0.000000 0.472847 0.000000
the mean of prob-rank is 1.5263157894736843
the number of false negetive edges is 0
the number of probability greater than 0 is 4.5/edge
