20
 0.000000 0.000000 0.000000 0.000000 0.000000 0.000000 0.000000 0.000000 0.500000 0.000000 0.000000 0.000000 0.000000 0.000000 0.000000 0.000000 0.000000 0.000000 0.000000 0.500000
 0.000000 0.000000 0.000000 0.000000 0.000000 0.000000 0.500003 0.000000 0.000000 0.000000 0.000000 0.000000 0.000000 0.000000 0.000000 0.499997 0.000000 0.000000 0.000000 0.000000
 0.000000 0.000000 0.000000 0.000000 0.000000 0.000000 0.000000 0.000000 0.000000 0.000000 0.001014 0.499522 0.499464 0.000000 0.000000 0.000000 0.000000 0.000000 0.000000 0.000000
 0.000000 0.000000 0.000000 0.000000 0.000000 0.269951 0.000000 0.000000 0.000000 0.000000 0.367971 0.000000 0.000000 0.000000 0.000000 0.000000 0.000000 0.000000 0.362078 0.000000
 0.000000 0.000000 0.000000 0.000000 0.000000 0.403058 0.000000 0.000000 0.000000 0.000000 0.000000 0.000000 0.000000 0.000000 0.056657 0.141616 0.000000 0.398669 0.000000 0.000000
 0.000000 0.000000 0.000000 0.222954 0.303504 0.000000 0.000000 0.000000 0.000000 0.000000 0.000000 0.000000 0.000001 0.000000 0.298399 0.000000 0.000000 0.000000 0.175142 0.000000
 0.000000 0.417501 0.000000 0.000000 0.000000 0.000000 0.000000 0.000000 0.000000 0.000000 0.000000 0.000000 0.408726 0.000000 0.173774 0.000000 0.000000 0.000000 0.000000 0.000000
 0.000000 0.000000 0.000000 0.000000 0.000000 0.000000 0.000000 0.000000 0.000000 0.000000 0.000000 0.000000 0.000000 0.000000 0.000000 0.000000 0.500000 0.500000 0.000000 0.000000
 0.500000 0.000000 0.000000 0.000000 0.000000 0.000000 0.000000 0.000000 0.000000 0.500000 0.000000 0.000000 0.000000 0.000000 0.000000 0.000000 0.000000 0.000000 0.000000 0.000000
 0.000000 0.000000 0.000000 0.000000 0.000000 0.000000 0.000000 0.000000 0.500000 0.000000 0.000000 0.000000 0.000000 0.500000 0.000000 0.000000 0.000000 0.000000 0.000000 0.000000
 0.000000 0.000000 0.001014 0.499494 0.000000 0.000000 0.000000 0.000000 0.000000 0.000000 0.000000 0.499492 0.000000 0.000000 0.000000 0.000000 0.000000 0.000000 0.000000 0.000000
 0.000000 0.000000 0.479653 0.000000 0.000000 0.000000 0.000000 0.000000 0.000000 0.000000 0.479650 0.000000 0.040697 0.000000 0.000000 0.000000 0.000000 0.000000 0.000000 0.000000
 0.000000 0.000000 0.406471 0.000000 0.000000 0.000001 0.397973 0.000000 0.000000 0.000000 0.000000 0.034492 0.000000 0.000000 0.161062 0.000000 0.000000 0.000000 0.000000 0.000000
 0.000000 0.000000 0.000000 0.000000 0.000000 0.000000 0.000000 0.000000 0.000000 0.500000 0.000000 0.000000 0.000000 0.000000 0.000000 0.000000 0.000000 0.000000 0.500000 0.000000
 0.000000 0.000000 0.000000 0.000000 0.047908 0.335085 0.142045 0.000000 0.000000 0.000000 0.000000 0.000000 0.135211 0.000000 0.000000 0.339751 0.000000 0.000000 0.000000 0.000000
 0.000000 0.396610 0.000000 0.000000 0.139167 0.000000 0.000000 0.000000 0.000000 0.000000 0.000000 0.000000 0.000000 0.000000 0.394849 0.000000 0.000000 0.069374 0.000000 0.000000
 0.000000 0.000000 0.000000 0.000000 0.000000 0.000000 0.000000 0.500000 0.000000 0.000000 0.000000 0.000000 0.000000 0.000000 0.000000 0.000000 0.000000 0.000000 0.000000 0.500000
 0.000000 0.000000 0.000000 0.000000 0.456739 0.000000 0.000000 0.462383 0.000000 0.000000 0.000000 0.000000 0.000000 0.000000 0.000000 0.080878 0.000000 0.000000 0.000000 0.000000
 0.000000 0.000000 0.000000 0.384327 0.000000 0.225092 0.000000 0.000000 0.000000 0.000000 0.000000 0.000000 0.000000 0.390582 0.000000 0.000000 0.000000 0.000000 0.000000 0.000000
 0.500000 0.000000 0.000000 0.000000 0.000000 0.000000 0.000000 0.000000 0.000000 0.000000 0.000000 0.000000 0.000000 0.000000 0.000000 0.000000 0.500000 0.000000 0.000000 0.000000
the mean of prob-rank is 1.5789473684210527
the number of false negetive edges is 0
the number of probability greater than 0 is 3.0/edge
