20
 0.000000 0.000000 0.000000 0.000000 0.000000 0.000000 0.000000 0.000000 0.000000 0.000000 0.000000 0.000000 0.500000 0.500000 0.000000 0.000000 0.000000 0.000000 0.000000 0.000000
 0.000000 0.000000 0.000000 0.000000 0.000000 0.288291 0.162695 0.000000 0.315542 0.000000 0.000000 0.233470 0.000000 0.000000 0.000000 0.000000 0.000000 0.000002 0.000000 0.000000
 0.000000 0.000000 0.000000 0.000000 0.000000 0.000000 0.000000 0.000000 0.500000 0.000000 0.500000 0.000000 0.000000 0.000000 0.000000 0.000000 0.000000 0.000000 0.000000 0.000000
 0.000000 0.000000 0.000000 0.000000 0.000000 0.000000 0.000000 0.000000 0.000000 0.225945 0.000000 0.000000 0.000000 0.000000 0.386918 0.000000 0.000000 0.000000 0.000000 0.387137
 0.000000 0.000000 0.000000 0.000000 0.000000 0.011140 0.000000 0.493457 0.000000 0.000000 0.000000 0.000000 0.000000 0.000000 0.000000 0.493239 0.000000 0.000000 0.002164 0.000000
 0.000000 0.310293 0.000000 0.000000 0.007667 0.000000 0.339625 0.000000 0.000000 0.000000 0.000000 0.164827 0.000000 0.000000 0.000000 0.177576 0.000000 0.000011 0.000000 0.000000
 0.000000 0.166568 0.000000 0.000000 0.000000 0.323055 0.000000 0.000000 0.000000 0.000000 0.000000 0.263622 0.000000 0.000000 0.000000 0.000000 0.000000 0.246755 0.000000 0.000000
 0.000000 0.000000 0.000000 0.000000 0.499959 0.000000 0.000000 0.000000 0.000000 0.000000 0.000000 0.000000 0.000000 0.000000 0.000000 0.000113 0.000000 0.000000 0.499928 0.000000
 0.000000 0.500000 0.500000 0.000000 0.000000 0.000000 0.000000 0.000000 0.000000 0.000000 0.000000 0.000000 0.000000 0.000000 0.000000 0.000000 0.000000 0.000000 0.000000 0.000000
 0.000000 0.000000 0.000000 0.226307 0.000000 0.000000 0.000000 0.000000 0.000000 0.000000 0.000000 0.000000 0.000000 0.000000 0.387758 0.000000 0.000000 0.000000 0.385935 0.000000
 0.000000 0.000000 0.500000 0.000000 0.000000 0.000000 0.000000 0.000000 0.000000 0.000000 0.000000 0.000000 0.500000 0.000000 0.000000 0.000000 0.000000 0.000000 0.000000 0.000000
 0.000000 0.243288 0.000000 0.000000 0.000000 0.159579 0.268320 0.000000 0.000000 0.000000 0.000000 0.000000 0.000000 0.000000 0.000000 0.000001 0.000000 0.328811 0.000000 0.000000
 0.500000 0.000000 0.000000 0.000000 0.000000 0.000000 0.000000 0.000000 0.000000 0.000000 0.500000 0.000000 0.000000 0.000000 0.000000 0.000000 0.000000 0.000000 0.000000 0.000000
 0.500000 0.000000 0.000000 0.000000 0.000000 0.000000 0.000000 0.000000 0.000000 0.000000 0.000000 0.000000 0.000000 0.000000 0.000000 0.000000 0.500000 0.000000 0.000000 0.000000
 0.000000 0.000000 0.000000 0.420402 0.000000 0.000000 0.000000 0.000000 0.000000 0.420640 0.000000 0.000000 0.000000 0.000000 0.000000 0.000000 0.000000 0.000000 0.158958 0.000000
 0.000000 0.000000 0.000000 0.000000 0.398707 0.208560 0.000000 0.000090 0.000000 0.000000 0.000000 0.000002 0.000000 0.000000 0.000000 0.000000 0.000000 0.392006 0.000635 0.000000
 0.000000 0.000000 0.000000 0.000000 0.000000 0.000000 0.000000 0.000000 0.000000 0.000000 0.000000 0.000000 0.000000 0.500000 0.000000 0.000000 0.000000 0.000000 0.000000 0.500000
 0.000000 0.000002 0.000000 0.000000 0.000000 0.000012 0.278094 0.000000 0.000000 0.000000 0.000000 0.364085 0.000000 0.000000 0.000000 0.357807 0.000000 0.000000 0.000000 0.000000
 0.000000 0.000000 0.000000 0.000000 0.001844 0.000000 0.000000 0.420299 0.000000 0.418349 0.000000 0.000000 0.000000 0.000000 0.158839 0.000670 0.000000 0.000000 0.000000 0.000000
 0.000000 0.000000 0.000000 0.500000 0.000000 0.000000 0.000000 0.000000 0.000000 0.000000 0.000000 0.000000 0.000000 0.000000 0.000000 0.000000 0.500000 0.000000 0.000000 0.000000
the mean of prob-rank is 1.631578947368421
the number of false negetive edges is 0
the number of probability greater than 0 is 3.4/edge
