20
 0.000000 0.000000 0.000000 0.376428 0.000000 0.000000 0.000000 0.000000 0.000000 0.000000 0.000000 0.000000 0.000000 0.000000 0.058741 0.000000 0.385903 0.165697 0.000000 0.013231
 0.000000 0.000000 0.000000 0.000000 0.000000 0.000000 0.000000 0.000000 0.499579 0.000000 0.499579 0.000000 0.000000 0.000000 0.000000 0.000000 0.000000 0.000000 0.000842 0.000000
 0.000000 0.000000 0.000000 0.000000 0.000000 0.002262 0.000000 0.000000 0.000000 0.000000 0.000000 0.496915 0.000000 0.000000 0.000000 0.497746 0.000000 0.000000 0.003077 0.000000
 0.382900 0.000000 0.000000 0.000000 0.000000 0.000000 0.000000 0.000000 0.000000 0.000000 0.000000 0.000000 0.000000 0.000000 0.000000 0.000000 0.011629 0.392559 0.000000 0.212912
 0.000000 0.000000 0.000000 0.000000 0.000000 0.000004 0.411989 0.000000 0.000000 0.000000 0.000000 0.000000 0.000000 0.000000 0.000000 0.400698 0.000000 0.000000 0.000000 0.187308
 0.000000 0.000000 0.001841 0.000000 0.000004 0.000000 0.405091 0.000000 0.000000 0.000073 0.000000 0.000857 0.000000 0.000000 0.000002 0.211419 0.000000 0.000000 0.000000 0.380712
 0.000000 0.000000 0.000000 0.000000 0.478830 0.478749 0.000000 0.000000 0.000000 0.000000 0.000000 0.000000 0.000000 0.000000 0.000000 0.042420 0.000000 0.000000 0.000000 0.000000
 0.000000 0.000000 0.000000 0.000000 0.000000 0.000000 0.000000 0.000000 0.500000 0.000000 0.000000 0.000000 0.500000 0.000000 0.000000 0.000000 0.000000 0.000000 0.000000 0.000000
 0.000000 0.500000 0.000000 0.000000 0.000000 0.000000 0.000000 0.500000 0.000000 0.000000 0.000000 0.000000 0.000000 0.000000 0.000000 0.000000 0.000000 0.000000 0.000000 0.000000
 0.000000 0.000000 0.000000 0.000000 0.000000 0.000086 0.000000 0.000000 0.000000 0.000000 0.000000 0.000000 0.476027 0.477020 0.046867 0.000000 0.000000 0.000000 0.000000 0.000000
 0.000000 0.488781 0.000000 0.000000 0.000000 0.000000 0.000000 0.000000 0.000000 0.000000 0.000000 0.022466 0.000000 0.000000 0.000000 0.000000 0.000000 0.000000 0.488754 0.000000
 0.000000 0.000000 0.487845 0.000000 0.000000 0.001033 0.000000 0.000000 0.000000 0.000000 0.022460 0.000000 0.000000 0.000000 0.000000 0.000000 0.000000 0.000000 0.488661 0.000000
 0.000000 0.000000 0.000000 0.000000 0.000000 0.000000 0.000000 0.453503 0.000000 0.452559 0.000000 0.000000 0.000000 0.093938 0.000000 0.000000 0.000000 0.000000 0.000000 0.000000
 0.000000 0.000000 0.000000 0.000000 0.000000 0.000000 0.000000 0.000000 0.000000 0.453462 0.000000 0.000000 0.093929 0.000000 0.452609 0.000000 0.000000 0.000000 0.000000 0.000000
 0.067691 0.000000 0.000000 0.000000 0.000000 0.000003 0.000000 0.000000 0.000000 0.043694 0.000000 0.000000 0.000000 0.443888 0.000000 0.000000 0.444724 0.000000 0.000000 0.000000
 0.000000 0.000000 0.387147 0.000000 0.376536 0.202019 0.034298 0.000000 0.000000 0.000000 0.000000 0.000000 0.000000 0.000000 0.000000 0.000000 0.000000 0.000000 0.000000 0.000000
 0.476381 0.000000 0.000000 0.014113 0.000000 0.000000 0.000000 0.000000 0.000000 0.000000 0.000000 0.000000 0.000000 0.000000 0.476406 0.000000 0.000000 0.033100 0.000000 0.000000
 0.172608 0.000000 0.000000 0.402019 0.000000 0.000000 0.000000 0.000000 0.000000 0.000000 0.000000 0.000000 0.000000 0.000000 0.000000 0.000000 0.027932 0.000000 0.000000 0.397441
 0.000000 0.000840 0.003079 0.000000 0.000000 0.000000 0.000000 0.000000 0.000000 0.000000 0.498027 0.498054 0.000000 0.000000 0.000000 0.000000 0.000000 0.000000 0.000000 0.000000
 0.011584 0.000000 0.000000 0.183260 0.153618 0.317499 0.000000 0.000000 0.000000 0.000000 0.000000 0.000000 0.000000 0.000000 0.000000 0.000000 0.000000 0.334039 0.000000 0.000000
the mean of prob-rank is 1.4736842105263157
the number of false negetive edges is 0
the number of probability greater than 0 is 3.9/edge
