20
 0.000000 0.000000 0.494304 0.000000 0.000000 0.000000 0.011415 0.000000 0.494281 0.000000 0.000000 0.000000 0.000000 0.000000 0.000000 0.000000 0.000000 0.000000 0.000000 0.000000
 0.000000 0.000000 0.000000 0.000000 0.315430 0.000000 0.000000 0.000000 0.000000 0.000000 0.116109 0.000000 0.000000 0.000000 0.327717 0.000000 0.000000 0.000002 0.240740 0.000000
 0.497930 0.000000 0.000000 0.000000 0.000000 0.000000 0.497925 0.004136 0.000000 0.000000 0.000000 0.000000 0.000000 0.000000 0.000000 0.000000 0.000009 0.000000 0.000000 0.000000
 0.000000 0.000000 0.000000 0.000000 0.000000 0.000000 0.000000 0.457870 0.000000 0.000000 0.000000 0.000000 0.000000 0.000000 0.000000 0.000000 0.085526 0.000000 0.456604 0.000000
 0.000000 0.300894 0.000000 0.000000 0.000000 0.000000 0.000000 0.000000 0.000000 0.000000 0.312572 0.000000 0.000000 0.000000 0.172763 0.000000 0.000000 0.213771 0.000000 0.000000
 0.000000 0.000000 0.000000 0.000000 0.000000 0.000000 0.000000 0.428344 0.431216 0.000000 0.000000 0.000000 0.000000 0.000000 0.000000 0.000000 0.000000 0.000000 0.140439 0.000000
 0.011415 0.000000 0.494290 0.000000 0.000000 0.000000 0.000000 0.000000 0.000000 0.000000 0.000000 0.000000 0.000000 0.494295 0.000000 0.000000 0.000000 0.000000 0.000000 0.000000
 0.000000 0.000000 0.003283 0.395220 0.000000 0.392588 0.000000 0.000000 0.000000 0.000000 0.000000 0.000000 0.000000 0.000000 0.000000 0.000000 0.165296 0.000000 0.043613 0.000000
 0.499988 0.000000 0.000000 0.000000 0.000000 0.500012 0.000000 0.000000 0.000000 0.000000 0.000000 0.000000 0.000000 0.000000 0.000000 0.000000 0.000000 0.000000 0.000000 0.000000
 0.000000 0.000000 0.000000 0.000000 0.000000 0.000000 0.000000 0.000000 0.000000 0.000000 0.000000 0.000000 0.500000 0.000000 0.000000 0.500000 0.000000 0.000000 0.000000 0.000000
 0.000000 0.150402 0.000000 0.000000 0.424450 0.000000 0.000000 0.000000 0.000000 0.000000 0.000000 0.409065 0.000000 0.000000 0.000000 0.000000 0.000000 0.016052 0.000000 0.000030
 0.000000 0.000000 0.000000 0.000000 0.000000 0.000000 0.000000 0.000000 0.000000 0.000000 0.341487 0.000000 0.000000 0.000000 0.000000 0.000000 0.304130 0.000000 0.000000 0.354383
 0.000000 0.000000 0.000000 0.000000 0.000000 0.000000 0.000000 0.000000 0.000000 0.500000 0.000000 0.000000 0.000000 0.000000 0.000000 0.000000 0.000000 0.000000 0.000000 0.500000
 0.000000 0.000000 0.000000 0.000000 0.000000 0.000000 0.500000 0.000000 0.000000 0.000000 0.000000 0.000000 0.000000 0.000000 0.000000 0.500000 0.000000 0.000000 0.000000 0.000000
 0.000000 0.305063 0.000000 0.000000 0.168590 0.000000 0.000000 0.000000 0.000000 0.000000 0.000000 0.000000 0.000000 0.000000 0.000000 0.000000 0.000002 0.298599 0.227747 0.000000
 0.000000 0.000000 0.000000 0.000000 0.000000 0.000000 0.000000 0.000000 0.000000 0.500000 0.000000 0.000000 0.000000 0.500000 0.000000 0.000000 0.000000 0.000000 0.000000 0.000000
 0.000000 0.000000 0.000006 0.059773 0.000000 0.000000 0.000000 0.133834 0.000000 0.000000 0.000000 0.274619 0.000000 0.000000 0.000002 0.000000 0.000000 0.319943 0.211824 0.000000
 0.000000 0.000003 0.000000 0.000000 0.253238 0.000000 0.000000 0.000000 0.000000 0.000000 0.014004 0.000000 0.000000 0.000000 0.362483 0.000000 0.370273 0.000000 0.000000 0.000000
 0.000000 0.205401 0.000000 0.278840 0.000000 0.091065 0.000000 0.030856 0.000000 0.000000 0.000000 0.000000 0.000000 0.000000 0.208745 0.000000 0.185092 0.000000 0.000000 0.000000
 0.000000 0.000000 0.000000 0.000000 0.000000 0.000000 0.000000 0.000000 0.000000 0.000000 0.000036 0.499982 0.499982 0.000000 0.000000 0.000000 0.000000 0.000000 0.000000 0.000000
the mean of prob-rank is 1.631578947368421
the number of false negetive edges is 0
the number of probability greater than 0 is 3.7/edge
