20
 0.000000 0.246719 0.000000 0.000000 0.000000 0.000000 0.000000 0.110376 0.000000 0.000000 0.000000 0.000000 0.000000 0.000000 0.278677 0.000000 0.252888 0.111340 0.000000 0.000000
 0.290464 0.000000 0.328192 0.000000 0.000000 0.000000 0.000000 0.000000 0.000000 0.000000 0.000000 0.296264 0.000000 0.000000 0.085080 0.000000 0.000000 0.000000 0.000000 0.000000
 0.000000 0.392238 0.000000 0.000000 0.000000 0.000000 0.000000 0.000000 0.000000 0.000000 0.000000 0.232282 0.000000 0.000000 0.000000 0.375480 0.000000 0.000000 0.000000 0.000000
 0.000000 0.000000 0.000000 0.000000 0.000000 0.500000 0.500000 0.000000 0.000000 0.000000 0.000000 0.000000 0.000000 0.000000 0.000000 0.000000 0.000000 0.000000 0.000000 0.000000
 0.000000 0.000000 0.000000 0.000000 0.000000 0.000000 0.000000 0.000000 0.000000 0.215141 0.000000 0.225928 0.000000 0.174900 0.000000 0.247661 0.136370 0.000000 0.000000 0.000000
 0.000000 0.000000 0.000000 0.407377 0.000000 0.000000 0.000000 0.000000 0.000000 0.000000 0.000000 0.000000 0.000000 0.392347 0.000000 0.000000 0.000000 0.000000 0.000000 0.200276
 0.000000 0.000000 0.000000 0.500000 0.000000 0.000000 0.000000 0.000000 0.000000 0.000000 0.500000 0.000000 0.000000 0.000000 0.000000 0.000000 0.000000 0.000000 0.000000 0.000000
 0.165431 0.000000 0.000000 0.000000 0.000000 0.000000 0.000000 0.000000 0.000000 0.000000 0.000000 0.000000 0.000000 0.000000 0.417907 0.000000 0.000000 0.416662 0.000000 0.000000
 0.000000 0.000000 0.000000 0.000000 0.000000 0.000000 0.000000 0.000000 0.000000 0.000000 0.000000 0.000000 0.499994 0.000000 0.000000 0.000000 0.000000 0.000011 0.499995 0.000000
 0.000000 0.000000 0.000000 0.000000 0.305009 0.000000 0.000000 0.000000 0.000000 0.000000 0.000000 0.000000 0.000000 0.001456 0.000000 0.000000 0.344696 0.000000 0.000000 0.348839
 0.000000 0.000000 0.000000 0.000000 0.000000 0.000000 0.500002 0.000000 0.000000 0.000000 0.000000 0.000000 0.000000 0.000000 0.000000 0.000000 0.000000 0.000000 0.499998 0.000000
 0.000000 0.215951 0.141668 0.000000 0.217841 0.000000 0.000000 0.000000 0.000000 0.000000 0.000000 0.000000 0.000000 0.000000 0.000000 0.191467 0.233074 0.000000 0.000000 0.000000
 0.000000 0.000000 0.000000 0.000000 0.000000 0.000000 0.000000 0.000000 0.499999 0.000000 0.000000 0.000000 0.000000 0.000000 0.000000 0.000000 0.000000 0.499999 0.000001 0.000000
 0.000000 0.000000 0.000000 0.000000 0.263761 0.360441 0.000000 0.000000 0.000000 0.001549 0.000000 0.000000 0.000000 0.000000 0.000000 0.000000 0.000000 0.000000 0.000000 0.374248
 0.442503 0.114750 0.000000 0.000000 0.000000 0.000000 0.000000 0.442746 0.000000 0.000000 0.000000 0.000000 0.000000 0.000000 0.000000 0.000000 0.000000 0.000000 0.000000 0.000000
 0.000000 0.000000 0.347362 0.000000 0.362214 0.000000 0.000000 0.000000 0.000000 0.000000 0.000000 0.290424 0.000000 0.000000 0.000000 0.000000 0.000000 0.000000 0.000000 0.000000
 0.265950 0.000000 0.000000 0.000000 0.161136 0.000000 0.000000 0.000000 0.000000 0.287289 0.000000 0.285626 0.000000 0.000000 0.000000 0.000000 0.000000 0.000000 0.000000 0.000000
 0.166632 0.000000 0.000000 0.000000 0.000000 0.000000 0.000000 0.416058 0.000009 0.000000 0.000000 0.000000 0.417301 0.000000 0.000000 0.000000 0.000000 0.000000 0.000000 0.000000
 0.000000 0.000000 0.000000 0.000000 0.000000 0.000000 0.000000 0.000000 0.500001 0.000000 0.499998 0.000000 0.000001 0.000000 0.000000 0.000000 0.000000 0.000000 0.000000 0.000000
 0.000000 0.000000 0.000000 0.000000 0.000000 0.197985 0.000000 0.000000 0.000000 0.399298 0.000000 0.000000 0.000000 0.402717 0.000000 0.000000 0.000000 0.000000 0.000000 0.000000
the mean of prob-rank is 1.631578947368421
the number of false negetive edges is 0
the number of probability greater than 0 is 3.4/edge
