20
 0.000000 0.000000 0.000000 0.000000 0.000000 0.000000 0.000000 0.121554 0.434300 0.000000 0.439856 0.000000 0.004290 0.000000 0.000000 0.000000 0.000000 0.000000 0.000000 0.000000
 0.000000 0.000000 0.168183 0.000000 0.211179 0.248702 0.000000 0.000000 0.000000 0.143596 0.000000 0.000000 0.000000 0.000000 0.000000 0.000000 0.000000 0.000000 0.000000 0.228340
 0.000000 0.129301 0.000000 0.000000 0.000231 0.140960 0.189226 0.060648 0.096647 0.059705 0.000000 0.000000 0.000000 0.141368 0.000000 0.000000 0.000000 0.000000 0.000000 0.181914
 0.000000 0.000000 0.000000 0.000000 0.000000 0.000000 0.000000 0.000000 0.000000 0.000000 0.009935 0.000000 0.000000 0.000000 0.000000 0.494740 0.000000 0.495324 0.000000 0.000000
 0.000000 0.248067 0.000352 0.000000 0.000000 0.021831 0.248715 0.000000 0.000000 0.000000 0.000000 0.000000 0.000000 0.184362 0.004393 0.000000 0.292279 0.000000 0.000000 0.000000
 0.000000 0.355606 0.262160 0.000000 0.026573 0.000000 0.000000 0.000000 0.000000 0.000000 0.000000 0.000000 0.000000 0.355661 0.000000 0.000000 0.000000 0.000000 0.000000 0.000000
 0.000000 0.000000 0.330959 0.000000 0.284705 0.000000 0.000000 0.000261 0.056618 0.000000 0.000000 0.000000 0.000000 0.327456 0.000000 0.000000 0.000000 0.000000 0.000000 0.000000
 0.101736 0.000000 0.116773 0.000000 0.000000 0.000000 0.000287 0.000000 0.368317 0.353880 0.000000 0.000000 0.000003 0.000000 0.000000 0.000000 0.000000 0.000000 0.000000 0.059003
 0.361853 0.000000 0.185245 0.000000 0.000000 0.000000 0.062047 0.366654 0.000000 0.022587 0.000000 0.000000 0.000005 0.000000 0.000000 0.000000 0.000000 0.000000 0.000000 0.001609
 0.000000 0.182275 0.098576 0.000000 0.000000 0.000000 0.000000 0.303457 0.019457 0.000000 0.000000 0.080397 0.000000 0.000000 0.000000 0.000000 0.000000 0.000000 0.000000 0.315838
 0.478666 0.000000 0.000000 0.009606 0.000000 0.000000 0.000000 0.000000 0.000000 0.000000 0.000000 0.000000 0.478372 0.000000 0.000000 0.033356 0.000000 0.000001 0.000000 0.000000
 0.000000 0.000000 0.000000 0.000000 0.000000 0.000000 0.000000 0.000000 0.000000 0.112993 0.000000 0.000000 0.443730 0.000000 0.000000 0.443276 0.000000 0.000000 0.000000 0.000000
 0.004426 0.000000 0.000000 0.000000 0.000000 0.000000 0.000000 0.000004 0.000007 0.000000 0.453519 0.453845 0.000000 0.000000 0.000000 0.088199 0.000000 0.000000 0.000000 0.000000
 0.000000 0.000000 0.220719 0.000000 0.188392 0.298576 0.292314 0.000000 0.000000 0.000000 0.000000 0.000000 0.000000 0.000000 0.000000 0.000000 0.000000 0.000000 0.000000 0.000000
 0.000000 0.000000 0.000000 0.000000 0.007460 0.000000 0.000000 0.000000 0.000000 0.000000 0.000000 0.000000 0.000000 0.000000 0.000000 0.000000 0.496271 0.000000 0.496269 0.000000
 0.000000 0.000000 0.000000 0.441692 0.000000 0.000000 0.000000 0.000000 0.000000 0.000000 0.030801 0.441600 0.085907 0.000000 0.000000 0.000000 0.000000 0.000000 0.000000 0.000000
 0.000000 0.000000 0.000000 0.000000 0.500000 0.000000 0.000000 0.000000 0.000000 0.000000 0.000000 0.000000 0.000000 0.000000 0.500000 0.000000 0.000000 0.000000 0.000000 0.000000
 0.000000 0.000000 0.000000 0.500000 0.000000 0.000000 0.000000 0.000000 0.000000 0.000000 0.000001 0.000000 0.000000 0.000000 0.000000 0.000000 0.000000 0.000000 0.499999 0.000000
 0.000000 0.000000 0.000000 0.000000 0.000000 0.000000 0.000000 0.000000 0.000000 0.000000 0.000000 0.000000 0.000000 0.000000 0.500000 0.000000 0.000000 0.500000 0.000000 0.000000
 0.000000 0.302548 0.313514 0.000000 0.000000 0.000000 0.000000 0.052813 0.001446 0.329679 0.000000 0.000000 0.000000 0.000000 0.000000 0.000000 0.000000 0.000000 0.000000 0.000000
the mean of prob-rank is 1.6842105263157894
the number of false negetive edges is 0
the number of probability greater than 0 is 4.6/edge
