20
 0.000000 0.007723 0.441125 0.000000 0.000000 0.000000 0.000000 0.000622 0.000000 0.002994 0.441879 0.000000 0.000000 0.000000 0.104759 0.000000 0.000000 0.000000 0.000898 0.000000
 0.006233 0.000000 0.359592 0.000000 0.000000 0.266479 0.000000 0.000000 0.000010 0.357204 0.000000 0.010483 0.000000 0.000000 0.000000 0.000000 0.000000 0.000000 0.000000 0.000000
 0.352797 0.356319 0.000000 0.000000 0.000000 0.000000 0.000000 0.000000 0.000000 0.000000 0.000000 0.290883 0.000000 0.000000 0.000000 0.000000 0.000000 0.000000 0.000000 0.000000
 0.000000 0.000000 0.000000 0.000000 0.000000 0.000000 0.000000 0.000000 0.000000 0.000000 0.000000 0.320557 0.000000 0.320262 0.000000 0.000000 0.000000 0.000000 0.000000 0.359181
 0.000000 0.000000 0.000000 0.000000 0.000000 0.000000 0.500015 0.000000 0.000000 0.000000 0.000000 0.000000 0.000000 0.000000 0.000000 0.000000 0.000000 0.000000 0.499985 0.000000
 0.000000 0.273097 0.000000 0.000000 0.000000 0.000000 0.000000 0.000000 0.369065 0.000000 0.000000 0.357839 0.000000 0.000000 0.000000 0.000000 0.000000 0.000000 0.000000 0.000000
 0.000000 0.000000 0.000000 0.000000 0.417105 0.000000 0.000000 0.000000 0.000000 0.000000 0.000000 0.000000 0.000000 0.000000 0.416113 0.000000 0.000000 0.166783 0.000000 0.000000
 0.000650 0.000000 0.000000 0.000000 0.000000 0.000000 0.000000 0.000000 0.000000 0.000000 0.000000 0.000053 0.069751 0.000000 0.466650 0.000000 0.462897 0.000000 0.000000 0.000000
 0.000000 0.000014 0.000000 0.000000 0.000000 0.499813 0.000000 0.000000 0.000000 0.500168 0.000000 0.000005 0.000000 0.000000 0.000000 0.000000 0.000000 0.000000 0.000000 0.000000
 0.002906 0.429429 0.000000 0.000000 0.000000 0.000000 0.000000 0.000000 0.433244 0.000000 0.127985 0.000000 0.000000 0.000000 0.000000 0.000000 0.000000 0.000000 0.006436 0.000000
 0.433095 0.000000 0.000000 0.000000 0.000000 0.000000 0.000000 0.000000 0.000000 0.129279 0.000000 0.000000 0.000000 0.000000 0.000000 0.000000 0.000000 0.000000 0.437626 0.000000
 0.000000 0.008205 0.229774 0.251740 0.000000 0.273303 0.000000 0.000032 0.000003 0.000000 0.000000 0.000000 0.000000 0.000000 0.000000 0.000000 0.000000 0.000000 0.000000 0.236942
 0.000000 0.000000 0.000000 0.000000 0.000000 0.000000 0.000000 0.057246 0.000000 0.000000 0.000000 0.000000 0.000000 0.136275 0.000000 0.371663 0.382989 0.051827 0.000000 0.000000
 0.000000 0.000000 0.000000 0.245938 0.000000 0.000000 0.000000 0.000000 0.000000 0.000000 0.000000 0.000000 0.098146 0.000000 0.000000 0.145998 0.000000 0.271760 0.000000 0.238158
 0.104752 0.000000 0.000000 0.000000 0.000000 0.000000 0.445409 0.446470 0.000000 0.000000 0.000000 0.000000 0.000000 0.000000 0.000000 0.000000 0.003368 0.000000 0.000000 0.000000
 0.000000 0.000000 0.000000 0.000000 0.000000 0.000000 0.000000 0.000000 0.000000 0.000000 0.000000 0.000000 0.338637 0.184704 0.000000 0.000000 0.127703 0.348956 0.000000 0.000000
 0.000000 0.000000 0.000000 0.000000 0.000000 0.000000 0.000000 0.407860 0.000000 0.000000 0.000000 0.000000 0.411167 0.000000 0.003102 0.150469 0.000000 0.027401 0.000000 0.000000
 0.000000 0.000000 0.000000 0.000000 0.000000 0.000000 0.154561 0.000000 0.000000 0.000000 0.000000 0.000000 0.052307 0.380834 0.000000 0.386538 0.025760 0.000000 0.000000 0.000000
 0.000997 0.000000 0.000000 0.000000 0.495804 0.000000 0.000000 0.000000 0.000000 0.007366 0.495833 0.000000 0.000000 0.000000 0.000000 0.000000 0.000000 0.000000 0.000000 0.000000
 0.000000 0.000000 0.000000 0.369898 0.000000 0.000000 0.000000 0.000000 0.000000 0.000000 0.000000 0.310718 0.000000 0.319384 0.000000 0.000000 0.000000 0.000000 0.000000 0.000000
the mean of prob-rank is 1.4736842105263157
the number of false negetive edges is 0
the number of probability greater than 0 is 4.3/edge
