20
 0.000000 0.000000 0.000000 0.000000 0.000000 0.000000 0.000000 0.000000 0.000000 0.000000 0.000000 0.000000 0.000000 0.355608 0.329329 0.315057 0.000000 0.000000 0.000006 0.000000
 0.000000 0.000000 0.499431 0.000000 0.000000 0.000000 0.000000 0.000891 0.000000 0.000000 0.000000 0.000000 0.499569 0.000000 0.000000 0.000000 0.000000 0.000000 0.000109 0.000000
 0.000000 0.454150 0.000000 0.000000 0.000000 0.000000 0.000000 0.000000 0.000000 0.000000 0.000000 0.000000 0.000000 0.000000 0.091271 0.000000 0.000597 0.000000 0.453982 0.000000
 0.000000 0.000000 0.000000 0.000000 0.000000 0.000000 0.500000 0.000000 0.000000 0.000000 0.000000 0.500000 0.000000 0.000000 0.000000 0.000000 0.000000 0.000000 0.000000 0.000000
 0.000000 0.000000 0.000000 0.000000 0.000000 0.000000 0.000000 0.000000 0.000000 0.000000 0.000000 0.001416 0.499274 0.000000 0.000000 0.000000 0.499310 0.000000 0.000000 0.000000
 0.000000 0.000000 0.000000 0.000000 0.000000 0.000000 0.000000 0.000000 0.071751 0.000000 0.000000 0.000000 0.000000 0.463353 0.000000 0.000000 0.000000 0.000000 0.000000 0.464897
 0.000000 0.000000 0.000000 0.500001 0.000000 0.000000 0.000000 0.000000 0.000000 0.000000 0.499999 0.000000 0.000000 0.000000 0.000000 0.000000 0.000000 0.000000 0.000000 0.000000
 0.000000 0.000891 0.000000 0.000000 0.000000 0.000000 0.000000 0.000000 0.000006 0.499551 0.000000 0.000000 0.000000 0.000000 0.000000 0.000000 0.000000 0.000000 0.499553 0.000000
 0.000000 0.000000 0.000000 0.000000 0.000000 0.071668 0.000000 0.000005 0.000000 0.464348 0.000000 0.000000 0.000000 0.000000 0.000000 0.000000 0.000000 0.000000 0.000000 0.463979
 0.000000 0.000000 0.000000 0.000000 0.000000 0.000000 0.000000 0.498293 0.498285 0.000000 0.000000 0.000000 0.003421 0.000000 0.000000 0.000000 0.000000 0.000000 0.000000 0.000000
 0.000000 0.000000 0.000000 0.000000 0.000000 0.000000 0.499999 0.000000 0.000000 0.000000 0.000000 0.000000 0.000000 0.000000 0.000000 0.000000 0.000000 0.500001 0.000000 0.000000
 0.000000 0.000000 0.000000 0.499293 0.001416 0.000000 0.000000 0.000000 0.000000 0.000000 0.000000 0.000000 0.000000 0.000000 0.000000 0.000000 0.499291 0.000000 0.000000 0.000000
 0.000000 0.498307 0.000000 0.000000 0.498272 0.000000 0.000000 0.000000 0.000000 0.003422 0.000000 0.000000 0.000000 0.000000 0.000000 0.000000 0.000000 0.000000 0.000000 0.000000
 0.392134 0.000000 0.000000 0.000000 0.000000 0.390831 0.000000 0.000000 0.000000 0.000000 0.000000 0.000000 0.000000 0.000000 0.000000 0.000000 0.000000 0.000000 0.000000 0.217035
 0.286503 0.000000 0.062156 0.000000 0.000000 0.000000 0.000000 0.000000 0.000000 0.000000 0.000000 0.000000 0.000000 0.000000 0.000000 0.308797 0.000000 0.306157 0.036387 0.000000
 0.344806 0.000000 0.000000 0.000000 0.000000 0.000000 0.000000 0.000000 0.000000 0.000000 0.000000 0.000000 0.000000 0.000000 0.388471 0.000000 0.000000 0.266723 0.000000 0.000000
 0.000000 0.000000 0.000657 0.000000 0.499673 0.000000 0.000000 0.000000 0.000000 0.000000 0.000000 0.499670 0.000000 0.000000 0.000000 0.000000 0.000000 0.000000 0.000000 0.000000
 0.000000 0.000000 0.000000 0.000000 0.000000 0.000000 0.000000 0.000000 0.000000 0.000000 0.373837 0.000000 0.000000 0.000000 0.369959 0.256203 0.000000 0.000000 0.000000 0.000000
 0.000008 0.000103 0.472016 0.000000 0.000000 0.000000 0.000000 0.472320 0.000000 0.000000 0.000000 0.000000 0.000000 0.000000 0.055553 0.000000 0.000000 0.000000 0.000000 0.000000
 0.000000 0.000000 0.000000 0.000000 0.000000 0.391749 0.000000 0.000000 0.391429 0.000000 0.000000 0.000000 0.000000 0.216822 0.000000 0.000000 0.000000 0.000000 0.000000 0.000000
the mean of prob-rank is 2.0
the number of false negetive edges is 0
the number of probability greater than 0 is 3.3/edge
