20
 0.000000 0.000000 0.477973 0.000000 0.000000 0.029194 0.000000 0.005861 0.000090 0.008073 0.000000 0.478809 0.000000 0.000000 0.000000 0.000000 0.000000 0.000000 0.000000 0.000000
 0.000000 0.000000 0.000000 0.000000 0.415754 0.162221 0.000000 0.000000 0.000000 0.000000 0.000000 0.000000 0.420908 0.000000 0.001106 0.000000 0.000000 0.000000 0.000000 0.000011
 0.422515 0.000000 0.000000 0.015186 0.000000 0.000000 0.000000 0.422265 0.065486 0.000000 0.000000 0.073350 0.000000 0.000000 0.000000 0.000000 0.000953 0.000245 0.000000 0.000000
 0.000000 0.000000 0.017546 0.000000 0.000000 0.000000 0.000000 0.004361 0.489046 0.000000 0.000000 0.000000 0.000000 0.000000 0.000000 0.000000 0.489045 0.000001 0.000000 0.000000
 0.000000 0.366273 0.000000 0.000000 0.000000 0.042061 0.000000 0.000000 0.000000 0.000000 0.000000 0.000000 0.007206 0.000000 0.213660 0.000000 0.000000 0.000000 0.000000 0.370800
 0.021473 0.135707 0.000000 0.000000 0.039940 0.000000 0.000000 0.072135 0.000000 0.339870 0.000000 0.000141 0.000000 0.000000 0.352170 0.000000 0.000008 0.000000 0.000000 0.038556
 0.000000 0.000000 0.000000 0.000000 0.000000 0.000000 0.000000 0.000000 0.000000 0.000000 0.500002 0.000000 0.000000 0.499998 0.000000 0.000000 0.000000 0.000000 0.000000 0.000000
 0.005504 0.000000 0.448551 0.004010 0.000000 0.092092 0.000000 0.000000 0.000080 0.000000 0.000000 0.000001 0.000000 0.000000 0.000161 0.000000 0.449601 0.000000 0.000000 0.000000
 0.000087 0.000000 0.071797 0.464044 0.000000 0.000000 0.000000 0.000083 0.000000 0.000000 0.000000 0.000002 0.000000 0.000000 0.000000 0.000000 0.000005 0.463982 0.000000 0.000000
 0.005239 0.000000 0.000000 0.000000 0.000000 0.299904 0.000000 0.000000 0.000000 0.000000 0.000000 0.307292 0.000000 0.000000 0.202064 0.000000 0.000000 0.000000 0.000000 0.185500
 0.000000 0.000000 0.000000 0.000000 0.000000 0.000000 0.500000 0.000000 0.000000 0.000000 0.000000 0.000000 0.000000 0.000000 0.000000 0.000000 0.000000 0.000000 0.500000 0.000000
 0.462416 0.000000 0.080137 0.000000 0.000000 0.000184 0.000000 0.000001 0.000002 0.457260 0.000000 0.000000 0.000000 0.000000 0.000000 0.000000 0.000000 0.000000 0.000000 0.000000
 0.000000 0.495149 0.000000 0.000000 0.009623 0.000000 0.000000 0.000000 0.000000 0.000000 0.000000 0.000000 0.000000 0.495228 0.000000 0.000000 0.000000 0.000000 0.000000 0.000001
 0.000000 0.000000 0.000000 0.000000 0.000000 0.000000 0.499998 0.000000 0.000000 0.000000 0.000000 0.000000 0.500002 0.000000 0.000000 0.000000 0.000000 0.000000 0.000000 0.000000
 0.000000 0.000832 0.000000 0.000000 0.182382 0.316579 0.000000 0.000113 0.000000 0.205850 0.000000 0.000000 0.000000 0.000000 0.000000 0.000000 0.000000 0.000000 0.000000 0.294244
 0.000000 0.000000 0.000000 0.000000 0.000000 0.000000 0.000000 0.000000 0.000000 0.000000 0.000000 0.000000 0.000000 0.000000 0.000000 0.000000 0.000000 0.500002 0.499998 0.000000
 0.000000 0.000000 0.001125 0.499429 0.000000 0.000011 0.000000 0.499429 0.000005 0.000000 0.000000 0.000000 0.000000 0.000000 0.000000 0.000000 0.000000 0.000000 0.000000 0.000000
 0.000000 0.000000 0.000289 0.000001 0.000000 0.000000 0.000000 0.000000 0.499822 0.000000 0.000000 0.000000 0.000000 0.000000 0.000000 0.499888 0.000000 0.000000 0.000000 0.000000
 0.000000 0.000000 0.000000 0.000000 0.000000 0.000000 0.000000 0.000000 0.000000 0.000000 0.500002 0.000000 0.000000 0.000000 0.000000 0.499998 0.000000 0.000000 0.000000 0.000000
 0.000000 0.000010 0.000000 0.000000 0.379334 0.041538 0.000000 0.000000 0.000000 0.226479 0.000000 0.000000 0.000000 0.000000 0.352639 0.000000 0.000000 0.000000 0.000000 0.000000
the mean of prob-rank is 1.5789473684210527
the number of false negetive edges is 0
the number of probability greater than 0 is 4.6/edge
