20
 0.000000 0.002314 0.000000 0.000000 0.000000 0.000000 0.000000 0.000000 0.000000 0.000000 0.000000 0.000000 0.000000 0.000000 0.000000 0.498760 0.000000 0.000000 0.000171 0.498754
 0.002315 0.000000 0.000000 0.000000 0.000000 0.000000 0.000000 0.000000 0.498843 0.000000 0.000000 0.000000 0.000000 0.000000 0.000000 0.000000 0.000000 0.000001 0.000000 0.498841
 0.000000 0.000000 0.000000 0.000000 0.500000 0.000000 0.000000 0.000000 0.000000 0.000000 0.000000 0.000000 0.000000 0.000000 0.000000 0.000000 0.500000 0.000000 0.000000 0.000000
 0.000000 0.000000 0.000000 0.000000 0.000000 0.004223 0.000000 0.000000 0.000000 0.189491 0.000000 0.406463 0.000000 0.399823 0.000000 0.000000 0.000000 0.000000 0.000000 0.000000
 0.000000 0.000000 0.500000 0.000000 0.000000 0.500000 0.000000 0.000000 0.000000 0.000000 0.000000 0.000000 0.000000 0.000000 0.000000 0.000000 0.000000 0.000000 0.000000 0.000000
 0.000000 0.000000 0.000000 0.005191 0.499793 0.000000 0.000000 0.000000 0.000000 0.495016 0.000000 0.000000 0.000000 0.000000 0.000000 0.000000 0.000000 0.000000 0.000000 0.000000
 0.000000 0.000000 0.000000 0.000000 0.000000 0.000000 0.000000 0.000000 0.000000 0.000000 0.500059 0.000000 0.499474 0.000000 0.000000 0.000000 0.000000 0.000467 0.000000 0.000000
 0.000000 0.000000 0.000000 0.000000 0.000000 0.000000 0.000000 0.000000 0.000000 0.000000 0.000000 0.486077 0.000000 0.027294 0.000000 0.000000 0.000000 0.000000 0.486629 0.000000
 0.000000 0.500000 0.000000 0.000000 0.000000 0.000000 0.000000 0.000000 0.000000 0.000000 0.000000 0.000000 0.000000 0.000000 0.000000 0.000000 0.000000 0.500000 0.000000 0.000000
 0.000000 0.000000 0.000000 0.189717 0.000000 0.403196 0.000000 0.000000 0.000000 0.000000 0.000000 0.000000 0.000000 0.407087 0.000000 0.000000 0.000000 0.000000 0.000000 0.000000
 0.000000 0.000000 0.000000 0.000000 0.000000 0.000000 0.499994 0.000000 0.000000 0.000000 0.000000 0.000000 0.000012 0.000000 0.000000 0.000000 0.000000 0.499994 0.000000 0.000000
 0.000000 0.000000 0.000000 0.493753 0.000000 0.000000 0.000000 0.493362 0.000000 0.000000 0.000000 0.000000 0.000000 0.012886 0.000000 0.000000 0.000000 0.000000 0.000000 0.000000
 0.000000 0.000000 0.000000 0.000000 0.000000 0.000000 0.499701 0.000000 0.000000 0.000000 0.000012 0.000000 0.000000 0.000000 0.500286 0.000000 0.000000 0.000000 0.000000 0.000000
 0.000000 0.000000 0.000000 0.476071 0.000000 0.000000 0.000000 0.027155 0.000000 0.484143 0.000000 0.012631 0.000000 0.000000 0.000000 0.000000 0.000000 0.000000 0.000000 0.000000
 0.000000 0.000000 0.000000 0.000000 0.000000 0.000000 0.000000 0.000000 0.000000 0.000000 0.000000 0.000000 0.500008 0.000000 0.000000 0.000000 0.499992 0.000000 0.000000 0.000000
 0.500003 0.000000 0.000000 0.000000 0.000000 0.000000 0.000000 0.000000 0.000000 0.000000 0.000000 0.000000 0.000000 0.000000 0.000000 0.000000 0.000000 0.000000 0.499994 0.000002
 0.000000 0.000000 0.500008 0.000000 0.000000 0.000000 0.000000 0.000000 0.000000 0.000000 0.000000 0.000000 0.000000 0.000000 0.499992 0.000000 0.000000 0.000000 0.000000 0.000000
 0.000000 0.000001 0.000000 0.000000 0.000000 0.000000 0.000466 0.000000 0.499767 0.000000 0.499766 0.000000 0.000000 0.000000 0.000000 0.000000 0.000000 0.000000 0.000000 0.000000
 0.000172 0.000000 0.000000 0.000000 0.000000 0.000000 0.000000 0.499919 0.000000 0.000000 0.000000 0.000000 0.000000 0.000000 0.000000 0.499909 0.000000 0.000000 0.000000 0.000000
 0.499997 0.500000 0.000000 0.000000 0.000000 0.000000 0.000000 0.000000 0.000000 0.000000 0.000000 0.000000 0.000000 0.000000 0.000000 0.000002 0.000000 0.000000 0.000000 0.000000
the mean of prob-rank is 1.5263157894736843
the number of false negetive edges is 0
the number of probability greater than 0 is 3.0/edge
