20
 0.000000 0.106767 0.165034 0.000000 0.000062 0.000000 0.000000 0.000000 0.216514 0.010913 0.000004 0.226261 0.000000 0.000000 0.000349 0.000000 0.274096 0.000000 0.000000 0.000000
 0.156671 0.000000 0.000000 0.000000 0.000000 0.000000 0.001041 0.006332 0.000000 0.000000 0.027694 0.000000 0.000000 0.000000 0.401990 0.000000 0.402161 0.000000 0.004110 0.000000
 0.127001 0.000000 0.000000 0.000000 0.144886 0.131319 0.000000 0.000000 0.000000 0.210711 0.178366 0.178934 0.000000 0.000000 0.000000 0.000000 0.028782 0.000000 0.000000 0.000000
 0.000000 0.000000 0.000000 0.000000 0.000000 0.000000 0.000000 0.000047 0.000000 0.000000 0.000000 0.000000 0.000000 0.500022 0.000000 0.000000 0.000000 0.499931 0.000000 0.000000
 0.000063 0.000000 0.192395 0.000000 0.000000 0.000001 0.000000 0.000000 0.031987 0.253965 0.000000 0.248582 0.273007 0.000000 0.000000 0.000000 0.000000 0.000000 0.000000 0.000000
 0.000000 0.000000 0.156899 0.000000 0.000001 0.000000 0.000000 0.000000 0.000000 0.205508 0.252016 0.000000 0.199503 0.000000 0.000000 0.000000 0.000000 0.186073 0.000000 0.000000
 0.000000 0.001292 0.000000 0.000000 0.000000 0.000000 0.000000 0.499378 0.000000 0.000000 0.000000 0.000000 0.000000 0.000000 0.000000 0.000000 0.000000 0.000000 0.499330 0.000000
 0.000000 0.007810 0.000000 0.000047 0.000000 0.000000 0.496071 0.000000 0.000000 0.000000 0.000000 0.000000 0.000000 0.496072 0.000000 0.000000 0.000000 0.000000 0.000000 0.000000
 0.266868 0.000000 0.000000 0.000000 0.038582 0.000000 0.000000 0.000000 0.000000 0.000000 0.000000 0.314022 0.337813 0.000000 0.042125 0.000000 0.000000 0.000000 0.000000 0.000589
 0.010295 0.000000 0.258317 0.000000 0.234461 0.210863 0.000000 0.000000 0.000000 0.000000 0.152525 0.120953 0.000000 0.000000 0.000000 0.000000 0.012586 0.000000 0.000000 0.000000
 0.000004 0.019817 0.243381 0.000000 0.000000 0.287812 0.000000 0.000000 0.000000 0.169766 0.000000 0.000000 0.000000 0.000000 0.000000 0.000000 0.027364 0.251857 0.000000 0.000000
 0.205789 0.000000 0.211482 0.000000 0.221249 0.000000 0.000000 0.000000 0.231719 0.116609 0.000000 0.000000 0.000000 0.000000 0.000000 0.000000 0.013152 0.000000 0.000000 0.000000
 0.000000 0.000000 0.000000 0.000000 0.352355 0.286175 0.000000 0.000000 0.361470 0.000000 0.000000 0.000001 0.000000 0.000000 0.000000 0.000000 0.000000 0.000000 0.000000 0.000000
 0.000000 0.000000 0.000000 0.500001 0.000000 0.000000 0.000000 0.499999 0.000000 0.000000 0.000000 0.000000 0.000000 0.000000 0.000000 0.000000 0.000000 0.000000 0.000000 0.000000
 0.000599 0.469955 0.000000 0.000000 0.000000 0.000000 0.000000 0.000000 0.058630 0.000000 0.000000 0.000000 0.000000 0.000000 0.000000 0.000600 0.000000 0.000000 0.000000 0.470215
 0.000000 0.000000 0.000000 0.000000 0.000000 0.000000 0.000000 0.000000 0.000000 0.000000 0.000000 0.000000 0.000000 0.000000 0.000638 0.000000 0.000000 0.000000 0.499696 0.499666
 0.428664 0.428610 0.058493 0.000000 0.000000 0.000000 0.000000 0.000000 0.000000 0.020864 0.040755 0.022614 0.000000 0.000000 0.000000 0.000000 0.000000 0.000000 0.000000 0.000000
 0.000000 0.000000 0.000000 0.382600 0.000000 0.282538 0.000000 0.000000 0.000000 0.000000 0.334862 0.000000 0.000000 0.000000 0.000000 0.000000 0.000000 0.000000 0.000000 0.000000
 0.000000 0.005084 0.000000 0.000000 0.000000 0.000000 0.497433 0.000000 0.000000 0.000000 0.000000 0.000000 0.000000 0.000000 0.000000 0.497484 0.000000 0.000000 0.000000 0.000000
 0.000000 0.000000 0.000000 0.000000 0.000000 0.000000 0.000000 0.000000 0.000871 0.000000 0.000000 0.000000 0.000000 0.000000 0.499580 0.499549 0.000000 0.000000 0.000000 0.000000
the mean of prob-rank is 1.4736842105263157
the number of false negetive edges is 0
the number of probability greater than 0 is 4.9/edge
