20
 0.000000 0.500000 0.000000 0.000000 0.500000 0.000000 0.000000 0.000000 0.000000 0.000000 0.000000 0.000000 0.000000 0.000000 0.000000 0.000000 0.000000 0.000000 0.000000 0.000000
 0.500000 0.000000 0.000000 0.000000 0.000000 0.000000 0.000000 0.000000 0.500000 0.000000 0.000000 0.000000 0.000000 0.000000 0.000000 0.000000 0.000000 0.000000 0.000000 0.000000
 0.000000 0.000000 0.000000 0.500000 0.000000 0.000000 0.000000 0.000000 0.000000 0.000000 0.000000 0.000000 0.000000 0.500000 0.000000 0.000000 0.000000 0.000000 0.000000 0.000000
 0.000000 0.000000 0.500001 0.000000 0.000000 0.000000 0.000000 0.000000 0.000000 0.000000 0.000000 0.000000 0.000000 0.000000 0.000000 0.000000 0.000000 0.000000 0.000000 0.499999
 0.452710 0.000000 0.000000 0.000000 0.000000 0.000000 0.000000 0.445311 0.000000 0.000000 0.000000 0.000000 0.000000 0.000000 0.000000 0.000000 0.000000 0.000000 0.000000 0.101979
 0.000000 0.000000 0.000000 0.000000 0.000000 0.000000 0.000000 0.216695 0.239542 0.187802 0.000000 0.266383 0.000000 0.000000 0.000000 0.000000 0.000000 0.000000 0.000000 0.089579
 0.000000 0.000000 0.000000 0.000000 0.000000 0.000000 0.000000 0.000000 0.000000 0.000000 0.000000 0.000000 0.000000 0.000000 0.000000 0.000000 0.500000 0.500000 0.000000 0.000000
 0.000000 0.000000 0.000000 0.000000 0.279788 0.230210 0.000000 0.000000 0.188636 0.000279 0.000000 0.028354 0.000000 0.000000 0.000000 0.000000 0.000000 0.000000 0.000000 0.272733
 0.000000 0.222767 0.000000 0.000000 0.000000 0.199306 0.000000 0.147736 0.000000 0.000000 0.000000 0.180284 0.000000 0.000000 0.000000 0.114146 0.000000 0.000000 0.135761 0.000000
 0.000000 0.000000 0.000000 0.000000 0.000000 0.211903 0.000000 0.000296 0.000000 0.000000 0.000000 0.293513 0.208918 0.000000 0.000000 0.000015 0.000000 0.000000 0.273319 0.012034
 0.000000 0.000000 0.000000 0.000000 0.000000 0.000000 0.000000 0.000000 0.000000 0.000000 0.000000 0.000000 0.396454 0.000000 0.403320 0.200227 0.000000 0.000000 0.000000 0.000000
 0.000000 0.000000 0.000000 0.000000 0.000000 0.315275 0.000000 0.031587 0.256449 0.307876 0.000000 0.000000 0.000000 0.000000 0.000000 0.000000 0.000000 0.000000 0.087330 0.001483
 0.000000 0.000000 0.000000 0.000000 0.000000 0.000000 0.000000 0.000000 0.000000 0.212280 0.301733 0.000000 0.000000 0.000000 0.000000 0.289820 0.000000 0.000000 0.196167 0.000000
 0.000000 0.000000 0.500000 0.000000 0.000000 0.000000 0.000000 0.000000 0.000000 0.000000 0.000000 0.000000 0.000000 0.000000 0.000000 0.000000 0.000000 0.500000 0.000000 0.000000
 0.000000 0.000000 0.000000 0.000000 0.000000 0.000000 0.000000 0.000000 0.000000 0.000000 0.500000 0.000000 0.000000 0.000000 0.000000 0.000000 0.500000 0.000000 0.000000 0.000000
 0.000000 0.000000 0.000000 0.000000 0.000000 0.000000 0.000000 0.000000 0.173521 0.000017 0.168118 0.000000 0.319735 0.000000 0.000000 0.000000 0.000000 0.000000 0.338609 0.000000
 0.000000 0.000000 0.000000 0.000000 0.000000 0.000000 0.500000 0.000000 0.000000 0.000000 0.000000 0.000000 0.000000 0.000000 0.500000 0.000000 0.000000 0.000000 0.000000 0.000000
 0.000000 0.000000 0.000000 0.000000 0.000000 0.000000 0.500000 0.000000 0.000000 0.000000 0.000000 0.000000 0.000000 0.500000 0.000000 0.000000 0.000000 0.000000 0.000000 0.000000
 0.000000 0.000000 0.000000 0.000000 0.000000 0.000000 0.000000 0.000000 0.177742 0.263870 0.000000 0.080378 0.186386 0.000000 0.000000 0.291624 0.000000 0.000000 0.000000 0.000000
 0.000000 0.000000 0.000000 0.390136 0.087883 0.130531 0.000000 0.374083 0.000000 0.015542 0.000000 0.001825 0.000000 0.000000 0.000000 0.000000 0.000000 0.000000 0.000000 0.000000
the mean of prob-rank is 1.7894736842105263
the number of false negetive edges is 0
the number of probability greater than 0 is 3.7/edge
