20
 0.000000 0.000000 0.000000 0.000000 0.000000 0.500000 0.000000 0.000000 0.000000 0.000000 0.500000 0.000000 0.000000 0.000000 0.000000 0.000000 0.000000 0.000000 0.000000 0.000000
 0.000000 0.000000 0.000000 0.023656 0.468614 0.000000 0.000000 0.000000 0.459103 0.000000 0.000000 0.000000 0.000000 0.000000 0.000000 0.046558 0.000000 0.000000 0.000000 0.002069
 0.000000 0.000000 0.000000 0.415447 0.000000 0.000045 0.000000 0.000000 0.000000 0.000000 0.000000 0.157424 0.006151 0.000000 0.000000 0.000000 0.000000 0.000000 0.420129 0.000803
 0.000000 0.018718 0.366650 0.000000 0.000000 0.190195 0.000000 0.000000 0.370560 0.000000 0.000000 0.000000 0.000000 0.000000 0.000000 0.000000 0.000000 0.000000 0.000000 0.053877
 0.000000 0.388700 0.000000 0.000000 0.000000 0.365482 0.000000 0.000000 0.227744 0.000000 0.000000 0.000000 0.000000 0.000000 0.000000 0.018074 0.000000 0.000000 0.000000 0.000000
 0.407589 0.000000 0.000044 0.209076 0.383242 0.000000 0.000000 0.000000 0.000049 0.000000 0.000000 0.000000 0.000000 0.000000 0.000000 0.000000 0.000000 0.000000 0.000000 0.000000
 0.000000 0.000000 0.000000 0.000000 0.000000 0.000000 0.000000 0.000000 0.000000 0.000000 0.000000 0.000000 0.000000 0.000000 0.499997 0.000000 0.000000 0.500003 0.000000 0.000000
 0.000000 0.000000 0.000000 0.000000 0.000000 0.000000 0.000000 0.000000 0.000000 0.465159 0.000000 0.000000 0.467536 0.062303 0.000000 0.000000 0.000000 0.000000 0.005002 0.000000
 0.000000 0.381929 0.000000 0.389610 0.228413 0.000047 0.000000 0.000000 0.000000 0.000000 0.000000 0.000000 0.000000 0.000000 0.000000 0.000000 0.000000 0.000000 0.000000 0.000000
 0.000000 0.000000 0.000000 0.000000 0.000000 0.000000 0.000000 0.495919 0.000000 0.000000 0.000000 0.000000 0.001814 0.000880 0.000000 0.002338 0.000616 0.000000 0.000030 0.498403
 0.500000 0.000000 0.000000 0.000000 0.000000 0.000000 0.000000 0.000000 0.000000 0.000000 0.000000 0.500000 0.000000 0.000000 0.000000 0.000000 0.000000 0.000000 0.000000 0.000000
 0.000000 0.000000 0.157506 0.000000 0.000000 0.000000 0.000000 0.000000 0.000000 0.000000 0.420347 0.000000 0.002014 0.419113 0.000000 0.000000 0.000000 0.000000 0.001020 0.000000
 0.000000 0.000000 0.007232 0.000000 0.000000 0.000000 0.000000 0.493950 0.000000 0.001797 0.000000 0.002367 0.000000 0.000713 0.000000 0.000000 0.000000 0.000000 0.493940 0.000000
 0.000000 0.000000 0.000000 0.000000 0.000000 0.000000 0.000000 0.062458 0.000000 0.000828 0.000000 0.467346 0.000677 0.000000 0.000000 0.000000 0.468691 0.000000 0.000000 0.000000
 0.000000 0.000000 0.000000 0.000000 0.000000 0.000000 0.499997 0.000000 0.000000 0.000000 0.000000 0.000000 0.000000 0.000000 0.000000 0.000000 0.500003 0.000000 0.000000 0.000000
 0.000000 0.046240 0.000000 0.000000 0.021641 0.000000 0.000000 0.000000 0.000000 0.002183 0.000000 0.000000 0.000000 0.000000 0.000000 0.000000 0.000000 0.465406 0.000000 0.464530
 0.000000 0.000000 0.000000 0.000000 0.000000 0.000000 0.000000 0.000000 0.000000 0.000617 0.000000 0.000000 0.000000 0.499677 0.499706 0.000000 0.000000 0.000000 0.000000 0.000000
 0.000000 0.000000 0.000000 0.000000 0.000000 0.000000 0.499998 0.000000 0.000000 0.000000 0.000000 0.000000 0.000000 0.000000 0.000000 0.500002 0.000000 0.000000 0.000000 0.000000
 0.000000 0.000000 0.495144 0.000000 0.000000 0.000000 0.000000 0.005297 0.000000 0.000030 0.000000 0.001202 0.495114 0.000000 0.000000 0.000000 0.000000 0.000000 0.000000 0.003213
 0.000000 0.002047 0.000887 0.067394 0.000000 0.000000 0.000000 0.000000 0.000000 0.463735 0.000000 0.000000 0.000000 0.000000 0.000000 0.462927 0.000000 0.000000 0.003010 0.000000
the mean of prob-rank is 1.5789473684210527
the number of false negetive edges is 0
the number of probability greater than 0 is 4.3/edge
