20
 0.000000 0.000000 0.000000 0.000001 0.000583 0.000000 0.000000 0.000000 0.004817 0.000000 0.000000 0.064383 0.000000 0.000000 0.281066 0.302356 0.010715 0.000000 0.336080 0.000000
 0.000000 0.000000 0.000000 0.000000 0.000000 0.000000 0.000000 0.500003 0.000000 0.499997 0.000000 0.000000 0.000000 0.000000 0.000000 0.000000 0.000000 0.000000 0.000000 0.000000
 0.000000 0.000000 0.000000 0.000000 0.000000 0.000000 0.500115 0.000000 0.000000 0.000000 0.000000 0.000000 0.000000 0.000000 0.000001 0.499884 0.000000 0.000000 0.000000 0.000000
 0.000001 0.000000 0.000000 0.000000 0.000000 0.000000 0.065813 0.000000 0.000000 0.000000 0.000000 0.000001 0.000000 0.000000 0.286839 0.210579 0.266317 0.153065 0.017384 0.000000
 0.000638 0.000000 0.000000 0.000000 0.000000 0.271080 0.000000 0.000000 0.356882 0.000000 0.000000 0.000000 0.000000 0.003058 0.000000 0.000000 0.000000 0.000000 0.000000 0.368341
 0.000000 0.000000 0.000000 0.000000 0.271421 0.000000 0.000000 0.000000 0.000000 0.020763 0.000000 0.000000 0.000000 0.368817 0.000000 0.000000 0.000000 0.000000 0.000000 0.338998
 0.000000 0.000000 0.361009 0.082811 0.000000 0.000000 0.000000 0.000000 0.000000 0.000000 0.000000 0.000000 0.001020 0.000000 0.211322 0.000000 0.000000 0.343839 0.000000 0.000000
 0.000000 0.500000 0.000000 0.000000 0.000000 0.000000 0.000000 0.000000 0.000000 0.000000 0.000000 0.000000 0.500000 0.000000 0.000000 0.000000 0.000000 0.000000 0.000000 0.000000
 0.004988 0.000000 0.000000 0.000000 0.337221 0.000000 0.000000 0.000000 0.000000 0.000000 0.348061 0.039766 0.000000 0.000000 0.000000 0.000000 0.000000 0.000000 0.000000 0.269964
 0.000000 0.486258 0.000000 0.000000 0.000000 0.027375 0.000000 0.000000 0.000000 0.000000 0.000000 0.000000 0.000000 0.486167 0.000000 0.000000 0.000000 0.000000 0.000000 0.000199
 0.000000 0.000000 0.000000 0.000000 0.000000 0.000000 0.000000 0.000000 0.424255 0.000000 0.000000 0.422629 0.000000 0.000000 0.000000 0.000000 0.000000 0.000000 0.000000 0.153116
 0.082832 0.000000 0.000000 0.000002 0.000000 0.000000 0.000000 0.000000 0.049401 0.000000 0.430742 0.000000 0.000000 0.000000 0.000000 0.000000 0.432397 0.000000 0.004627 0.000000
 0.000000 0.000000 0.000000 0.000000 0.000000 0.000000 0.001410 0.499313 0.000000 0.000000 0.000000 0.000000 0.000000 0.000000 0.000000 0.000000 0.000000 0.499277 0.000000 0.000000
 0.000000 0.000000 0.000000 0.000000 0.003593 0.432800 0.000000 0.000000 0.000000 0.432713 0.000000 0.000000 0.000000 0.000000 0.000000 0.000000 0.000000 0.000000 0.000000 0.130893
 0.206964 0.000000 0.000000 0.247418 0.000000 0.000000 0.144863 0.000000 0.000000 0.000000 0.000000 0.000000 0.000000 0.000000 0.000000 0.171091 0.026590 0.009653 0.193421 0.000000
 0.270611 0.000000 0.300658 0.220776 0.000000 0.000000 0.000000 0.000000 0.000000 0.000000 0.000000 0.000000 0.000000 0.000000 0.207954 0.000000 0.000000 0.000000 0.000000 0.000000
 0.011477 0.000000 0.000000 0.334141 0.000000 0.000000 0.000000 0.000000 0.000000 0.000000 0.000000 0.359979 0.000000 0.000000 0.038677 0.000000 0.000000 0.001114 0.254612 0.000000
 0.000000 0.000000 0.000000 0.211038 0.000000 0.000000 0.376757 0.000000 0.000000 0.000000 0.000000 0.000000 0.395550 0.000000 0.015430 0.000000 0.001225 0.000000 0.000000 0.000000
 0.390595 0.000000 0.000000 0.023667 0.000000 0.000000 0.000000 0.000000 0.000000 0.000000 0.000000 0.004180 0.000000 0.000000 0.305283 0.000000 0.276275 0.000000 0.000000 0.000000
 0.000000 0.000000 0.000000 0.000000 0.297743 0.273680 0.000000 0.000000 0.230944 0.000122 0.107461 0.000000 0.000000 0.090051 0.000000 0.000000 0.000000 0.000000 0.000000 0.000000
the mean of prob-rank is 1.8421052631578947
the number of false negetive edges is 0
the number of probability greater than 0 is 4.7/edge
