20
 0.000000 0.000000 0.000000 0.000000 0.000000 0.000000 0.000000 0.000000 0.000000 0.000000 0.000000 0.000000 0.000000 0.000000 0.000000 0.000000 0.000000 0.500000 0.500000 0.000000
 0.000000 0.000000 0.000000 0.000000 0.000000 0.357317 0.000000 0.000000 0.000000 0.367464 0.000000 0.000000 0.268198 0.000000 0.005436 0.001585 0.000000 0.000000 0.000000 0.000000
 0.000000 0.000000 0.000000 0.000000 0.500000 0.000000 0.000000 0.000000 0.000000 0.000000 0.000000 0.000000 0.000000 0.000000 0.000000 0.000000 0.000000 0.000000 0.000000 0.500000
 0.000000 0.000000 0.000000 0.000000 0.000000 0.000000 0.500000 0.000000 0.000000 0.000000 0.500000 0.000000 0.000000 0.000000 0.000000 0.000000 0.000000 0.000000 0.000000 0.000000
 0.000000 0.000000 0.500000 0.000000 0.000000 0.000000 0.000000 0.500000 0.000000 0.000000 0.000000 0.000000 0.000000 0.000000 0.000000 0.000000 0.000000 0.000000 0.000000 0.000000
 0.000000 0.345653 0.000000 0.000000 0.000000 0.000000 0.000000 0.000000 0.001257 0.000000 0.000000 0.000000 0.347571 0.000000 0.305519 0.000000 0.000000 0.000000 0.000000 0.000000
 0.000000 0.000000 0.000000 0.500000 0.000000 0.000000 0.000000 0.500000 0.000000 0.000000 0.000000 0.000000 0.000000 0.000000 0.000000 0.000000 0.000000 0.000000 0.000000 0.000000
 0.000000 0.000000 0.000000 0.000000 0.500000 0.000000 0.500000 0.000000 0.000000 0.000000 0.000000 0.000000 0.000000 0.000000 0.000000 0.000000 0.000000 0.000000 0.000000 0.000000
 0.000000 0.000000 0.000000 0.000000 0.000000 0.001259 0.000000 0.000000 0.000000 0.000000 0.000000 0.000000 0.327646 0.000000 0.355419 0.000000 0.000000 0.000000 0.000000 0.315677
 0.000000 0.337390 0.000000 0.000000 0.000000 0.000000 0.000000 0.000000 0.000000 0.000000 0.000000 0.317142 0.037080 0.000000 0.000000 0.308388 0.000000 0.000000 0.000000 0.000000
 0.000000 0.000000 0.000000 0.500001 0.000000 0.000000 0.000000 0.000000 0.000000 0.000000 0.000000 0.000000 0.000000 0.000000 0.000000 0.000000 0.499999 0.000000 0.000000 0.000000
 0.000000 0.000000 0.000000 0.000000 0.000000 0.000000 0.000000 0.000000 0.000000 0.328002 0.000000 0.000000 0.000000 0.000000 0.000000 0.348945 0.000000 0.000000 0.323053 0.000000
 0.000000 0.168827 0.000000 0.000000 0.000000 0.226174 0.000000 0.000000 0.212927 0.025422 0.000000 0.000000 0.000000 0.000000 0.197360 0.000000 0.000000 0.000000 0.000000 0.169291
 0.000000 0.000000 0.000000 0.000000 0.000000 0.000000 0.000000 0.000000 0.000000 0.000000 0.000000 0.000000 0.000000 0.000000 0.000000 0.000000 0.500000 0.500000 0.000000 0.000000
 0.000000 0.005388 0.000000 0.000000 0.000000 0.313028 0.000000 0.000000 0.363675 0.000000 0.000000 0.000000 0.310745 0.000000 0.000000 0.000000 0.000000 0.000000 0.000000 0.007164
 0.000000 0.001501 0.000000 0.000000 0.000000 0.000000 0.000000 0.000000 0.000000 0.317908 0.000000 0.347806 0.000000 0.000000 0.000000 0.000000 0.000000 0.000000 0.332785 0.000000
 0.000000 0.000000 0.000000 0.000000 0.000000 0.000000 0.000000 0.000000 0.000000 0.000000 0.499999 0.000000 0.000000 0.500001 0.000000 0.000000 0.000000 0.000000 0.000000 0.000000
 0.500000 0.000000 0.000000 0.000000 0.000000 0.000000 0.000000 0.000000 0.000000 0.000000 0.000000 0.000000 0.000000 0.500000 0.000000 0.000000 0.000000 0.000000 0.000000 0.000000
 0.346908 0.000000 0.000000 0.000000 0.000000 0.000000 0.000000 0.000000 0.000000 0.000000 0.000000 0.321167 0.000000 0.000000 0.000000 0.331925 0.000000 0.000000 0.000000 0.000000
 0.000000 0.000000 0.379014 0.000000 0.000000 0.000000 0.000000 0.000000 0.336142 0.000000 0.000000 0.000000 0.277388 0.000000 0.007456 0.000000 0.000000 0.000000 0.000000 0.000000
the mean of prob-rank is 1.736842105263158
the number of false negetive edges is 0
the number of probability greater than 0 is 3.1/edge
