20
 0.000000 0.000000 0.000000 0.000000 0.000000 0.337229 0.000000 0.000000 0.000000 0.000000 0.315040 0.346303 0.000000 0.000000 0.001428 0.000000 0.000000 0.000000 0.000000 0.000000
 0.000000 0.000000 0.000000 0.000000 0.000000 0.000000 0.000000 0.500000 0.000000 0.000000 0.000000 0.000000 0.000000 0.000000 0.500000 0.000000 0.000000 0.000000 0.000000 0.000000
 0.000000 0.000000 0.000000 0.000000 0.000000 0.000000 0.000000 0.000000 0.000065 0.000000 0.000000 0.103474 0.266183 0.000000 0.000000 0.000000 0.132542 0.196950 0.000000 0.300786
 0.000000 0.000000 0.000000 0.000000 0.000000 0.000000 0.500000 0.000000 0.000000 0.000000 0.000000 0.000000 0.000000 0.000000 0.000000 0.000000 0.000000 0.000000 0.500000 0.000000
 0.000000 0.000000 0.000000 0.000000 0.000000 0.330860 0.000000 0.000000 0.000000 0.000000 0.340062 0.000000 0.000000 0.000000 0.000000 0.329079 0.000000 0.000000 0.000000 0.000000
 0.358557 0.000000 0.000000 0.000000 0.352595 0.000000 0.000000 0.000819 0.000000 0.000000 0.288027 0.000000 0.000000 0.000000 0.000001 0.000000 0.000000 0.000000 0.000000 0.000000
 0.000000 0.000000 0.000000 0.500000 0.000000 0.000000 0.000000 0.000000 0.000000 0.500000 0.000000 0.000000 0.000000 0.000000 0.000000 0.000000 0.000000 0.000000 0.000000 0.000000
 0.000000 0.499446 0.000000 0.000000 0.000000 0.001109 0.000000 0.000000 0.000000 0.000000 0.000000 0.000000 0.000000 0.499445 0.000000 0.000000 0.000000 0.000000 0.000000 0.000000
 0.000000 0.000000 0.000076 0.000000 0.000000 0.000000 0.000000 0.000000 0.000000 0.353019 0.000000 0.000000 0.340050 0.000000 0.000000 0.000000 0.000000 0.306855 0.000000 0.000000
 0.000000 0.000000 0.000000 0.000000 0.000000 0.000000 0.500001 0.000000 0.499999 0.000000 0.000000 0.000000 0.000000 0.000000 0.000000 0.000000 0.000000 0.000000 0.000000 0.000000
 0.282953 0.000000 0.000000 0.000000 0.306130 0.243304 0.000000 0.000000 0.000000 0.000000 0.000000 0.000458 0.000000 0.000000 0.000000 0.167155 0.000000 0.000000 0.000000 0.000000
 0.374695 0.000000 0.129155 0.000000 0.000000 0.000000 0.000000 0.000000 0.000000 0.000000 0.000552 0.000000 0.000000 0.000000 0.112232 0.010753 0.372613 0.000000 0.000000 0.000001
 0.000000 0.000000 0.310494 0.000000 0.000000 0.000000 0.000000 0.000000 0.337968 0.000000 0.000000 0.000000 0.000000 0.000000 0.000000 0.000000 0.000680 0.350858 0.000000 0.000000
 0.000000 0.000000 0.000000 0.000000 0.000000 0.000000 0.000000 0.500000 0.000000 0.000000 0.000000 0.000000 0.000000 0.000000 0.000000 0.000000 0.000000 0.000000 0.500000 0.000000
 0.001813 0.440569 0.000000 0.000000 0.000000 0.000002 0.000000 0.000000 0.000000 0.000000 0.000000 0.131702 0.000000 0.000000 0.000000 0.000000 0.425915 0.000000 0.000000 0.000000
 0.000000 0.000000 0.000000 0.000000 0.377873 0.000000 0.000000 0.000000 0.000000 0.000000 0.213215 0.011386 0.000000 0.000000 0.000000 0.000000 0.000000 0.000000 0.000000 0.397525
 0.000000 0.000000 0.134485 0.000000 0.000000 0.000000 0.000000 0.000000 0.000000 0.000000 0.000000 0.302899 0.000591 0.000000 0.295044 0.000000 0.000000 0.266980 0.000000 0.000000
 0.000000 0.000000 0.192652 0.000000 0.000000 0.000000 0.000000 0.000000 0.255746 0.000000 0.000000 0.000000 0.294222 0.000000 0.000000 0.000000 0.257380 0.000000 0.000000 0.000000
 0.000000 0.000000 0.000000 0.500000 0.000000 0.000000 0.000000 0.000000 0.000000 0.000000 0.000000 0.000000 0.000000 0.500000 0.000000 0.000000 0.000000 0.000000 0.000000 0.000000
 0.000000 0.000000 0.499999 0.000000 0.000000 0.000000 0.000000 0.000000 0.000000 0.000000 0.000000 0.000001 0.000000 0.000000 0.000000 0.500000 0.000000 0.000000 0.000000 0.000000
the mean of prob-rank is 1.736842105263158
the number of false negetive edges is 0
the number of probability greater than 0 is 3.6/edge
