20
 0.000000 0.000000 0.000000 0.000000 0.000000 0.000000 0.000000 0.500000 0.500000 0.000000 0.000000 0.000000 0.000000 0.000000 0.000000 0.000000 0.000000 0.000000 0.000000 0.000000
 0.000000 0.000000 0.000000 0.000000 0.000000 0.424441 0.000000 0.000000 0.000000 0.000000 0.000000 0.423486 0.000000 0.000000 0.000000 0.149564 0.000000 0.000000 0.002510 0.000000
 0.000000 0.000000 0.000000 0.000000 0.000000 0.000000 0.000000 0.000000 0.000000 0.000000 0.000000 0.000000 0.500000 0.500000 0.000000 0.000000 0.000000 0.000000 0.000000 0.000000
 0.000000 0.000000 0.000000 0.000000 0.000000 0.000000 0.476918 0.000000 0.000000 0.000667 0.000000 0.043442 0.000000 0.000000 0.476915 0.000000 0.000000 0.000000 0.000000 0.002058
 0.000000 0.000000 0.000000 0.000000 0.000000 0.000000 0.000000 0.000000 0.000000 0.494052 0.000038 0.000000 0.000000 0.000000 0.000000 0.000000 0.000604 0.000000 0.494145 0.011162
 0.000000 0.459078 0.000000 0.000000 0.000000 0.000000 0.000000 0.000000 0.000000 0.000000 0.006777 0.000000 0.000000 0.000000 0.000000 0.454895 0.000000 0.000000 0.079250 0.000000
 0.000000 0.000000 0.000000 0.492683 0.000000 0.000000 0.000000 0.000000 0.000000 0.000019 0.000000 0.000000 0.000021 0.000000 0.013782 0.000000 0.000878 0.000000 0.000000 0.492617
 0.500000 0.000000 0.000000 0.000000 0.000000 0.000000 0.000000 0.000000 0.000000 0.000000 0.000000 0.000000 0.000000 0.000000 0.000000 0.000000 0.000000 0.500000 0.000000 0.000000
 0.500000 0.000000 0.000000 0.000000 0.000000 0.000000 0.000000 0.000000 0.000000 0.000000 0.000000 0.500000 0.000000 0.000000 0.000000 0.000000 0.000000 0.000000 0.000000 0.000000
 0.000000 0.000000 0.000000 0.000672 0.480067 0.000000 0.000019 0.000000 0.000000 0.000000 0.026968 0.000000 0.000000 0.000000 0.480069 0.000000 0.000000 0.000000 0.000009 0.012197
 0.000000 0.000000 0.000000 0.000000 0.000037 0.007115 0.000000 0.000000 0.000000 0.027068 0.000000 0.002101 0.000000 0.000000 0.000000 0.481821 0.000000 0.000000 0.481859 0.000000
 0.000000 0.460906 0.000000 0.042078 0.000000 0.000000 0.000000 0.000000 0.461946 0.000000 0.002014 0.000000 0.000000 0.000000 0.000000 0.033056 0.000000 0.000000 0.000000 0.000000
 0.000000 0.000000 0.499989 0.000000 0.000000 0.000000 0.000021 0.000000 0.000000 0.000000 0.000000 0.000000 0.000000 0.000000 0.000000 0.000000 0.499989 0.000000 0.000000 0.000001
 0.000000 0.000000 0.500000 0.000000 0.000000 0.000000 0.000000 0.000000 0.000000 0.000000 0.000000 0.000000 0.000000 0.000000 0.000000 0.000000 0.000000 0.500000 0.000000 0.000000
 0.000000 0.000000 0.000000 0.469920 0.000000 0.000000 0.013146 0.000000 0.000000 0.469837 0.000000 0.000000 0.000000 0.000000 0.000000 0.000000 0.000000 0.000000 0.000000 0.047097
 0.000000 0.143187 0.000000 0.000000 0.000000 0.402640 0.000000 0.000000 0.000000 0.000000 0.406242 0.029077 0.000000 0.000000 0.000000 0.000000 0.000000 0.000000 0.018854 0.000000
 0.000000 0.000000 0.000000 0.000000 0.000610 0.000000 0.000889 0.000000 0.000000 0.000000 0.000000 0.000000 0.499260 0.000000 0.000000 0.000000 0.000000 0.000000 0.000000 0.499241
 0.000000 0.000000 0.000000 0.000000 0.000000 0.000000 0.000000 0.500000 0.000000 0.000000 0.000000 0.000000 0.000000 0.500000 0.000000 0.000000 0.000000 0.000000 0.000000 0.000000
 0.000000 0.002658 0.000000 0.000000 0.449480 0.077593 0.000000 0.000000 0.000000 0.000008 0.449405 0.000000 0.000000 0.000000 0.000000 0.020856 0.000000 0.000000 0.000000 0.000000
 0.000000 0.000000 0.000000 0.002005 0.010494 0.000000 0.464545 0.000000 0.000000 0.011802 0.000000 0.000000 0.000001 0.000000 0.046564 0.000000 0.464590 0.000000 0.000000 0.000000
the mean of prob-rank is 1.6842105263157894
the number of false negetive edges is 0
the number of probability greater than 0 is 4.1/edge
