20
 0.000000 0.186449 0.000000 0.000000 0.000000 0.000000 0.000000 0.000000 0.404833 0.000000 0.000000 0.000000 0.000000 0.000000 0.000000 0.000000 0.408718 0.000000 0.000000 0.000000
 0.186326 0.000000 0.000000 0.000000 0.000000 0.000000 0.000000 0.000000 0.408449 0.000000 0.405226 0.000000 0.000000 0.000000 0.000000 0.000000 0.000000 0.000000 0.000000 0.000000
 0.000000 0.000000 0.000000 0.000000 0.000000 0.000000 0.191715 0.304543 0.000000 0.311528 0.000000 0.000000 0.000000 0.000000 0.000000 0.000000 0.000000 0.192214 0.000000 0.000000
 0.000000 0.000000 0.000000 0.000000 0.000000 0.000000 0.000000 0.000000 0.000000 0.453395 0.000000 0.451896 0.094709 0.000000 0.000000 0.000000 0.000000 0.000000 0.000000 0.000000
 0.000000 0.000000 0.000000 0.000000 0.000000 0.452865 0.000000 0.000000 0.000000 0.000000 0.000000 0.000000 0.000000 0.000080 0.000000 0.000000 0.000000 0.000000 0.094931 0.452123
 0.000000 0.000000 0.000000 0.000000 0.500000 0.000000 0.000000 0.000000 0.000000 0.000000 0.000000 0.000000 0.000000 0.500000 0.000000 0.000000 0.000000 0.000000 0.000000 0.000000
 0.000000 0.000000 0.234875 0.000000 0.000000 0.000000 0.000000 0.386139 0.000000 0.000000 0.000000 0.000000 0.000000 0.000000 0.000000 0.000000 0.000000 0.378986 0.000000 0.000000
 0.000000 0.000000 0.379494 0.000000 0.000000 0.000000 0.392752 0.000000 0.000000 0.227754 0.000000 0.000000 0.000000 0.000000 0.000000 0.000000 0.000000 0.000000 0.000000 0.000000
 0.422522 0.426577 0.000000 0.000000 0.000000 0.000000 0.000000 0.000000 0.000000 0.000000 0.072954 0.077944 0.000002 0.000000 0.000000 0.000000 0.000000 0.000000 0.000000 0.000000
 0.000000 0.000000 0.384846 0.389361 0.000000 0.000000 0.000000 0.225788 0.000000 0.000000 0.000000 0.000000 0.000000 0.000000 0.000000 0.000005 0.000000 0.000000 0.000000 0.000000
 0.000000 0.443386 0.000000 0.000000 0.000000 0.000000 0.000000 0.000000 0.076432 0.000000 0.000000 0.000000 0.000000 0.000000 0.000000 0.033289 0.000000 0.000000 0.446893 0.000000
 0.000000 0.000000 0.000000 0.454190 0.000000 0.000000 0.000000 0.000000 0.083265 0.000000 0.000000 0.000000 0.455697 0.000000 0.000000 0.006849 0.000000 0.000000 0.000000 0.000000
 0.000000 0.000000 0.000000 0.094637 0.000000 0.000000 0.000000 0.000000 0.000002 0.000000 0.000000 0.453050 0.000000 0.000000 0.000000 0.452311 0.000000 0.000000 0.000000 0.000000
 0.000000 0.000000 0.000000 0.000000 0.000089 0.499947 0.000000 0.000000 0.000000 0.000000 0.000000 0.000000 0.000000 0.000000 0.000000 0.000000 0.499948 0.000000 0.000016 0.000000
 0.000000 0.000000 0.000000 0.000000 0.000000 0.000000 0.000000 0.000000 0.000000 0.000000 0.000000 0.000000 0.000000 0.000000 0.000000 0.000000 0.000000 0.500000 0.000000 0.500000
 0.000000 0.000000 0.000000 0.000000 0.000000 0.000000 0.000000 0.000000 0.000000 0.000006 0.033048 0.006668 0.442945 0.000000 0.000000 0.000000 0.000000 0.000000 0.443209 0.074125
 0.500000 0.000000 0.000000 0.000000 0.000000 0.000000 0.000000 0.000000 0.000000 0.000000 0.000000 0.000000 0.000000 0.500000 0.000000 0.000000 0.000000 0.000000 0.000000 0.000000
 0.000000 0.000000 0.235343 0.000000 0.000000 0.000000 0.378754 0.000000 0.000000 0.000000 0.000000 0.000000 0.000000 0.000000 0.385902 0.000000 0.000000 0.000000 0.000000 0.000000
 0.000000 0.000000 0.000000 0.000000 0.094913 0.000000 0.000000 0.000000 0.000000 0.000000 0.452761 0.000000 0.000000 0.000015 0.000000 0.452311 0.000000 0.000000 0.000000 0.000000
 0.000000 0.000000 0.000000 0.000000 0.461045 0.000000 0.000000 0.000000 0.000000 0.000000 0.000000 0.000000 0.000000 0.000000 0.461801 0.077154 0.000000 0.000000 0.000000 0.000000
the mean of prob-rank is 1.4736842105263157
the number of false negetive edges is 0
the number of probability greater than 0 is 3.5/edge
