20
 0.000000 0.000000 0.000000 0.000001 0.075138 0.000000 0.000000 0.000000 0.000000 0.000000 0.000000 0.000000 0.440757 0.000000 0.000000 0.043967 0.000000 0.000000 0.000000 0.440138
 0.000000 0.000000 0.000000 0.000000 0.000000 0.000001 0.001286 0.492541 0.000000 0.008847 0.000000 0.000000 0.000000 0.000000 0.004646 0.000000 0.000000 0.492677 0.000000 0.000000
 0.000000 0.000000 0.000000 0.390542 0.000000 0.014602 0.000000 0.000000 0.000000 0.000000 0.381936 0.212920 0.000000 0.000000 0.000000 0.000000 0.000000 0.000000 0.000000 0.000000
 0.000001 0.000000 0.383191 0.000000 0.000000 0.051121 0.000000 0.000000 0.373079 0.000000 0.162594 0.019312 0.000000 0.000000 0.000000 0.000000 0.010124 0.000003 0.000000 0.000576
 0.078625 0.000000 0.000000 0.000000 0.000000 0.000000 0.000000 0.000000 0.000025 0.000000 0.000000 0.000000 0.000000 0.000000 0.000000 0.461210 0.000000 0.000000 0.000000 0.460140
 0.000000 0.000001 0.016422 0.058596 0.000000 0.000000 0.000000 0.000000 0.000000 0.009177 0.000000 0.440084 0.000000 0.000000 0.439272 0.000000 0.000000 0.036448 0.000000 0.000000
 0.000000 0.001277 0.000000 0.000000 0.000000 0.000000 0.000000 0.488965 0.000000 0.000000 0.000000 0.000000 0.489206 0.000000 0.000000 0.000000 0.000000 0.020552 0.000000 0.000000
 0.000000 0.456956 0.000000 0.000000 0.000000 0.000000 0.456856 0.000000 0.000000 0.085645 0.000000 0.000000 0.000000 0.000000 0.000000 0.000000 0.000000 0.000543 0.000000 0.000000
 0.000000 0.000000 0.000000 0.250549 0.000014 0.000000 0.000000 0.000000 0.000000 0.000000 0.000000 0.000000 0.000000 0.000000 0.000000 0.205177 0.227545 0.000000 0.230071 0.086644
 0.000000 0.007895 0.000000 0.000000 0.000000 0.009168 0.000000 0.082379 0.000000 0.000000 0.000000 0.022748 0.000000 0.000000 0.439650 0.000000 0.000000 0.438161 0.000000 0.000000
 0.000000 0.000000 0.295822 0.128350 0.000000 0.000000 0.000000 0.000000 0.000000 0.000000 0.000000 0.296521 0.000000 0.000000 0.000000 0.000000 0.279307 0.000000 0.000000 0.000000
 0.000000 0.000000 0.203734 0.018833 0.000000 0.374425 0.000000 0.000000 0.000000 0.019373 0.366322 0.000000 0.000000 0.000000 0.017314 0.000000 0.000000 0.000000 0.000000 0.000000
 0.500000 0.000000 0.000000 0.000000 0.000000 0.000000 0.500000 0.000000 0.000000 0.000000 0.000000 0.000000 0.000000 0.000000 0.000000 0.000000 0.000000 0.000000 0.000000 0.000000
 0.000000 0.000000 0.000000 0.000000 0.000000 0.000000 0.000000 0.000000 0.000000 0.000000 0.000000 0.000000 0.000000 0.000000 0.000000 0.000000 0.500001 0.000000 0.499999 0.000000
 0.000000 0.004592 0.000000 0.000000 0.000000 0.485996 0.000000 0.000000 0.000000 0.486894 0.000000 0.022514 0.000000 0.000000 0.000000 0.000000 0.000000 0.000003 0.000000 0.000000
 0.031168 0.000000 0.000000 0.000000 0.312456 0.000000 0.000000 0.000000 0.248633 0.000000 0.000000 0.000000 0.000000 0.000000 0.000000 0.000000 0.000000 0.000000 0.295521 0.112222
 0.000000 0.000000 0.000000 0.009317 0.000000 0.000000 0.000000 0.000000 0.311787 0.000000 0.325591 0.000000 0.000000 0.353304 0.000000 0.000000 0.000000 0.000000 0.000001 0.000000
 0.000000 0.471110 0.000000 0.000003 0.000000 0.039017 0.019792 0.000560 0.000000 0.469514 0.000000 0.000000 0.000000 0.000000 0.000003 0.000000 0.000000 0.000000 0.000000 0.000000
 0.000000 0.000000 0.000000 0.000000 0.000000 0.000000 0.000000 0.000000 0.314397 0.000000 0.000000 0.000000 0.000000 0.352349 0.000000 0.333253 0.000001 0.000000 0.000000 0.000000
 0.370817 0.000000 0.000000 0.000557 0.370476 0.000000 0.000000 0.000000 0.124781 0.000000 0.000000 0.000000 0.000000 0.000000 0.000000 0.133370 0.000000 0.000000 0.000000 0.000000
the mean of prob-rank is 1.5263157894736843
the number of false negetive edges is 0
the number of probability greater than 0 is 4.8/edge
