20
 0.000000 0.152191 0.000000 0.001190 0.200264 0.242432 0.000000 0.000000 0.000000 0.000000 0.000000 0.000000 0.163171 0.240752 0.000000 0.000000 0.000000 0.000000 0.000000 0.000000
 0.238505 0.000000 0.000000 0.000000 0.374096 0.000000 0.000000 0.000000 0.000000 0.000000 0.000000 0.000000 0.000000 0.387399 0.000000 0.000000 0.000000 0.000000 0.000000 0.000000
 0.000000 0.000000 0.000000 0.000000 0.000000 0.000000 0.000000 0.000000 0.000000 0.500000 0.500000 0.000000 0.000000 0.000000 0.000000 0.000000 0.000000 0.000000 0.000000 0.000000
 0.002409 0.000000 0.000000 0.000000 0.000000 0.000352 0.000000 0.000000 0.000000 0.000000 0.000000 0.000000 0.496829 0.000000 0.000000 0.000000 0.000000 0.000000 0.000000 0.500409
 0.293171 0.349459 0.000000 0.000000 0.000000 0.000000 0.000000 0.000000 0.000000 0.000000 0.000000 0.000000 0.000000 0.000000 0.000000 0.357370 0.000000 0.000000 0.000000 0.000000
 0.290439 0.000000 0.000000 0.000208 0.000000 0.000000 0.000000 0.000000 0.231670 0.000000 0.000000 0.000000 0.000000 0.199812 0.000000 0.000000 0.277871 0.000000 0.000000 0.000000
 0.000000 0.000000 0.000000 0.000000 0.000000 0.000000 0.000000 0.000000 0.000000 0.000000 0.000000 0.000000 0.460649 0.000000 0.461008 0.078343 0.000000 0.000000 0.000000 0.000000
 0.000000 0.000000 0.000000 0.000000 0.000000 0.000000 0.000000 0.000000 0.340998 0.356070 0.000000 0.000000 0.000000 0.000000 0.000000 0.000000 0.302931 0.000000 0.000000 0.000000
 0.000000 0.000000 0.000000 0.000000 0.000000 0.285505 0.000000 0.349523 0.000000 0.000000 0.000000 0.000000 0.000000 0.000000 0.000000 0.000000 0.364972 0.000000 0.000000 0.000000
 0.000000 0.000000 0.500001 0.000000 0.000000 0.000000 0.000000 0.499999 0.000000 0.000000 0.000000 0.000000 0.000000 0.000000 0.000000 0.000000 0.000000 0.000000 0.000000 0.000000
 0.000000 0.000000 0.499255 0.000000 0.000000 0.000000 0.000000 0.000000 0.000000 0.000000 0.000000 0.499249 0.000000 0.000000 0.000000 0.000000 0.000000 0.000000 0.000001 0.001495
 0.000000 0.000000 0.000000 0.000000 0.000000 0.000000 0.000000 0.000000 0.000000 0.000000 0.499825 0.000000 0.000000 0.000000 0.000344 0.000000 0.000000 0.000000 0.499831 0.000000
 0.244902 0.000000 0.000000 0.368366 0.000000 0.000000 0.370575 0.000000 0.000000 0.000000 0.000000 0.000000 0.000000 0.000000 0.016157 0.000000 0.000000 0.000000 0.000000 0.000000
 0.367707 0.377558 0.000000 0.000000 0.000000 0.254736 0.000000 0.000000 0.000000 0.000000 0.000000 0.000000 0.000000 0.000000 0.000000 0.000000 0.000000 0.000000 0.000000 0.000000
 0.000000 0.000000 0.000000 0.000000 0.000000 0.000000 0.489914 0.000000 0.000000 0.000000 0.000000 0.000337 0.021344 0.000000 0.000000 0.488405 0.000000 0.000000 0.000000 0.000000
 0.000000 0.000000 0.000000 0.000000 0.458485 0.000000 0.078865 0.000000 0.000000 0.000000 0.000000 0.000000 0.000000 0.000000 0.462650 0.000000 0.000000 0.000000 0.000000 0.000000
 0.000000 0.000000 0.000000 0.000000 0.000000 0.336414 0.000000 0.305038 0.358548 0.000000 0.000000 0.000000 0.000000 0.000000 0.000000 0.000000 0.000000 0.000000 0.000000 0.000000
 0.000000 0.000000 0.000000 0.000000 0.000000 0.000000 0.000000 0.000000 0.000000 0.000000 0.000000 0.000000 0.000000 0.000000 0.000000 0.000000 0.000000 0.000000 0.500000 0.500000
 0.000000 0.000000 0.000000 0.000000 0.000000 0.000000 0.000000 0.000000 0.000000 0.000000 0.000001 0.500000 0.000000 0.000000 0.000000 0.000000 0.000000 0.499999 0.000000 0.000000
 0.000000 0.000000 0.000000 0.499251 0.000000 0.000000 0.000000 0.000000 0.000000 0.000000 0.001495 0.000000 0.000000 0.000000 0.000000 0.000000 0.000000 0.499254 0.000000 0.000000
the mean of prob-rank is 1.5263157894736843
the number of false negetive edges is 0
the number of probability greater than 0 is 3.3/edge
