20
 0.000000 0.216730 0.000000 0.000000 0.000000 0.005505 0.000019 0.000000 0.000000 0.000000 0.194683 0.133042 0.000000 0.000000 0.000000 0.189320 0.260700 0.000000 0.000000 0.000000
 0.263740 0.000000 0.000000 0.000000 0.000000 0.317039 0.000000 0.000000 0.000000 0.000000 0.184117 0.000000 0.000000 0.000000 0.000000 0.011087 0.224017 0.000000 0.000000 0.000000
 0.000000 0.000000 0.000000 0.000000 0.031249 0.000000 0.000000 0.000000 0.000000 0.000000 0.000000 0.000000 0.463488 0.000000 0.000000 0.041374 0.000000 0.000000 0.463889 0.000000
 0.000000 0.000000 0.000000 0.000000 0.000000 0.000000 0.000000 0.000000 0.065953 0.000000 0.000000 0.000000 0.465211 0.000000 0.466853 0.001069 0.000000 0.000000 0.000914 0.000000
 0.000000 0.000000 0.032556 0.000000 0.000000 0.000000 0.000000 0.000000 0.000000 0.000000 0.000000 0.000000 0.000000 0.000000 0.000000 0.000000 0.000000 0.000000 0.483611 0.483833
 0.010415 0.492846 0.000000 0.000000 0.000000 0.000000 0.000000 0.000000 0.000000 0.000000 0.002688 0.000000 0.000000 0.000000 0.000000 0.492998 0.001055 0.000000 0.000000 0.000000
 0.000037 0.000000 0.000000 0.000000 0.000000 0.000000 0.000000 0.000000 0.000000 0.497608 0.000000 0.497620 0.000000 0.004735 0.000000 0.000000 0.000000 0.000000 0.000000 0.000000
 0.000000 0.000000 0.000000 0.000000 0.000000 0.000000 0.000000 0.000000 0.000000 0.000000 0.499999 0.000000 0.000000 0.000000 0.000000 0.000000 0.000000 0.500001 0.000000 0.000000
 0.000000 0.000000 0.000000 0.052419 0.000000 0.000000 0.000000 0.000000 0.000000 0.370448 0.000000 0.171589 0.000000 0.370320 0.000000 0.035224 0.000000 0.000000 0.000000 0.000000
 0.000000 0.000000 0.000000 0.000000 0.000000 0.000000 0.417456 0.000000 0.416785 0.000000 0.000000 0.000000 0.000000 0.165759 0.000000 0.000000 0.000000 0.000000 0.000000 0.000000
 0.228057 0.177236 0.000000 0.000000 0.000000 0.001664 0.000000 0.305411 0.000000 0.000000 0.000000 0.000000 0.000000 0.000000 0.000000 0.287631 0.000000 0.000000 0.000000 0.000000
 0.173607 0.000000 0.000000 0.000000 0.000000 0.000000 0.340214 0.000000 0.157328 0.000000 0.000000 0.000000 0.000000 0.000000 0.000000 0.000042 0.328809 0.000000 0.000000 0.000000
 0.000000 0.000000 0.461838 0.461127 0.000000 0.000000 0.000000 0.000000 0.000000 0.000000 0.000000 0.000000 0.000000 0.000000 0.000000 0.000243 0.000000 0.000000 0.076792 0.000000
 0.000000 0.000000 0.000000 0.000000 0.000000 0.000000 0.003957 0.000000 0.415048 0.165125 0.000000 0.000000 0.000000 0.000000 0.415869 0.000000 0.000000 0.000000 0.000000 0.000000
 0.000000 0.000000 0.000000 0.500001 0.000000 0.000000 0.000000 0.000000 0.000000 0.000000 0.000000 0.000000 0.000000 0.499999 0.000000 0.000000 0.000000 0.000000 0.000000 0.000000
 0.216743 0.010431 0.026592 0.000684 0.000000 0.298358 0.000000 0.000000 0.028335 0.000000 0.281106 0.000037 0.000157 0.000000 0.000000 0.000000 0.137557 0.000000 0.000000 0.000000
 0.318908 0.225190 0.000000 0.000000 0.000000 0.000682 0.000000 0.000000 0.000000 0.000000 0.000000 0.308239 0.000000 0.000000 0.000000 0.146981 0.000000 0.000000 0.000000 0.000000
 0.000000 0.000000 0.000000 0.000000 0.000000 0.000000 0.000000 0.500000 0.000000 0.000000 0.000000 0.000000 0.000000 0.000000 0.000000 0.000000 0.000000 0.000000 0.000000 0.500000
 0.000000 0.000000 0.461095 0.000904 0.461399 0.000000 0.000000 0.000000 0.000000 0.000000 0.000000 0.000000 0.076602 0.000000 0.000000 0.000000 0.000000 0.000000 0.000000 0.000000
 0.000000 0.000000 0.000000 0.000000 0.500000 0.000000 0.000000 0.000000 0.000000 0.000000 0.000000 0.000000 0.000000 0.000000 0.000000 0.000000 0.000000 0.500000 0.000000 0.000000
the mean of prob-rank is 1.5789473684210527
the number of false negetive edges is 0
the number of probability greater than 0 is 4.3/edge
