20
 0.000000 0.000000 0.000000 0.000000 0.265111 0.000000 0.000717 0.057702 0.000000 0.014276 0.000000 0.000000 0.335323 0.000000 0.000000 0.000000 0.000000 0.000000 0.000000 0.326871
 0.000000 0.000000 0.000000 0.000000 0.000000 0.000387 0.000000 0.014579 0.000000 0.000000 0.472360 0.000000 0.000000 0.000000 0.000000 0.000000 0.043944 0.000000 0.468728 0.000000
 0.000000 0.000000 0.000000 0.000000 0.000000 0.000000 0.000000 0.000000 0.000000 0.000000 0.000000 0.499847 0.000000 0.000000 0.000000 0.499835 0.000319 0.000000 0.000000 0.000000
 0.000000 0.000000 0.000000 0.000000 0.000000 0.000000 0.478904 0.000000 0.479000 0.000000 0.000000 0.000000 0.000000 0.000000 0.000000 0.000000 0.000000 0.042096 0.000000 0.000000
 0.279226 0.000000 0.000000 0.000000 0.000000 0.000000 0.012537 0.000000 0.000000 0.347573 0.000000 0.000000 0.008107 0.000000 0.000000 0.000000 0.000000 0.352557 0.000000 0.000000
 0.000000 0.000410 0.000000 0.000000 0.000000 0.000000 0.000000 0.000000 0.000000 0.000000 0.000389 0.000000 0.000000 0.499783 0.000000 0.000002 0.499416 0.000000 0.000000 0.000000
 0.001045 0.000000 0.000000 0.488911 0.017359 0.000000 0.000000 0.000000 0.000000 0.000000 0.000000 0.000000 0.003706 0.000000 0.000000 0.000000 0.000000 0.488979 0.000000 0.000000
 0.057521 0.010317 0.000000 0.000000 0.000000 0.000000 0.000000 0.000000 0.000000 0.274457 0.294404 0.000000 0.332289 0.000000 0.000000 0.000000 0.000000 0.000000 0.000000 0.031012
 0.000000 0.000000 0.000000 0.499995 0.000000 0.000000 0.000000 0.000000 0.000000 0.000000 0.000000 0.000000 0.000000 0.499996 0.000000 0.000000 0.000000 0.000009 0.000000 0.000000
 0.014861 0.000000 0.000000 0.000000 0.343517 0.000000 0.000000 0.286598 0.000000 0.000000 0.000000 0.000000 0.005969 0.000000 0.000000 0.000000 0.000000 0.000000 0.000000 0.349056
 0.000000 0.362763 0.000000 0.000000 0.000000 0.000283 0.000000 0.319499 0.000000 0.000000 0.000000 0.000000 0.000001 0.000000 0.000000 0.000000 0.000002 0.000000 0.317454 0.000000
 0.000000 0.000000 0.475012 0.000000 0.000000 0.000000 0.000000 0.000000 0.000000 0.000000 0.000000 0.000000 0.000000 0.000000 0.474896 0.000000 0.000000 0.000000 0.050092 0.000000
 0.489126 0.000000 0.000000 0.000000 0.011227 0.000000 0.003707 0.486228 0.000000 0.008365 0.000001 0.000000 0.000000 0.000000 0.000000 0.000000 0.000000 0.000000 0.000000 0.001347
 0.000000 0.000000 0.000000 0.000000 0.000000 0.500000 0.000000 0.000000 0.500000 0.000000 0.000000 0.000000 0.000000 0.000000 0.000000 0.000000 0.000000 0.000000 0.000000 0.000000
 0.000000 0.000000 0.000000 0.000000 0.000000 0.000000 0.000000 0.000000 0.000000 0.000000 0.000000 0.467180 0.000000 0.000000 0.000000 0.000000 0.000000 0.000000 0.467295 0.065525
 0.000000 0.000000 0.499993 0.000000 0.000000 0.000002 0.000000 0.000000 0.000000 0.000000 0.000000 0.000000 0.000000 0.000000 0.000000 0.000000 0.500005 0.000000 0.000000 0.000000
 0.000000 0.044450 0.000305 0.000000 0.000000 0.477446 0.000000 0.000000 0.000000 0.000000 0.000002 0.000000 0.000000 0.000000 0.000000 0.477797 0.000000 0.000000 0.000000 0.000000
 0.000000 0.000000 0.000000 0.042128 0.478525 0.000000 0.479338 0.000000 0.000008 0.000000 0.000000 0.000000 0.000000 0.000000 0.000000 0.000000 0.000000 0.000000 0.000000 0.000000
 0.000000 0.333789 0.000000 0.000000 0.000000 0.000000 0.000000 0.000000 0.000000 0.000000 0.294362 0.035472 0.000000 0.000000 0.336376 0.000000 0.000000 0.000000 0.000000 0.000000
 0.440974 0.000000 0.000000 0.000000 0.000000 0.000000 0.000000 0.041969 0.000000 0.452377 0.000000 0.000000 0.001246 0.000000 0.063433 0.000000 0.000000 0.000000 0.000000 0.000000
the mean of prob-rank is 1.4736842105263157
the number of false negetive edges is 0
the number of probability greater than 0 is 4.3/edge
