20
 0.000000 0.000000 0.000000 0.000658 0.000000 0.000000 0.000000 0.499575 0.000000 0.000000 0.000000 0.000000 0.000003 0.000056 0.000000 0.000000 0.000000 0.000000 0.499708 0.000000
 0.000000 0.000000 0.000000 0.422910 0.000000 0.150108 0.426982 0.000000 0.000000 0.000000 0.000000 0.000000 0.000000 0.000000 0.000000 0.000000 0.000000 0.000000 0.000000 0.000000
 0.000000 0.000000 0.000000 0.000000 0.319717 0.118900 0.000000 0.000000 0.000000 0.000000 0.007552 0.000000 0.005667 0.000000 0.000000 0.000000 0.276767 0.000000 0.000000 0.271397
 0.000510 0.383782 0.000000 0.000000 0.000000 0.000000 0.227643 0.000000 0.000000 0.000000 0.000000 0.000000 0.000584 0.387481 0.000000 0.000000 0.000000 0.000000 0.000000 0.000000
 0.000000 0.000000 0.475161 0.000000 0.000000 0.000000 0.000000 0.000000 0.000000 0.000000 0.002696 0.000000 0.000000 0.000000 0.475419 0.044903 0.000000 0.001815 0.000000 0.000006
 0.000000 0.107580 0.113742 0.000000 0.000000 0.000000 0.299818 0.000000 0.000000 0.000000 0.000000 0.301708 0.003892 0.000000 0.000000 0.000000 0.161239 0.012021 0.000000 0.000000
 0.000000 0.389520 0.000000 0.228843 0.000000 0.381637 0.000000 0.000000 0.000000 0.000000 0.000000 0.000000 0.000000 0.000000 0.000000 0.000000 0.000000 0.000000 0.000000 0.000000
 0.487066 0.000000 0.000000 0.000000 0.000000 0.000000 0.000000 0.000000 0.000000 0.000000 0.000000 0.000000 0.487195 0.025739 0.000000 0.000000 0.000000 0.000000 0.000000 0.000000
 0.000000 0.000000 0.000000 0.000000 0.000000 0.000000 0.000000 0.000000 0.000000 0.500000 0.000000 0.000000 0.000000 0.000000 0.500000 0.000000 0.000000 0.000000 0.000000 0.000000
 0.000000 0.000000 0.000000 0.000000 0.000000 0.000000 0.000000 0.000000 0.500000 0.000000 0.000000 0.000000 0.000000 0.000000 0.000000 0.000000 0.000000 0.000000 0.500000 0.000000
 0.000000 0.000000 0.009486 0.000000 0.002279 0.000000 0.000000 0.000000 0.000000 0.000000 0.000000 0.012186 0.000000 0.000000 0.000000 0.401552 0.177003 0.000000 0.000000 0.397495
 0.000000 0.000000 0.000000 0.000000 0.000000 0.336344 0.000000 0.000000 0.000000 0.000000 0.010346 0.000000 0.000000 0.000000 0.000000 0.007797 0.304368 0.341145 0.000000 0.000000
 0.000003 0.000000 0.008727 0.000742 0.000000 0.006266 0.000000 0.492641 0.000000 0.000000 0.000000 0.000000 0.000000 0.491620 0.000000 0.000000 0.000000 0.000000 0.000000 0.000000
 0.000054 0.000000 0.000000 0.487597 0.000000 0.000000 0.000000 0.025760 0.000000 0.000000 0.000000 0.000000 0.486588 0.000000 0.000000 0.000000 0.000000 0.000000 0.000000 0.000000
 0.000000 0.000000 0.000000 0.000000 0.500000 0.000000 0.000000 0.000000 0.500000 0.000000 0.000000 0.000000 0.000000 0.000000 0.000000 0.000000 0.000000 0.000000 0.000000 0.000000
 0.000000 0.000000 0.000000 0.000000 0.035521 0.000000 0.000000 0.000000 0.000000 0.000000 0.375843 0.008596 0.000000 0.000000 0.000000 0.000000 0.198344 0.376017 0.000000 0.005679
 0.000000 0.000000 0.204560 0.000000 0.000000 0.124577 0.000000 0.000000 0.000000 0.000000 0.104153 0.210945 0.000000 0.000000 0.000000 0.124695 0.000000 0.000007 0.000000 0.231063
 0.000000 0.000000 0.000000 0.000000 0.001869 0.019229 0.000000 0.000000 0.000000 0.000000 0.000000 0.489485 0.000000 0.000000 0.000000 0.489404 0.000014 0.000000 0.000000 0.000000
 0.500000 0.000000 0.000000 0.000000 0.000000 0.000000 0.000000 0.000000 0.000000 0.500000 0.000000 0.000000 0.000000 0.000000 0.000000 0.000000 0.000000 0.000000 0.000000 0.000000
 0.000000 0.000000 0.299782 0.000000 0.000005 0.000000 0.000000 0.000000 0.000000 0.000000 0.349557 0.000000 0.000000 0.000000 0.000000 0.005336 0.345321 0.000000 0.000000 0.000000
the mean of prob-rank is 1.631578947368421
the number of false negetive edges is 0
the number of probability greater than 0 is 4.5/edge
