20
 0.000000 0.000000 0.250491 0.000000 0.000000 0.064526 0.134179 0.275457 0.000000 0.000000 0.000000 0.000000 0.000000 0.000001 0.000000 0.000001 0.244676 0.000000 0.030670 0.000000
 0.000000 0.000000 0.000000 0.000000 0.000000 0.000000 0.000000 0.000000 0.000005 0.000000 0.499986 0.000000 0.000000 0.000000 0.000033 0.000000 0.000000 0.499975 0.000000 0.000000
 0.309330 0.000000 0.000000 0.000000 0.000000 0.000000 0.340284 0.023959 0.000000 0.000000 0.000872 0.000000 0.000000 0.219578 0.000000 0.000000 0.090164 0.000000 0.015802 0.000011
 0.000000 0.000000 0.000000 0.000000 0.000000 0.003977 0.000000 0.000000 0.000014 0.000000 0.000000 0.379901 0.220497 0.000000 0.000000 0.384905 0.000000 0.010703 0.000002 0.000000
 0.000000 0.000000 0.000000 0.000000 0.000000 0.000000 0.000000 0.000000 0.000000 0.500001 0.000000 0.000000 0.000000 0.000000 0.000000 0.000000 0.000000 0.000000 0.000000 0.499999
 0.084962 0.000000 0.000000 0.003750 0.000000 0.000000 0.000000 0.006313 0.000000 0.000000 0.009435 0.000000 0.000000 0.000000 0.000000 0.192864 0.339631 0.000232 0.362813 0.000000
 0.144210 0.000000 0.296157 0.000000 0.000000 0.000000 0.000000 0.118270 0.000000 0.000000 0.139689 0.000000 0.000000 0.000000 0.000000 0.000000 0.289572 0.000000 0.012101 0.000000
 0.392859 0.000000 0.027671 0.000000 0.000000 0.006838 0.156945 0.000000 0.000000 0.000000 0.000000 0.000000 0.000000 0.388697 0.000000 0.000325 0.025337 0.000000 0.001327 0.000002
 0.000000 0.000005 0.000000 0.000018 0.000000 0.000000 0.000000 0.000000 0.000000 0.000000 0.000000 0.500012 0.000000 0.000000 0.499905 0.000000 0.000000 0.000060 0.000000 0.000000
 0.000000 0.000000 0.000000 0.000000 0.500019 0.000000 0.000000 0.000000 0.000000 0.000000 0.000000 0.000000 0.499981 0.000000 0.000000 0.000000 0.000000 0.000000 0.000000 0.000000
 0.000000 0.406168 0.001041 0.000000 0.000000 0.010561 0.191563 0.000000 0.000000 0.000000 0.000000 0.000000 0.000000 0.000000 0.000000 0.000000 0.000000 0.000000 0.390667 0.000000
 0.000000 0.000000 0.000000 0.375872 0.000000 0.000000 0.000000 0.000000 0.380823 0.000000 0.000000 0.000000 0.098396 0.000000 0.017828 0.115262 0.000000 0.011820 0.000000 0.000000
 0.000000 0.000000 0.000000 0.198206 0.000000 0.000000 0.000000 0.000000 0.000000 0.345968 0.000000 0.089397 0.000000 0.000000 0.000000 0.334391 0.000000 0.000000 0.000000 0.032038
 0.000001 0.000000 0.244970 0.000000 0.000000 0.000000 0.000000 0.375475 0.000000 0.000000 0.000000 0.000000 0.000000 0.000000 0.000000 0.000000 0.000000 0.000000 0.000000 0.379553
 0.000000 0.000033 0.000000 0.000000 0.000000 0.000000 0.000000 0.000000 0.488499 0.000000 0.000000 0.022873 0.000000 0.000000 0.000000 0.000000 0.000000 0.488595 0.000000 0.000000
 0.000001 0.000000 0.000000 0.349666 0.000000 0.185854 0.000000 0.000289 0.000000 0.000000 0.000000 0.105832 0.337940 0.000000 0.000000 0.000000 0.000277 0.000001 0.020139 0.000000
 0.230371 0.000000 0.068744 0.000000 0.000000 0.242860 0.253678 0.016726 0.000000 0.000000 0.000000 0.000000 0.000000 0.000000 0.000000 0.000206 0.000000 0.000000 0.187414 0.000000
 0.000000 0.484214 0.000000 0.013464 0.000000 0.000310 0.000000 0.000000 0.000058 0.000000 0.000000 0.015029 0.000000 0.000000 0.484217 0.000001 0.000000 0.000000 0.002706 0.000000
 0.037736 0.000000 0.015744 0.000001 0.000000 0.339040 0.013854 0.001145 0.000000 0.000000 0.326138 0.000000 0.000000 0.000000 0.000000 0.019529 0.244917 0.001895 0.000000 0.000000
 0.000000 0.000000 0.000016 0.000000 0.477932 0.000000 0.000000 0.000002 0.000000 0.000000 0.000000 0.000000 0.044256 0.477795 0.000000 0.000000 0.000000 0.000000 0.000000 0.000000
the mean of prob-rank is 1.5789473684210527
the number of false negetive edges is 0
the number of probability greater than 0 is 5.95/edge
