20
 0.000000 0.000000 0.000000 0.000000 0.000000 0.000000 0.000000 0.000001 0.000000 0.000000 0.000000 0.500039 0.000000 0.000000 0.000000 0.000000 0.000000 0.000000 0.000000 0.499960
 0.000000 0.000000 0.000000 0.000000 0.011576 0.494202 0.000000 0.000000 0.000000 0.000000 0.000000 0.000000 0.000000 0.000000 0.494222 0.000000 0.000000 0.000000 0.000000 0.000000
 0.000000 0.000000 0.000000 0.000000 0.000000 0.000000 0.000000 0.000000 0.000000 0.000000 0.000000 0.000000 0.000000 0.500000 0.000000 0.000000 0.000000 0.500000 0.000000 0.000000
 0.000000 0.000000 0.000000 0.000000 0.000004 0.191167 0.285078 0.000000 0.300490 0.000000 0.000000 0.000000 0.000000 0.000000 0.000000 0.000088 0.000000 0.000000 0.223173 0.000000
 0.000000 0.006938 0.000000 0.000004 0.000000 0.276006 0.159967 0.000000 0.000005 0.000000 0.000000 0.000000 0.000000 0.000000 0.000000 0.296157 0.000000 0.000000 0.260923 0.000000
 0.000000 0.277268 0.000000 0.169612 0.258362 0.000000 0.000000 0.000000 0.000000 0.000000 0.000000 0.000000 0.000000 0.000000 0.000000 0.054985 0.000000 0.000000 0.239773 0.000000
 0.000000 0.000000 0.000000 0.223780 0.132482 0.000000 0.000000 0.000000 0.213849 0.000000 0.000000 0.000000 0.000000 0.000000 0.000000 0.214860 0.000000 0.000000 0.215030 0.000000
 0.000001 0.000000 0.000000 0.000000 0.000000 0.000000 0.000000 0.000000 0.000000 0.000000 0.000000 0.000000 0.500004 0.000000 0.000000 0.000000 0.000000 0.000000 0.000000 0.499994
 0.000000 0.000000 0.000000 0.338986 0.000006 0.000000 0.307328 0.000000 0.000000 0.352520 0.001015 0.000000 0.000000 0.000000 0.000000 0.000145 0.000000 0.000000 0.000000 0.000000
 0.000000 0.000000 0.000000 0.000000 0.000000 0.000000 0.000000 0.000000 0.499933 0.000000 0.000014 0.000000 0.000000 0.000068 0.000000 0.000000 0.499984 0.000000 0.000000 0.000000
 0.000000 0.000000 0.000000 0.000000 0.000000 0.000000 0.000000 0.000000 0.001438 0.000014 0.000000 0.000000 0.000000 0.499274 0.000000 0.000000 0.499274 0.000000 0.000000 0.000000
 0.497430 0.000000 0.000000 0.000000 0.000000 0.000000 0.000000 0.000000 0.000000 0.000000 0.000000 0.000000 0.000000 0.000000 0.497421 0.000000 0.000000 0.000000 0.000000 0.005150
 0.000000 0.000000 0.000000 0.000000 0.000000 0.000000 0.000000 0.500000 0.000000 0.000000 0.000000 0.000000 0.000000 0.000000 0.000000 0.000000 0.000000 0.500000 0.000000 0.000000
 0.000000 0.000000 0.499966 0.000000 0.000000 0.000000 0.000000 0.000000 0.000000 0.000068 0.499965 0.000000 0.000000 0.000000 0.000000 0.000000 0.000001 0.000000 0.000000 0.000000
 0.000000 0.499753 0.000000 0.000000 0.000000 0.000000 0.000000 0.000000 0.000000 0.000000 0.000000 0.499746 0.000000 0.000000 0.000000 0.000000 0.000000 0.000000 0.000000 0.000502
 0.000000 0.000000 0.000000 0.000095 0.338985 0.067235 0.296953 0.000000 0.000139 0.000000 0.000000 0.000000 0.000000 0.000000 0.000000 0.000000 0.000000 0.000000 0.296593 0.000000
 0.000000 0.000000 0.000000 0.000000 0.000000 0.000000 0.000000 0.000000 0.000000 0.500000 0.499999 0.000000 0.000000 0.000001 0.000000 0.000000 0.000000 0.000000 0.000000 0.000000
 0.000000 0.000000 0.500000 0.000000 0.000000 0.000000 0.000000 0.000000 0.000000 0.000000 0.000000 0.000000 0.500000 0.000000 0.000000 0.000000 0.000000 0.000000 0.000000 0.000000
 0.000000 0.000000 0.000000 0.169583 0.209179 0.205351 0.208152 0.000000 0.000000 0.000000 0.000000 0.000000 0.000000 0.000000 0.000000 0.207736 0.000000 0.000000 0.000000 0.000000
 0.497142 0.000000 0.000000 0.000000 0.000000 0.000000 0.000000 0.497211 0.000000 0.000000 0.000000 0.005147 0.000000 0.000000 0.000499 0.000000 0.000000 0.000000 0.000000 0.000000
the mean of prob-rank is 1.5263157894736843
the number of false negetive edges is 0
the number of probability greater than 0 is 3.9/edge
