20
 0.000000 0.000000 0.000000 0.248725 0.000000 0.000000 0.001718 0.122489 0.229006 0.000000 0.161616 0.000000 0.000000 0.000000 0.000000 0.236447 0.000000 0.000000 0.000000 0.000000
 0.000000 0.000000 0.000000 0.000000 0.499929 0.000000 0.000000 0.000000 0.000000 0.000000 0.000000 0.000000 0.000000 0.000000 0.000000 0.000000 0.500071 0.000000 0.000000 0.000000
 0.000000 0.000000 0.000000 0.000000 0.000000 0.000000 0.000000 0.000000 0.000000 0.000000 0.000000 0.000000 0.000000 0.000000 0.500000 0.000000 0.000000 0.000000 0.500000 0.000000
 0.274523 0.000000 0.000000 0.000000 0.000000 0.000000 0.232390 0.267443 0.001773 0.000000 0.088218 0.000000 0.000000 0.000000 0.000000 0.135654 0.000000 0.000000 0.000000 0.000000
 0.000000 0.499537 0.000000 0.000000 0.000000 0.000000 0.000000 0.000000 0.000000 0.000000 0.000000 0.499680 0.000000 0.000000 0.000000 0.000000 0.000000 0.000000 0.000000 0.000783
 0.000000 0.000000 0.000000 0.000000 0.000000 0.000000 0.000000 0.000000 0.000000 0.500000 0.000000 0.000000 0.000000 0.000000 0.500000 0.000000 0.000000 0.000000 0.000000 0.000000
 0.002001 0.000000 0.000000 0.245353 0.000000 0.000000 0.000000 0.000000 0.235616 0.000000 0.000000 0.000000 0.000000 0.000000 0.000000 0.224476 0.000000 0.000000 0.292554 0.000000
 0.151606 0.000000 0.000000 0.299911 0.000000 0.000000 0.000000 0.000000 0.000002 0.000000 0.310737 0.237743 0.000000 0.000000 0.000000 0.000000 0.000000 0.000000 0.000000 0.000000
 0.272540 0.000000 0.000000 0.001912 0.000000 0.000000 0.240632 0.000002 0.000000 0.000000 0.004752 0.000000 0.000000 0.088918 0.000000 0.298504 0.000000 0.000000 0.000000 0.092738
 0.000000 0.000000 0.000000 0.000000 0.000000 0.500000 0.000000 0.000000 0.000000 0.000000 0.000000 0.000000 0.500000 0.000000 0.000000 0.000000 0.000000 0.000000 0.000000 0.000000
 0.218278 0.000000 0.000000 0.107950 0.000000 0.000000 0.000000 0.339076 0.005393 0.000000 0.000000 0.329303 0.000000 0.000000 0.000000 0.000000 0.000000 0.000000 0.000000 0.000000
 0.000000 0.000000 0.000000 0.000000 0.365461 0.000000 0.000000 0.279612 0.000000 0.000000 0.354927 0.000000 0.000000 0.000000 0.000000 0.000000 0.000000 0.000000 0.000000 0.000000
 0.000000 0.000000 0.000000 0.000000 0.000000 0.000000 0.000000 0.000000 0.000000 0.462657 0.000000 0.000000 0.000000 0.074824 0.000000 0.000000 0.000000 0.462518 0.000000 0.000000
 0.000000 0.000000 0.000000 0.000000 0.000000 0.000000 0.000000 0.000000 0.121334 0.000000 0.000000 0.000000 0.065938 0.000000 0.000000 0.000000 0.000000 0.407708 0.000000 0.405020
 0.000000 0.000000 0.500000 0.000000 0.000000 0.500000 0.000000 0.000000 0.000000 0.000000 0.000000 0.000000 0.000000 0.000000 0.000000 0.000000 0.000000 0.000000 0.000000 0.000000
 0.294524 0.000000 0.000000 0.153095 0.000000 0.000000 0.239951 0.000000 0.312431 0.000000 0.000000 0.000000 0.000000 0.000000 0.000000 0.000000 0.000000 0.000000 0.000000 0.000000
 0.000000 0.500000 0.000000 0.000000 0.000000 0.000000 0.000000 0.000000 0.000000 0.000000 0.000000 0.000000 0.000000 0.000000 0.000000 0.000000 0.000000 0.000000 0.000000 0.500000
 0.000000 0.000000 0.000000 0.000000 0.000000 0.000000 0.000000 0.000000 0.000000 0.000000 0.000000 0.000000 0.499924 0.500074 0.000000 0.000000 0.000000 0.000000 0.000000 0.000003
 0.000000 0.000000 0.500000 0.000000 0.000000 0.000000 0.500000 0.000000 0.000000 0.000000 0.000000 0.000000 0.000000 0.000000 0.000000 0.000000 0.000000 0.000000 0.000000 0.000000
 0.000000 0.000000 0.000000 0.000000 0.000680 0.000000 0.000000 0.000000 0.134637 0.000000 0.000000 0.000000 0.000000 0.430911 0.000000 0.000000 0.433770 0.000002 0.000000 0.000000
the mean of prob-rank is 1.7894736842105263
the number of false negetive edges is 0
the number of probability greater than 0 is 3.7/edge
