20
 0.000000 0.000000 0.000000 0.386556 0.371097 0.242347 0.000000 0.000000 0.000000 0.000000 0.000000 0.000000 0.000000 0.000000 0.000000 0.000000 0.000000 0.000000 0.000000 0.000000
 0.000000 0.000000 0.000000 0.000000 0.000000 0.000000 0.000014 0.000000 0.000784 0.274240 0.280963 0.000000 0.218366 0.000000 0.000000 0.000008 0.000000 0.000000 0.225625 0.000000
 0.000000 0.000000 0.000000 0.000000 0.000000 0.000000 0.000000 0.497200 0.000000 0.000000 0.000000 0.000000 0.000000 0.000000 0.000000 0.497919 0.000000 0.004881 0.000000 0.000000
 0.499995 0.000000 0.000000 0.000000 0.000000 0.000000 0.000000 0.000000 0.000000 0.000000 0.000000 0.000000 0.000000 0.000000 0.000000 0.000000 0.000000 0.000000 0.000000 0.500005
 0.336376 0.000000 0.000000 0.000000 0.000000 0.307212 0.000000 0.000000 0.000000 0.000000 0.000000 0.031973 0.000000 0.000000 0.000000 0.000000 0.324439 0.000000 0.000000 0.000000
 0.146935 0.000000 0.000000 0.000000 0.205489 0.000000 0.218284 0.000000 0.072148 0.002538 0.000000 0.000000 0.000000 0.165360 0.000000 0.000000 0.183578 0.000000 0.005669 0.000000
 0.000000 0.000011 0.000000 0.000000 0.000000 0.217415 0.000000 0.000000 0.233441 0.178823 0.000000 0.000000 0.141915 0.000205 0.149044 0.000000 0.000000 0.079147 0.000000 0.000000
 0.000000 0.000000 0.389120 0.000000 0.000000 0.000000 0.000000 0.000000 0.000000 0.000000 0.000000 0.000000 0.000000 0.000000 0.230701 0.000000 0.000000 0.380179 0.000000 0.000000
 0.000000 0.000827 0.000000 0.000000 0.000000 0.092067 0.299081 0.000000 0.000000 0.274984 0.000000 0.000000 0.205741 0.000001 0.052960 0.000000 0.000000 0.074339 0.000000 0.000000
 0.000000 0.264913 0.000000 0.000000 0.000000 0.002964 0.209714 0.000000 0.251709 0.000000 0.000000 0.000000 0.270700 0.000000 0.000000 0.000000 0.000000 0.000000 0.000000 0.000000
 0.000000 0.359723 0.000000 0.000000 0.000000 0.000000 0.000000 0.000000 0.000000 0.000000 0.000000 0.362771 0.000000 0.000000 0.000000 0.277369 0.000000 0.000000 0.000137 0.000000
 0.000000 0.000000 0.000000 0.000000 0.043655 0.000000 0.000000 0.000000 0.000000 0.000000 0.478316 0.000000 0.000000 0.000000 0.000000 0.000000 0.000000 0.000000 0.478029 0.000000
 0.000000 0.190607 0.000000 0.000000 0.000000 0.000000 0.150388 0.000000 0.170175 0.244607 0.000000 0.000000 0.000000 0.000000 0.000000 0.243388 0.000000 0.000834 0.000000 0.000000
 0.000000 0.000000 0.000000 0.000000 0.000000 0.265439 0.000330 0.000000 0.000002 0.000000 0.000000 0.000000 0.000000 0.000000 0.358010 0.000000 0.000000 0.000000 0.000000 0.376220
 0.000000 0.000000 0.000000 0.000000 0.000000 0.000000 0.190081 0.176255 0.052718 0.000000 0.000000 0.000000 0.000000 0.283306 0.000000 0.000000 0.000000 0.297640 0.000000 0.000000
 0.000000 0.000011 0.363859 0.000000 0.000000 0.000000 0.000000 0.000000 0.000000 0.000000 0.278141 0.000000 0.357989 0.000000 0.000000 0.000000 0.000000 0.000000 0.000000 0.000000
 0.000000 0.000000 0.000000 0.000000 0.344001 0.291002 0.000000 0.000000 0.000000 0.000000 0.000000 0.000000 0.000000 0.000000 0.000000 0.000000 0.000000 0.000000 0.364997 0.000000
 0.000000 0.000000 0.003805 0.000000 0.000000 0.000000 0.131610 0.378711 0.096484 0.000000 0.000000 0.000000 0.001309 0.000000 0.388080 0.000000 0.000000 0.000000 0.000000 0.000000
 0.000000 0.284095 0.000000 0.000000 0.000000 0.008631 0.000000 0.000000 0.000000 0.000000 0.000134 0.356557 0.000000 0.000000 0.000000 0.000000 0.350583 0.000000 0.000000 0.000000
 0.000000 0.000000 0.000000 0.500000 0.000000 0.000000 0.000000 0.000000 0.000000 0.000000 0.000000 0.000000 0.000000 0.500000 0.000000 0.000000 0.000000 0.000000 0.000000 0.000000
the mean of prob-rank is 1.894736842105263
the number of false negetive edges is 0
the number of probability greater than 0 is 4.7/edge
