20
 0.000000 0.000000 0.488774 0.000000 0.000000 0.025542 0.000000 0.000001 0.000000 0.000000 0.000000 0.000000 0.000000 0.000000 0.000000 0.485682 0.000000 0.000000 0.000000 0.000000
 0.000000 0.000000 0.000000 0.000000 0.000000 0.000000 0.000000 0.000000 0.172389 0.000000 0.000000 0.000000 0.406858 0.000000 0.005746 0.000000 0.415008 0.000000 0.000000 0.000000
 0.499999 0.000000 0.000000 0.000000 0.500000 0.000000 0.000000 0.000000 0.000000 0.000000 0.000000 0.000000 0.000000 0.000000 0.000000 0.000000 0.000000 0.000000 0.000000 0.000000
 0.000000 0.000000 0.000000 0.000000 0.000000 0.000000 0.000000 0.000000 0.000000 0.000000 0.500000 0.000000 0.000000 0.000000 0.000000 0.000000 0.000000 0.000000 0.500000 0.000000
 0.000000 0.000000 0.360631 0.000000 0.000000 0.000000 0.000000 0.000000 0.320575 0.000000 0.000000 0.000000 0.000000 0.000000 0.318794 0.000000 0.000000 0.000000 0.000000 0.000000
 0.022220 0.000000 0.000000 0.000000 0.000000 0.000000 0.424369 0.424181 0.000000 0.000000 0.000000 0.000000 0.000000 0.000000 0.000000 0.129230 0.000000 0.000000 0.000000 0.000000
 0.000000 0.000000 0.000000 0.000000 0.000000 0.453680 0.000000 0.079954 0.000000 0.000000 0.000000 0.000000 0.000000 0.000000 0.000000 0.454563 0.000000 0.000000 0.000000 0.011804
 0.000001 0.000000 0.000000 0.000000 0.000000 0.458989 0.080925 0.000000 0.000000 0.000000 0.000000 0.000000 0.000000 0.000000 0.000000 0.000000 0.000000 0.460084 0.000000 0.000000
 0.000000 0.117742 0.000000 0.000000 0.251969 0.000000 0.000000 0.000000 0.000000 0.000000 0.000000 0.000000 0.000000 0.138546 0.281629 0.000000 0.000000 0.210114 0.000000 0.000000
 0.000000 0.000000 0.000000 0.000000 0.000000 0.000000 0.000000 0.000000 0.000000 0.000000 0.000000 0.500000 0.500000 0.000000 0.000000 0.000000 0.000000 0.000000 0.000000 0.000000
 0.000000 0.000000 0.000000 0.500000 0.000000 0.000000 0.000000 0.000000 0.000000 0.000000 0.000000 0.500000 0.000000 0.000000 0.000000 0.000000 0.000000 0.000000 0.000000 0.000000
 0.000000 0.000000 0.000000 0.000000 0.000000 0.000000 0.000000 0.000000 0.000000 0.500000 0.500000 0.000000 0.000000 0.000000 0.000000 0.000000 0.000000 0.000000 0.000000 0.000000
 0.000000 0.362369 0.000000 0.000000 0.000000 0.000000 0.000000 0.000000 0.000000 0.369629 0.000000 0.000000 0.000000 0.000000 0.000000 0.000000 0.268002 0.000000 0.000000 0.000000
 0.000000 0.000000 0.000000 0.000000 0.000000 0.000000 0.000000 0.000000 0.196907 0.000000 0.000000 0.000000 0.000000 0.000000 0.000000 0.000000 0.000000 0.400269 0.000000 0.402824
 0.000000 0.004901 0.000000 0.000000 0.312935 0.000000 0.000000 0.000000 0.351725 0.000000 0.000000 0.000000 0.000000 0.000000 0.000000 0.000000 0.330440 0.000000 0.000000 0.000000
 0.432482 0.000000 0.000000 0.000000 0.000000 0.132282 0.435236 0.000000 0.000000 0.000000 0.000000 0.000000 0.000000 0.000000 0.000000 0.000000 0.000000 0.000000 0.000000 0.000000
 0.000000 0.376152 0.000000 0.000000 0.000000 0.000000 0.000000 0.000000 0.000000 0.000000 0.000000 0.000000 0.272732 0.000000 0.351116 0.000000 0.000000 0.000000 0.000000 0.000000
 0.000000 0.000000 0.000000 0.000000 0.000000 0.000000 0.000000 0.365650 0.271045 0.000000 0.000000 0.000000 0.000000 0.363305 0.000000 0.000000 0.000000 0.000000 0.000000 0.000001
 0.000000 0.000000 0.000000 0.500000 0.000000 0.000000 0.000000 0.000000 0.000000 0.000000 0.000000 0.000000 0.000000 0.000000 0.000000 0.000000 0.000000 0.000000 0.000000 0.500000
 0.000000 0.000000 0.000000 0.000000 0.000000 0.000000 0.012818 0.000000 0.000001 0.000000 0.000000 0.000000 0.000000 0.493572 0.000000 0.000000 0.000000 0.000001 0.493609 0.000000
the mean of prob-rank is 1.6842105263157894
the number of false negetive edges is 0
the number of probability greater than 0 is 3.15/edge
