20
 0.000000 0.000000 0.426402 0.000000 0.000000 0.000000 0.137316 0.000000 0.000000 0.000000 0.427882 0.000000 0.005679 0.000000 0.000000 0.002722 0.000000 0.000000 0.000000 0.000000
 0.000000 0.000000 0.000000 0.000000 0.000000 0.000000 0.000000 0.000000 0.000000 0.000000 0.000000 0.500000 0.000000 0.000000 0.000000 0.000000 0.000000 0.000000 0.500000 0.000000
 0.483955 0.000000 0.000000 0.000000 0.000000 0.000000 0.000000 0.485643 0.000000 0.000000 0.000000 0.000000 0.000000 0.000000 0.000000 0.000000 0.030402 0.000000 0.000000 0.000000
 0.000000 0.000000 0.000000 0.000000 0.000000 0.000000 0.000000 0.000000 0.000000 0.000000 0.000000 0.000000 0.000000 0.499008 0.000000 0.000000 0.000000 0.000000 0.001988 0.499004
 0.000000 0.000000 0.000000 0.000000 0.000000 0.000000 0.093118 0.000000 0.000000 0.000002 0.177272 0.000000 0.022939 0.000000 0.357390 0.349280 0.000000 0.000000 0.000000 0.000000
 0.000000 0.000000 0.000000 0.000000 0.000000 0.000000 0.000000 0.000000 0.000000 0.000000 0.000000 0.500000 0.000000 0.000000 0.000000 0.000000 0.000000 0.500000 0.000000 0.000000
 0.094121 0.000000 0.000000 0.000000 0.076417 0.000000 0.000000 0.000000 0.000000 0.000000 0.279028 0.000000 0.289682 0.000000 0.000000 0.260752 0.000000 0.000000 0.000000 0.000000
 0.000000 0.000000 0.433017 0.000000 0.000000 0.000000 0.000000 0.000000 0.000001 0.000000 0.000000 0.000000 0.134228 0.000000 0.000000 0.000015 0.432739 0.000000 0.000000 0.000000
 0.000000 0.000000 0.000000 0.000000 0.000000 0.000000 0.000000 0.000001 0.000000 0.499959 0.000000 0.000000 0.000000 0.000000 0.000000 0.000066 0.000000 0.000000 0.000000 0.499973
 0.000000 0.000000 0.000000 0.000000 0.000003 0.000000 0.000000 0.000000 0.496531 0.000000 0.000000 0.000000 0.000000 0.000000 0.496545 0.006922 0.000000 0.000000 0.000000 0.000000
 0.408595 0.000000 0.000000 0.000000 0.202674 0.000000 0.388731 0.000000 0.000000 0.000000 0.000000 0.000000 0.000000 0.000000 0.000000 0.000000 0.000000 0.000000 0.000000 0.000000
 0.000000 0.500000 0.000000 0.000000 0.000000 0.500000 0.000000 0.000000 0.000000 0.000000 0.000000 0.000000 0.000000 0.000000 0.000000 0.000000 0.000000 0.000000 0.000000 0.000000
 0.005588 0.000000 0.000000 0.000000 0.027023 0.000000 0.415849 0.130511 0.000000 0.000000 0.000000 0.000000 0.000000 0.000000 0.000000 0.421029 0.000000 0.000000 0.000000 0.000000
 0.000000 0.000000 0.000000 0.500009 0.000000 0.000000 0.000000 0.000000 0.000000 0.000000 0.000000 0.000000 0.000000 0.000000 0.000000 0.000000 0.000000 0.000000 0.499991 0.000000
 0.000000 0.000000 0.000000 0.000000 0.500000 0.000000 0.000000 0.000000 0.000000 0.500000 0.000000 0.000000 0.000000 0.000000 0.000000 0.000000 0.000000 0.000000 0.000000 0.000000
 0.002203 0.000000 0.000000 0.000000 0.338540 0.000000 0.307969 0.000012 0.000046 0.004829 0.000000 0.000000 0.346401 0.000000 0.000000 0.000000 0.000000 0.000000 0.000000 0.000000
 0.000000 0.000000 0.030360 0.000000 0.000000 0.000000 0.000000 0.484665 0.000000 0.000000 0.000000 0.000000 0.000000 0.000000 0.000000 0.000000 0.000000 0.484974 0.000000 0.000000
 0.000000 0.000000 0.000000 0.000000 0.000000 0.500002 0.000000 0.000000 0.000000 0.000000 0.000000 0.000000 0.000000 0.000000 0.000000 0.000000 0.499998 0.000000 0.000000 0.000000
 0.000000 0.499015 0.000000 0.001988 0.000000 0.000000 0.000000 0.000000 0.000000 0.000000 0.000000 0.000000 0.000000 0.498997 0.000000 0.000000 0.000000 0.000000 0.000000 0.000000
 0.000000 0.000000 0.000000 0.499998 0.000000 0.000000 0.000000 0.000000 0.500002 0.000000 0.000000 0.000000 0.000000 0.000000 0.000000 0.000000 0.000000 0.000000 0.000000 0.000000
the mean of prob-rank is 1.5789473684210527
the number of false negetive edges is 0
the number of probability greater than 0 is 3.4/edge
