20
 0.000000 0.000000 0.000000 0.000000 0.000000 0.000000 0.000000 0.000000 0.500000 0.000000 0.000000 0.000000 0.000000 0.000000 0.000000 0.000000 0.000000 0.000000 0.000000 0.500000
 0.000000 0.000000 0.000000 0.500000 0.000000 0.500000 0.000000 0.000000 0.000000 0.000000 0.000000 0.000000 0.000000 0.000000 0.000000 0.000000 0.000000 0.000000 0.000000 0.000000
 0.000000 0.000000 0.000000 0.000000 0.364997 0.000000 0.000000 0.265345 0.000000 0.000000 0.000000 0.000000 0.000000 0.000000 0.000000 0.000000 0.000000 0.000000 0.369659 0.000000
 0.000000 0.500000 0.000000 0.000000 0.000000 0.000000 0.000000 0.000000 0.000000 0.000000 0.000000 0.000000 0.000000 0.000000 0.500000 0.000000 0.000000 0.000000 0.000000 0.000000
 0.000000 0.000000 0.348944 0.000000 0.000000 0.000000 0.000000 0.000000 0.000000 0.000000 0.000000 0.000000 0.000000 0.000000 0.000000 0.000000 0.000000 0.000000 0.297655 0.353401
 0.000000 0.490248 0.000000 0.000000 0.000000 0.000000 0.000000 0.000001 0.000000 0.489930 0.000000 0.000000 0.000000 0.000000 0.000000 0.000000 0.000000 0.019821 0.000000 0.000000
 0.000000 0.000000 0.000000 0.000000 0.000000 0.000000 0.000000 0.000000 0.500000 0.000000 0.000000 0.500000 0.000000 0.000000 0.000000 0.000000 0.000000 0.000000 0.000000 0.000000
 0.000000 0.000000 0.257124 0.000000 0.000000 0.000001 0.000000 0.000000 0.000000 0.034722 0.357993 0.000000 0.000000 0.000001 0.000000 0.000000 0.000000 0.000000 0.350159 0.000000
 0.500000 0.000000 0.000000 0.000000 0.000000 0.000000 0.500000 0.000000 0.000000 0.000000 0.000000 0.000000 0.000000 0.000000 0.000000 0.000000 0.000000 0.000000 0.000000 0.000000
 0.000000 0.000000 0.000000 0.000000 0.000000 0.442006 0.000000 0.042873 0.000000 0.000000 0.000000 0.000000 0.053718 0.019456 0.000000 0.000000 0.000003 0.441944 0.000000 0.000000
 0.000000 0.000000 0.000000 0.000000 0.000000 0.000000 0.000000 0.470219 0.000000 0.000000 0.000000 0.000000 0.000000 0.000000 0.000000 0.470500 0.000000 0.000000 0.059282 0.000000
 0.000000 0.000000 0.000000 0.000000 0.000000 0.000000 0.500000 0.000000 0.000000 0.000000 0.000000 0.000000 0.000000 0.000000 0.500000 0.000000 0.000000 0.000000 0.000000 0.000000
 0.000000 0.000000 0.000000 0.000000 0.000000 0.000000 0.000000 0.000000 0.000000 0.057259 0.000000 0.000000 0.000000 0.471294 0.000000 0.000000 0.471447 0.000000 0.000000 0.000000
 0.000000 0.000000 0.000000 0.000000 0.000000 0.000000 0.000000 0.000002 0.000000 0.021524 0.000000 0.000000 0.489159 0.000000 0.000000 0.489315 0.000000 0.000000 0.000000 0.000000
 0.000000 0.000000 0.000000 0.500000 0.000000 0.000000 0.000000 0.000000 0.000000 0.000000 0.000000 0.500000 0.000000 0.000000 0.000000 0.000000 0.000000 0.000000 0.000000 0.000000
 0.000000 0.000000 0.000000 0.000000 0.000000 0.000000 0.000000 0.000000 0.000000 0.000000 0.487752 0.000000 0.000000 0.487750 0.000000 0.000000 0.000000 0.000000 0.024498 0.000000
 0.000000 0.000000 0.000000 0.000000 0.000000 0.000000 0.000000 0.000000 0.000000 0.000004 0.000000 0.000000 0.499998 0.000000 0.000000 0.000000 0.000000 0.499998 0.000000 0.000000
 0.000000 0.000000 0.000000 0.000000 0.000000 0.019822 0.000000 0.000000 0.000000 0.489896 0.000000 0.000000 0.000000 0.000000 0.000000 0.000000 0.490282 0.000000 0.000000 0.000000
 0.000000 0.000000 0.333776 0.000000 0.281126 0.000000 0.000000 0.326278 0.000000 0.000000 0.042055 0.000000 0.000000 0.000000 0.000000 0.016764 0.000000 0.000000 0.000000 0.000000
 0.500000 0.000000 0.000000 0.000000 0.500000 0.000000 0.000000 0.000000 0.000000 0.000000 0.000000 0.000000 0.000000 0.000000 0.000000 0.000000 0.000000 0.000000 0.000000 0.000000
the mean of prob-rank is 1.6842105263157894
the number of false negetive edges is 0
the number of probability greater than 0 is 3.0/edge
