20
 0.000000 0.000000 0.000000 0.000000 0.000008 0.498630 0.000000 0.000000 0.000000 0.002746 0.498615 0.000000 0.000000 0.000000 0.000000 0.000000 0.000000 0.000000 0.000000 0.000000
 0.000000 0.000000 0.000000 0.000000 0.000000 0.000000 0.000000 0.000000 0.000000 0.000000 0.000000 0.000000 0.000000 0.000000 0.500000 0.500000 0.000000 0.000000 0.000000 0.000000
 0.000000 0.000000 0.000000 0.000000 0.036249 0.000000 0.000000 0.325448 0.000000 0.000000 0.049509 0.000000 0.000000 0.292033 0.000000 0.000000 0.296760 0.000000 0.000000 0.000000
 0.000000 0.000000 0.000000 0.000000 0.000000 0.000000 0.000000 0.000000 0.000000 0.005786 0.000000 0.000000 0.000000 0.000825 0.000000 0.000000 0.000000 0.496704 0.000000 0.496685
 0.000007 0.000000 0.047390 0.000000 0.000000 0.423504 0.000000 0.427455 0.000000 0.000000 0.000000 0.000000 0.000000 0.000000 0.000000 0.000000 0.101644 0.000000 0.000000 0.000000
 0.475278 0.000000 0.000000 0.000000 0.470885 0.000000 0.000000 0.053838 0.000000 0.000000 0.000000 0.000000 0.000000 0.000000 0.000000 0.000000 0.000000 0.000000 0.000000 0.000000
 0.000000 0.000000 0.000000 0.000000 0.000000 0.000000 0.000000 0.000000 0.000000 0.000000 0.000000 0.000000 0.500000 0.000000 0.000000 0.000000 0.000000 0.500000 0.000000 0.000000
 0.000000 0.000000 0.472036 0.000000 0.474244 0.053721 0.000000 0.000000 0.000000 0.000000 0.000000 0.000000 0.000000 0.000000 0.000000 0.000000 0.000000 0.000000 0.000000 0.000000
 0.000000 0.000000 0.000000 0.000000 0.000000 0.000000 0.000000 0.000000 0.000000 0.000000 0.000000 0.287041 0.353782 0.000000 0.000000 0.000000 0.000000 0.000000 0.359178 0.000000
 0.002023 0.000000 0.000000 0.004278 0.000000 0.000000 0.000000 0.000000 0.000000 0.000000 0.350134 0.000000 0.000000 0.276338 0.000000 0.000000 0.000000 0.000000 0.000000 0.367227
 0.349037 0.000000 0.052852 0.000000 0.000000 0.000000 0.000000 0.000000 0.000000 0.332801 0.000000 0.000000 0.000000 0.265310 0.000000 0.000000 0.000000 0.000000 0.000000 0.000000
 0.000000 0.000000 0.000000 0.000000 0.000000 0.000000 0.000000 0.000000 0.232905 0.000000 0.000000 0.000000 0.194042 0.000000 0.000000 0.287163 0.000000 0.000000 0.285891 0.000000
 0.000000 0.000000 0.000000 0.000000 0.000000 0.000000 0.376382 0.000000 0.370728 0.000000 0.000000 0.250600 0.000000 0.000000 0.000000 0.000000 0.000000 0.000000 0.002290 0.000000
 0.000000 0.000000 0.265692 0.000494 0.000000 0.000000 0.000000 0.000000 0.000000 0.223852 0.226113 0.000000 0.000000 0.000000 0.000000 0.000000 0.283849 0.000000 0.000000 0.000000
 0.000000 0.500000 0.000000 0.000000 0.000000 0.000000 0.000000 0.000000 0.000000 0.000000 0.000000 0.000000 0.000000 0.000000 0.000000 0.000000 0.500000 0.000000 0.000000 0.000000
 0.000000 0.398354 0.000000 0.000000 0.000000 0.000000 0.000000 0.000000 0.000000 0.000000 0.000000 0.392512 0.000000 0.000000 0.000000 0.000000 0.000000 0.000000 0.209134 0.000000
 0.000000 0.000000 0.292816 0.000000 0.076717 0.000000 0.000000 0.000000 0.000000 0.000000 0.000000 0.000000 0.000000 0.307843 0.322625 0.000000 0.000000 0.000000 0.000000 0.000000
 0.000000 0.000000 0.000000 0.499999 0.000000 0.000000 0.500000 0.000000 0.000000 0.000000 0.000000 0.000000 0.000000 0.000000 0.000000 0.000000 0.000000 0.000000 0.000000 0.000001
 0.000000 0.000000 0.000000 0.000000 0.000000 0.000000 0.000000 0.000000 0.398081 0.000000 0.000000 0.390505 0.002422 0.000000 0.000000 0.208991 0.000000 0.000000 0.000000 0.000000
 0.000000 0.000000 0.000000 0.499989 0.000000 0.000000 0.000000 0.000000 0.000000 0.500010 0.000000 0.000000 0.000000 0.000000 0.000000 0.000000 0.000000 0.000001 0.000000 0.000000
the mean of prob-rank is 1.631578947368421
the number of false negetive edges is 0
the number of probability greater than 0 is 3.6/edge
