20
 0.000000 0.000000 0.000000 0.000000 0.235968 0.000000 0.000000 0.000000 0.000000 0.000000 0.000000 0.000000 0.251489 0.243619 0.000000 0.000000 0.000000 0.000000 0.268924 0.000000
 0.000000 0.000000 0.000000 0.000000 0.000000 0.000000 0.000000 0.500000 0.000000 0.500000 0.000000 0.000000 0.000000 0.000000 0.000000 0.000000 0.000000 0.000000 0.000000 0.000000
 0.000000 0.000000 0.000000 0.000000 0.000000 0.500000 0.000000 0.000000 0.000000 0.000000 0.500000 0.000000 0.000000 0.000000 0.000000 0.000000 0.000000 0.000000 0.000000 0.000000
 0.000000 0.000000 0.000000 0.000000 0.000000 0.500009 0.499991 0.000000 0.000000 0.000000 0.000000 0.000000 0.000000 0.000000 0.000000 0.000000 0.000000 0.000000 0.000000 0.000000
 0.244129 0.000000 0.000000 0.000000 0.000000 0.000000 0.000000 0.000000 0.283624 0.000000 0.000000 0.000000 0.000000 0.239441 0.000000 0.000000 0.000000 0.000000 0.232806 0.000000
 0.000000 0.000000 0.500000 0.500000 0.000000 0.000000 0.000000 0.000000 0.000000 0.000000 0.000000 0.000000 0.000000 0.000000 0.000000 0.000000 0.000000 0.000000 0.000000 0.000000
 0.000000 0.000000 0.000000 0.499991 0.000000 0.000000 0.000000 0.000000 0.000000 0.000000 0.000000 0.000000 0.500009 0.000000 0.000000 0.000000 0.000000 0.000000 0.000000 0.000000
 0.000000 0.500000 0.000000 0.000000 0.000000 0.000000 0.000000 0.000000 0.000000 0.000000 0.000000 0.000000 0.000000 0.000000 0.000000 0.000000 0.000000 0.000000 0.000000 0.500000
 0.000000 0.000000 0.000000 0.000000 0.500017 0.000000 0.000000 0.000000 0.000000 0.000000 0.000000 0.000000 0.000000 0.000000 0.000000 0.000000 0.499983 0.000000 0.000000 0.000000
 0.000000 0.500000 0.000000 0.000000 0.000000 0.000000 0.000000 0.000000 0.000000 0.000000 0.500000 0.000000 0.000000 0.000000 0.000000 0.000000 0.000000 0.000000 0.000000 0.000000
 0.000000 0.000000 0.500000 0.000000 0.000000 0.000000 0.000000 0.000000 0.000000 0.500000 0.000000 0.000000 0.000000 0.000000 0.000000 0.000000 0.000000 0.000000 0.000000 0.000000
 0.000000 0.000000 0.000000 0.000000 0.000000 0.000000 0.000000 0.000000 0.000000 0.000000 0.000000 0.000000 0.000000 0.000000 0.243643 0.079653 0.000000 0.346743 0.000000 0.329961
 0.320399 0.000000 0.000000 0.000000 0.000000 0.000000 0.349269 0.000000 0.000000 0.000000 0.000000 0.000000 0.000000 0.330332 0.000000 0.000000 0.000000 0.000000 0.000000 0.000000
 0.241588 0.000000 0.000000 0.000000 0.229508 0.000000 0.000000 0.000000 0.000000 0.000000 0.000000 0.000000 0.257125 0.000000 0.000000 0.000000 0.000000 0.000000 0.271779 0.000000
 0.000000 0.000000 0.000000 0.000000 0.000000 0.000000 0.000000 0.000000 0.000000 0.000000 0.000000 0.234868 0.000000 0.000000 0.000000 0.329956 0.334261 0.100915 0.000000 0.000000
 0.000000 0.000000 0.000000 0.000000 0.000000 0.000000 0.000000 0.000000 0.000000 0.000000 0.000000 0.084447 0.000000 0.000000 0.362883 0.000000 0.000000 0.363243 0.000000 0.189427
 0.000000 0.000000 0.000000 0.000000 0.000000 0.000000 0.000000 0.000000 0.499978 0.000000 0.000000 0.000000 0.000000 0.000000 0.500022 0.000000 0.000000 0.000000 0.000000 0.000000
 0.000000 0.000000 0.000000 0.000000 0.000000 0.000000 0.000000 0.000000 0.000000 0.000000 0.000000 0.422784 0.000000 0.000000 0.127643 0.417760 0.000000 0.000000 0.000000 0.031813
 0.350157 0.000000 0.000000 0.000000 0.292996 0.000000 0.000000 0.000000 0.000000 0.000000 0.000000 0.000000 0.000000 0.356847 0.000000 0.000000 0.000000 0.000000 0.000000 0.000000
 0.000000 0.000000 0.000000 0.000000 0.000000 0.000000 0.000000 0.393374 0.000000 0.000000 0.000000 0.374328 0.000000 0.000000 0.000000 0.202699 0.000000 0.029600 0.000000 0.000000
the mean of prob-rank is 1.8421052631578947
the number of false negetive edges is 0
the number of probability greater than 0 is 2.9/edge
