20
 0.000000 0.003794 0.000000 0.000000 0.000000 0.000000 0.000000 0.000000 0.063543 0.004096 0.000000 0.000000 0.012522 0.246681 0.321898 0.000000 0.000000 0.311088 0.000000 0.036379
 0.004217 0.000000 0.000000 0.000000 0.000000 0.000000 0.001894 0.000000 0.000078 0.000000 0.000000 0.313473 0.357848 0.322489 0.000000 0.000000 0.000000 0.000000 0.000000 0.000000
 0.000000 0.000000 0.000000 0.000000 0.000000 0.000000 0.000000 0.000000 0.469045 0.000000 0.472645 0.058311 0.000000 0.000000 0.000000 0.000000 0.000000 0.000000 0.000000 0.000000
 0.000000 0.000000 0.000000 0.000000 0.500000 0.500000 0.000000 0.000000 0.000000 0.000000 0.000000 0.000000 0.000000 0.000000 0.000000 0.000000 0.000000 0.000000 0.000000 0.000000
 0.000000 0.000000 0.000000 0.500070 0.000000 0.000000 0.000000 0.000000 0.000053 0.000000 0.000000 0.000000 0.000000 0.000000 0.000000 0.000000 0.000000 0.000000 0.499878 0.000000
 0.000000 0.000000 0.000000 0.500007 0.000000 0.000000 0.000000 0.000000 0.000000 0.000000 0.000000 0.000000 0.000000 0.000000 0.000000 0.499993 0.000000 0.000000 0.000000 0.000000
 0.000000 0.002268 0.000000 0.000000 0.000000 0.000000 0.000000 0.000000 0.000000 0.000000 0.000000 0.428397 0.000000 0.144588 0.000000 0.000000 0.000000 0.424748 0.000000 0.000000
 0.000000 0.000000 0.000000 0.000000 0.000000 0.000000 0.000000 0.000000 0.000000 0.000000 0.000000 0.000000 0.000000 0.000000 0.000000 0.499999 0.500001 0.000000 0.000000 0.000000
 0.084197 0.000093 0.423334 0.000000 0.000045 0.000000 0.000000 0.000000 0.000000 0.000000 0.000000 0.000000 0.426581 0.000000 0.000000 0.000000 0.000000 0.000000 0.065750 0.000001
 0.006323 0.000000 0.000000 0.000000 0.000000 0.000000 0.000000 0.000000 0.000000 0.000000 0.000000 0.000000 0.000000 0.000000 0.496947 0.000000 0.000000 0.000000 0.000000 0.496730
 0.000000 0.000000 0.500000 0.000000 0.000000 0.000000 0.000000 0.000000 0.000000 0.000000 0.000000 0.000000 0.000000 0.000000 0.000000 0.000000 0.500000 0.000000 0.000000 0.000000
 0.000000 0.244350 0.034416 0.000000 0.000000 0.000000 0.278961 0.000000 0.000000 0.000000 0.000000 0.000000 0.000000 0.264719 0.000000 0.000000 0.000000 0.177553 0.000000 0.000000
 0.019077 0.490445 0.000000 0.000000 0.000000 0.000000 0.000000 0.000000 0.490478 0.000000 0.000000 0.000000 0.000000 0.000000 0.000000 0.000000 0.000000 0.000000 0.000000 0.000000
 0.215706 0.253681 0.000000 0.000000 0.000000 0.000000 0.095014 0.000000 0.000000 0.000000 0.000000 0.267144 0.000000 0.000000 0.000000 0.000000 0.000000 0.168454 0.000000 0.000000
 0.488286 0.000000 0.000000 0.000000 0.000000 0.000000 0.000000 0.000000 0.000000 0.488352 0.000000 0.000000 0.000000 0.000000 0.000000 0.000000 0.000000 0.023361 0.000000 0.000000
 0.000000 0.000000 0.000000 0.000000 0.000000 0.499995 0.000000 0.500005 0.000000 0.000000 0.000000 0.000000 0.000000 0.000000 0.000000 0.000000 0.000000 0.000000 0.000000 0.000000
 0.000000 0.000000 0.000000 0.000000 0.000000 0.000000 0.000000 0.500000 0.000000 0.000000 0.500000 0.000000 0.000000 0.000000 0.000000 0.000000 0.000000 0.000000 0.000000 0.000000
 0.298194 0.000000 0.000000 0.000000 0.000000 0.000000 0.305969 0.000000 0.000000 0.000000 0.000000 0.196416 0.000000 0.184658 0.014762 0.000000 0.000000 0.000000 0.000000 0.000000
 0.000000 0.000000 0.000000 0.000000 0.464130 0.000000 0.000000 0.000000 0.071564 0.000000 0.000000 0.000000 0.000000 0.000000 0.000000 0.000000 0.000000 0.000000 0.000000 0.464307
 0.053489 0.000000 0.000000 0.000000 0.000000 0.000000 0.000000 0.000000 0.000001 0.473152 0.000000 0.000000 0.000000 0.000000 0.000000 0.000000 0.000000 0.000000 0.473358 0.000000
the mean of prob-rank is 1.4736842105263157
the number of false negetive edges is 0
the number of probability greater than 0 is 3.65/edge
