20
 0.000000 0.000000 0.000001 0.000000 0.000000 0.359036 0.334458 0.000000 0.000000 0.000000 0.000000 0.000000 0.000000 0.000000 0.306506 0.000000 0.000000 0.000000 0.000000 0.000000
 0.000000 0.000000 0.000000 0.000000 0.000000 0.000000 0.000000 0.000000 0.000000 0.500000 0.000000 0.000000 0.000000 0.000000 0.000000 0.000000 0.000000 0.500000 0.000000 0.000000
 0.000001 0.000000 0.000000 0.000000 0.000000 0.000000 0.499971 0.000000 0.000000 0.000000 0.000000 0.000000 0.000000 0.000000 0.000000 0.500028 0.000000 0.000000 0.000000 0.000000
 0.000000 0.000000 0.000000 0.000000 0.000000 0.357302 0.000000 0.000000 0.000000 0.000000 0.000000 0.000000 0.000000 0.320260 0.322438 0.000000 0.000000 0.000000 0.000000 0.000000
 0.000000 0.000000 0.000000 0.000000 0.000000 0.000000 0.000000 0.271172 0.277370 0.000000 0.000000 0.000000 0.185648 0.265811 0.000000 0.000000 0.000000 0.000000 0.000000 0.000000
 0.499997 0.000000 0.000000 0.500000 0.000000 0.000000 0.000000 0.000000 0.000000 0.000000 0.000000 0.000000 0.000000 0.000000 0.000003 0.000000 0.000000 0.000000 0.000000 0.000000
 0.323885 0.000000 0.347649 0.000000 0.000000 0.000000 0.000000 0.000000 0.000000 0.000000 0.000000 0.000005 0.000000 0.000000 0.328426 0.000035 0.000000 0.000000 0.000000 0.000000
 0.000000 0.000000 0.000000 0.000000 0.339829 0.000000 0.000000 0.000000 0.001064 0.000000 0.000000 0.000000 0.350772 0.296810 0.000000 0.000000 0.000000 0.000000 0.010738 0.000786
 0.000000 0.000000 0.000000 0.000000 0.389464 0.000000 0.000000 0.001192 0.000000 0.000000 0.000000 0.393023 0.204697 0.000001 0.000116 0.000000 0.000020 0.000000 0.011488 0.000000
 0.000000 0.500000 0.000000 0.000000 0.000000 0.000000 0.000000 0.000000 0.000000 0.000000 0.500000 0.000000 0.000000 0.000000 0.000000 0.000000 0.000000 0.000000 0.000000 0.000000
 0.000000 0.000000 0.000000 0.000000 0.000000 0.000000 0.000000 0.000000 0.000000 0.500000 0.000000 0.000000 0.000000 0.000000 0.000000 0.500000 0.000000 0.000000 0.000000 0.000000
 0.000000 0.000000 0.000000 0.000000 0.000000 0.000000 0.000005 0.000000 0.371091 0.000000 0.000000 0.000000 0.000000 0.000000 0.000000 0.000000 0.358105 0.000000 0.270799 0.000000
 0.000000 0.000000 0.000000 0.000000 0.183128 0.000000 0.000000 0.276106 0.143803 0.000000 0.000000 0.000000 0.000000 0.000000 0.000000 0.000000 0.000000 0.000000 0.237330 0.159633
 0.000000 0.000000 0.000000 0.245268 0.259859 0.000000 0.000000 0.231540 0.000000 0.000000 0.000000 0.000000 0.000000 0.000000 0.263333 0.000000 0.000000 0.000000 0.000000 0.000000
 0.233034 0.000000 0.000000 0.246338 0.000000 0.000002 0.257851 0.000000 0.000080 0.000000 0.000000 0.000000 0.000000 0.262695 0.000000 0.000000 0.000000 0.000000 0.000000 0.000000
 0.000000 0.000000 0.499975 0.000000 0.000000 0.000000 0.000051 0.000000 0.000000 0.000000 0.499974 0.000000 0.000000 0.000000 0.000000 0.000000 0.000000 0.000000 0.000000 0.000000
 0.000000 0.000000 0.000000 0.000000 0.000000 0.000000 0.000000 0.000000 0.000019 0.000000 0.000000 0.367350 0.000000 0.000000 0.000000 0.000000 0.000000 0.000000 0.380671 0.251961
 0.000000 0.500000 0.000000 0.000000 0.000000 0.000000 0.000000 0.000000 0.000000 0.000000 0.000000 0.000000 0.000000 0.000000 0.000000 0.000000 0.000000 0.000000 0.000000 0.500000
 0.000000 0.000000 0.000000 0.000000 0.000000 0.000000 0.000000 0.008674 0.008282 0.000000 0.000000 0.206758 0.243541 0.000000 0.000000 0.000000 0.283331 0.000000 0.000000 0.249415
 0.000000 0.000000 0.000000 0.000000 0.000000 0.000000 0.000000 0.000718 0.000000 0.000000 0.000000 0.000000 0.185154 0.000000 0.000000 0.000000 0.211968 0.320248 0.281913 0.000000
the mean of prob-rank is 1.736842105263158
the number of false negetive edges is 0
the number of probability greater than 0 is 3.95/edge
