20
 0.000000 0.000000 0.000000 0.000000 0.000000 0.000000 0.393134 0.000000 0.000000 0.000000 0.000000 0.000000 0.000000 0.000000 0.000000 0.000000 0.000000 0.223676 0.383190 0.000000
 0.000000 0.000000 0.000000 0.000000 0.000000 0.500000 0.000000 0.000000 0.000000 0.000000 0.000000 0.000000 0.000000 0.000000 0.000000 0.500000 0.000000 0.000000 0.000000 0.000000
 0.000000 0.000000 0.000000 0.000000 0.000000 0.499833 0.000000 0.000000 0.000000 0.000000 0.499807 0.000000 0.000000 0.000000 0.000360 0.000000 0.000000 0.000000 0.000000 0.000000
 0.000000 0.000000 0.000000 0.000000 0.500008 0.000000 0.000000 0.000000 0.000000 0.000005 0.000000 0.000000 0.499986 0.000000 0.000000 0.000000 0.000000 0.000000 0.000000 0.000000
 0.000000 0.000000 0.000000 0.500000 0.000000 0.000000 0.000000 0.000000 0.000000 0.000000 0.000000 0.000000 0.000000 0.500000 0.000000 0.000000 0.000000 0.000000 0.000000 0.000000
 0.000000 0.500000 0.500000 0.000000 0.000000 0.000000 0.000000 0.000000 0.000000 0.000000 0.000000 0.000000 0.000000 0.000000 0.000000 0.000000 0.000000 0.000000 0.000000 0.000000
 0.499996 0.000000 0.000000 0.000000 0.000000 0.000000 0.000000 0.000000 0.000000 0.000000 0.000000 0.500004 0.000000 0.000000 0.000000 0.000000 0.000000 0.000000 0.000000 0.000000
 0.000000 0.000000 0.000000 0.000000 0.000000 0.000000 0.000000 0.000000 0.000000 0.000000 0.000125 0.000000 0.000000 0.000000 0.499938 0.000000 0.499937 0.000000 0.000000 0.000000
 0.000000 0.000000 0.000000 0.000000 0.000000 0.000000 0.000000 0.000000 0.000000 0.000000 0.000000 0.000000 0.000000 0.000000 0.000000 0.000000 0.364138 0.362314 0.273548 0.000000
 0.000000 0.000000 0.000000 0.000005 0.000000 0.000000 0.000000 0.000000 0.000000 0.000000 0.000000 0.000000 0.500006 0.000000 0.000000 0.000000 0.000000 0.000000 0.000000 0.499989
 0.000000 0.000000 0.499924 0.000000 0.000000 0.000000 0.000000 0.000125 0.000000 0.000000 0.000000 0.000000 0.000000 0.000000 0.499951 0.000000 0.000000 0.000000 0.000000 0.000000
 0.000000 0.000000 0.000000 0.000000 0.000000 0.000000 0.500000 0.000000 0.000000 0.000000 0.000000 0.000000 0.000000 0.500000 0.000000 0.000000 0.000000 0.000000 0.000000 0.000000
 0.000000 0.000000 0.000000 0.499986 0.000000 0.000000 0.000000 0.000000 0.000000 0.500009 0.000000 0.000000 0.000000 0.000000 0.000000 0.000000 0.000000 0.000000 0.000000 0.000005
 0.000000 0.000000 0.000000 0.000000 0.500000 0.000000 0.000000 0.000000 0.000000 0.000000 0.000000 0.500000 0.000000 0.000000 0.000000 0.000000 0.000000 0.000000 0.000000 0.000000
 0.000000 0.000000 0.000360 0.000000 0.000000 0.000000 0.000000 0.499820 0.000000 0.000000 0.499820 0.000000 0.000000 0.000000 0.000000 0.000000 0.000000 0.000000 0.000000 0.000000
 0.000000 0.500000 0.000000 0.000000 0.000000 0.000000 0.000000 0.000000 0.000000 0.000000 0.000000 0.000000 0.000000 0.000000 0.000000 0.000000 0.000000 0.000000 0.000000 0.500000
 0.000000 0.000000 0.000000 0.000000 0.000000 0.000000 0.000000 0.499999 0.500001 0.000000 0.000000 0.000000 0.000000 0.000000 0.000000 0.000000 0.000000 0.000000 0.000000 0.000000
 0.221903 0.000000 0.000000 0.000000 0.000000 0.000000 0.000000 0.000000 0.388072 0.000000 0.000000 0.000000 0.000000 0.000000 0.000000 0.000000 0.000000 0.000000 0.390025 0.000000
 0.357564 0.000000 0.000000 0.000000 0.000000 0.000000 0.000000 0.000000 0.275586 0.000000 0.000000 0.000000 0.000000 0.000000 0.000000 0.000000 0.000000 0.366850 0.000000 0.000000
 0.000000 0.000000 0.000000 0.000000 0.000000 0.000000 0.000000 0.000000 0.000000 0.499989 0.000000 0.000000 0.000005 0.000000 0.000000 0.500006 0.000000 0.000000 0.000000 0.000000
the mean of prob-rank is 1.5263157894736843
the number of false negetive edges is 0
the number of probability greater than 0 is 2.6/edge
