20
 0.000000 0.500000 0.000000 0.000000 0.000000 0.000000 0.000000 0.000000 0.000000 0.000000 0.500000 0.000000 0.000000 0.000000 0.000000 0.000000 0.000000 0.000000 0.000000 0.000000
 0.500000 0.000000 0.000000 0.000000 0.000000 0.000000 0.000000 0.000000 0.000000 0.000000 0.000000 0.000000 0.000000 0.000000 0.000000 0.000000 0.000000 0.500000 0.000000 0.000000
 0.000000 0.000000 0.000000 0.000000 0.000000 0.000000 0.000000 0.000000 0.000000 0.000000 0.000000 0.000000 0.500000 0.000000 0.500000 0.000000 0.000000 0.000000 0.000000 0.000000
 0.000000 0.000000 0.000000 0.000000 0.000000 0.000000 0.000000 0.000000 0.000000 0.361126 0.000000 0.375138 0.000000 0.000000 0.000000 0.000000 0.000000 0.000000 0.263736 0.000000
 0.000000 0.000000 0.000000 0.000000 0.000000 0.000000 0.306418 0.000000 0.000000 0.000000 0.000000 0.000000 0.000000 0.361137 0.000000 0.000000 0.000000 0.332445 0.000000 0.000000
 0.000000 0.000000 0.000000 0.000000 0.000000 0.000000 0.000000 0.000000 0.000000 0.000000 0.500000 0.000000 0.000000 0.000000 0.000000 0.000000 0.000000 0.000000 0.000000 0.500000
 0.000000 0.000000 0.000000 0.000000 0.302816 0.000000 0.000000 0.000000 0.000000 0.000000 0.000000 0.000000 0.000000 0.340014 0.000000 0.356090 0.001080 0.000000 0.000000 0.000000
 0.000000 0.000000 0.000000 0.000000 0.000000 0.000000 0.000000 0.000000 0.500000 0.000000 0.000000 0.500000 0.000000 0.000000 0.000000 0.000000 0.000000 0.000000 0.000000 0.000000
 0.000000 0.000000 0.000000 0.000000 0.000000 0.000000 0.000000 0.500000 0.000000 0.000000 0.000000 0.000000 0.000000 0.000000 0.500000 0.000000 0.000000 0.000000 0.000000 0.000000
 0.000000 0.000000 0.000000 0.335313 0.000000 0.000000 0.000000 0.000000 0.000000 0.000000 0.000000 0.000028 0.000000 0.000025 0.000000 0.000000 0.316520 0.000000 0.348113 0.000000
 0.500000 0.000000 0.000000 0.000000 0.000000 0.500000 0.000000 0.000000 0.000000 0.000000 0.000000 0.000000 0.000000 0.000000 0.000000 0.000000 0.000000 0.000000 0.000000 0.000000
 0.000000 0.000000 0.000000 0.499887 0.000000 0.000000 0.000000 0.500073 0.000000 0.000040 0.000000 0.000000 0.000000 0.000000 0.000000 0.000000 0.000000 0.000000 0.000000 0.000000
 0.000000 0.000000 0.500000 0.000000 0.000000 0.000000 0.000000 0.000000 0.000000 0.000000 0.000000 0.000000 0.000000 0.000000 0.000000 0.000000 0.000000 0.000000 0.000000 0.500000
 0.000000 0.000000 0.000000 0.000000 0.354572 0.000000 0.337805 0.000000 0.000000 0.000026 0.000000 0.000000 0.000000 0.000000 0.000000 0.000000 0.000000 0.000193 0.307405 0.000000
 0.000000 0.000000 0.500000 0.000000 0.000000 0.000000 0.000000 0.000000 0.500000 0.000000 0.000000 0.000000 0.000000 0.000000 0.000000 0.000000 0.000000 0.000000 0.000000 0.000000
 0.000000 0.000000 0.000000 0.000000 0.000000 0.000000 0.468185 0.000000 0.000000 0.000000 0.000000 0.000000 0.000000 0.000000 0.000000 0.000000 0.469241 0.062574 0.000000 0.000000
 0.000000 0.000000 0.000000 0.000000 0.000000 0.000000 0.001091 0.000000 0.000000 0.327568 0.000000 0.000000 0.000000 0.000000 0.000000 0.360617 0.000000 0.310724 0.000000 0.000000
 0.000000 0.342925 0.000000 0.000000 0.315678 0.000000 0.000000 0.000000 0.000000 0.000000 0.000000 0.000000 0.000000 0.000187 0.000000 0.045729 0.295481 0.000000 0.000000 0.000000
 0.000000 0.000000 0.000000 0.273585 0.000000 0.000000 0.000000 0.000000 0.000000 0.388912 0.000000 0.000000 0.000000 0.337503 0.000000 0.000000 0.000000 0.000000 0.000000 0.000000
 0.000000 0.000000 0.000000 0.000000 0.000000 0.500000 0.000000 0.000000 0.000000 0.000000 0.000000 0.000000 0.500000 0.000000 0.000000 0.000000 0.000000 0.000000 0.000000 0.000000
the mean of prob-rank is 1.6842105263157894
the number of false negetive edges is 0
the number of probability greater than 0 is 2.9/edge
