20
 0.000000 0.000000 0.000000 0.000000 0.000000 0.000000 0.000000 0.000000 0.000000 0.396442 0.000000 0.000000 0.000000 0.000000 0.398855 0.000000 0.000002 0.000000 0.000000 0.204700
 0.000000 0.000000 0.000000 0.000000 0.000000 0.000000 0.000000 0.000000 0.000000 0.182313 0.000000 0.000000 0.405867 0.000000 0.000000 0.000000 0.399500 0.000000 0.000000 0.012319
 0.000000 0.000000 0.000000 0.000000 0.000000 0.000000 0.000000 0.000000 0.000000 0.000000 0.000000 0.000000 0.000000 0.000000 0.500000 0.000000 0.000000 0.000000 0.500000 0.000000
 0.000000 0.000000 0.000000 0.000000 0.449064 0.000000 0.000000 0.000000 0.000000 0.000000 0.000000 0.000000 0.000000 0.000000 0.000000 0.450069 0.000000 0.100867 0.000000 0.000000
 0.000000 0.000000 0.000000 0.398640 0.000000 0.019471 0.000000 0.000000 0.399268 0.000000 0.000000 0.022043 0.000000 0.000000 0.000000 0.160577 0.000000 0.000000 0.000000 0.000000
 0.000000 0.000000 0.000000 0.000000 0.023801 0.000000 0.000011 0.000000 0.000000 0.000000 0.488377 0.487811 0.000000 0.000000 0.000000 0.000000 0.000000 0.000000 0.000000 0.000000
 0.000000 0.000000 0.000000 0.000000 0.000000 0.000011 0.000000 0.000000 0.000000 0.000000 0.000000 0.499995 0.000000 0.499994 0.000000 0.000000 0.000000 0.000000 0.000000 0.000000
 0.000000 0.000000 0.000000 0.000000 0.000000 0.000000 0.000000 0.000000 0.500000 0.000000 0.000000 0.000000 0.000000 0.500000 0.000000 0.000000 0.000000 0.000000 0.000000 0.000000
 0.000000 0.000000 0.000000 0.000000 0.487209 0.000000 0.000000 0.487533 0.000000 0.000000 0.000000 0.000000 0.000000 0.000000 0.000000 0.025258 0.000000 0.000000 0.000000 0.000000
 0.321429 0.145263 0.000000 0.000000 0.000000 0.000000 0.000000 0.000000 0.000000 0.000000 0.000000 0.000000 0.000000 0.000000 0.000000 0.000000 0.221249 0.000000 0.000000 0.312058
 0.000000 0.000000 0.000000 0.000000 0.000000 0.500000 0.000000 0.000000 0.000000 0.000000 0.000000 0.000000 0.500000 0.000000 0.000000 0.000000 0.000000 0.000000 0.000000 0.000000
 0.000000 0.000000 0.000000 0.000000 0.026861 0.486288 0.486851 0.000000 0.000000 0.000000 0.000000 0.000000 0.000000 0.000000 0.000000 0.000000 0.000000 0.000000 0.000000 0.000000
 0.000000 0.500000 0.000000 0.000000 0.000000 0.000000 0.000000 0.000000 0.000000 0.000000 0.500000 0.000000 0.000000 0.000000 0.000000 0.000000 0.000000 0.000000 0.000000 0.000000
 0.000000 0.000000 0.000000 0.000000 0.000000 0.000000 0.500000 0.500000 0.000000 0.000000 0.000000 0.000000 0.000000 0.000000 0.000000 0.000000 0.000000 0.000000 0.000000 0.000000
 0.499987 0.000000 0.499987 0.000000 0.000000 0.000000 0.000000 0.000000 0.000000 0.000000 0.000000 0.000000 0.000000 0.000000 0.000000 0.000000 0.000000 0.000000 0.000000 0.000026
 0.000000 0.000000 0.000000 0.407972 0.163969 0.000000 0.000000 0.000000 0.021136 0.000000 0.000000 0.000000 0.000000 0.000000 0.000000 0.000000 0.000000 0.406922 0.000000 0.000000
 0.000002 0.368866 0.000000 0.000000 0.000000 0.000000 0.000000 0.000000 0.000000 0.256387 0.000000 0.000000 0.000000 0.000000 0.000000 0.000000 0.000000 0.000000 0.000000 0.374744
 0.000000 0.000000 0.000000 0.100883 0.000000 0.000000 0.000000 0.000000 0.000000 0.000000 0.000000 0.000000 0.000000 0.000000 0.000000 0.448979 0.000000 0.000000 0.450138 0.000000
 0.000000 0.000000 0.500000 0.000000 0.000000 0.000000 0.000000 0.000000 0.000000 0.000000 0.000000 0.000000 0.000000 0.000000 0.000000 0.000000 0.000000 0.500000 0.000000 0.000000
 0.204584 0.012099 0.000000 0.000000 0.000000 0.000000 0.000000 0.000000 0.000000 0.384666 0.000000 0.000000 0.000000 0.000000 0.000021 0.000000 0.398629 0.000000 0.000000 0.000000
the mean of prob-rank is 1.6842105263157894
the number of false negetive edges is 0
the number of probability greater than 0 is 3.2/edge
