20
 0.000000 0.246260 0.106911 0.000000 0.000000 0.000000 0.000000 0.000000 0.000000 0.321811 0.000000 0.000000 0.000000 0.325018 0.000000 0.000000 0.000000 0.000000 0.000000 0.000000
 0.239856 0.000000 0.319291 0.000000 0.000000 0.000000 0.000018 0.000017 0.000000 0.147001 0.000000 0.000000 0.000000 0.293811 0.000006 0.000000 0.000000 0.000000 0.000000 0.000000
 0.087111 0.267104 0.000000 0.000000 0.000000 0.000000 0.176158 0.000000 0.000000 0.000000 0.000000 0.000000 0.000000 0.220697 0.000000 0.000000 0.000000 0.000000 0.196790 0.052140
 0.000000 0.000000 0.000000 0.000000 0.499894 0.000000 0.000000 0.000000 0.499902 0.000000 0.000000 0.000204 0.000000 0.000000 0.000000 0.000000 0.000000 0.000000 0.000000 0.000000
 0.000000 0.000000 0.000000 0.499996 0.000000 0.000000 0.000002 0.000000 0.000000 0.000000 0.000000 0.500003 0.000000 0.000000 0.000000 0.000000 0.000000 0.000000 0.000000 0.000000
 0.000000 0.000000 0.000000 0.000000 0.000000 0.000000 0.000000 0.499999 0.000000 0.000000 0.000000 0.000000 0.000000 0.000000 0.000000 0.000000 0.000000 0.500001 0.000000 0.000000
 0.000000 0.000018 0.213102 0.000000 0.000001 0.000000 0.000000 0.000000 0.312966 0.000000 0.000000 0.000000 0.000000 0.000002 0.000000 0.065927 0.048000 0.000000 0.321359 0.038623
 0.000000 0.000026 0.000000 0.000000 0.000000 0.499986 0.000000 0.000000 0.000000 0.000000 0.000000 0.499987 0.000000 0.000000 0.000000 0.000000 0.000000 0.000000 0.000000 0.000000
 0.000000 0.000000 0.000000 0.365880 0.000000 0.000000 0.354376 0.000000 0.000000 0.000000 0.000000 0.000000 0.000000 0.000000 0.000000 0.279744 0.000000 0.000000 0.000000 0.000000
 0.401985 0.188526 0.000000 0.000000 0.000000 0.000000 0.000000 0.000000 0.000000 0.000000 0.000000 0.000000 0.000000 0.000000 0.409489 0.000000 0.000000 0.000000 0.000000 0.000000
 0.000000 0.000000 0.000000 0.000000 0.000000 0.000000 0.000000 0.000000 0.000000 0.000000 0.000000 0.000000 0.500001 0.000000 0.000000 0.000000 0.000000 0.499999 0.000000 0.000000
 0.000000 0.000000 0.000000 0.000204 0.499899 0.000000 0.000000 0.499897 0.000000 0.000000 0.000000 0.000000 0.000000 0.000000 0.000000 0.000000 0.000000 0.000000 0.000000 0.000000
 0.000000 0.000000 0.000000 0.000000 0.000000 0.000000 0.000000 0.000000 0.000000 0.000000 0.500004 0.000000 0.000000 0.000000 0.499996 0.000000 0.000000 0.000000 0.000000 0.000000
 0.227025 0.210706 0.189196 0.000000 0.000000 0.000000 0.000002 0.000000 0.000000 0.000000 0.000000 0.000000 0.000000 0.000000 0.000000 0.106124 0.077385 0.000000 0.003938 0.185624
 0.000000 0.000009 0.000000 0.000000 0.000000 0.000000 0.000000 0.000000 0.000000 0.499999 0.000000 0.000000 0.499991 0.000000 0.000000 0.000000 0.000000 0.000000 0.000000 0.000000
 0.000000 0.000000 0.000000 0.000000 0.000000 0.000000 0.067872 0.000000 0.254341 0.000000 0.000000 0.000000 0.000000 0.154173 0.000000 0.000000 0.332655 0.000000 0.011107 0.179851
 0.000000 0.000000 0.000000 0.000000 0.000000 0.000000 0.059901 0.000000 0.000000 0.000000 0.000000 0.000000 0.000000 0.136278 0.000000 0.403244 0.000000 0.000000 0.008119 0.392458
 0.000000 0.000000 0.000000 0.000000 0.000000 0.500001 0.000000 0.000000 0.000000 0.000000 0.499999 0.000000 0.000000 0.000000 0.000000 0.000000 0.000000 0.000000 0.000000 0.000000
 0.000000 0.000000 0.262938 0.000000 0.000000 0.000000 0.354939 0.000000 0.000000 0.000000 0.000000 0.000000 0.000000 0.006138 0.000000 0.011916 0.007185 0.000000 0.000000 0.356883
 0.000000 0.000000 0.053638 0.000000 0.000000 0.000000 0.032845 0.000000 0.000000 0.000000 0.000000 0.000000 0.000000 0.222751 0.000000 0.148561 0.267430 0.000000 0.274775 0.000000
the mean of prob-rank is 1.7894736842105263
the number of false negetive edges is 0
the number of probability greater than 0 is 4.3/edge
