20
 0.000000 0.000000 0.000000 0.000000 0.000000 0.345410 0.338969 0.000000 0.315621 0.000000 0.000000 0.000000 0.000000 0.000000 0.000000 0.000000 0.000000 0.000000 0.000000 0.000000
 0.000000 0.000000 0.390951 0.000000 0.031974 0.000000 0.000000 0.191436 0.000000 0.000000 0.000000 0.000000 0.000000 0.000000 0.000000 0.000000 0.385639 0.000000 0.000000 0.000000
 0.000000 0.492169 0.000000 0.000000 0.015185 0.000000 0.000000 0.000000 0.000000 0.000000 0.000000 0.000000 0.000000 0.000000 0.000000 0.000000 0.000108 0.000000 0.000009 0.492529
 0.000000 0.000000 0.000000 0.000000 0.387227 0.000000 0.000000 0.171549 0.001828 0.046072 0.000000 0.000000 0.000000 0.000000 0.000000 0.392964 0.000000 0.000000 0.000360 0.000000
 0.000000 0.027107 0.010226 0.326768 0.000000 0.000000 0.000000 0.276895 0.000000 0.002201 0.000000 0.000000 0.000168 0.000000 0.000000 0.029151 0.000000 0.000000 0.327485 0.000000
 0.497612 0.000000 0.000000 0.000000 0.000000 0.000000 0.000000 0.000000 0.004746 0.000000 0.000000 0.000000 0.000000 0.497643 0.000000 0.000000 0.000000 0.000000 0.000000 0.000000
 0.288616 0.000000 0.000000 0.000000 0.000000 0.000000 0.000000 0.167100 0.283785 0.000000 0.000000 0.000000 0.000000 0.000000 0.000000 0.246560 0.013940 0.000000 0.000000 0.000000
 0.000000 0.141898 0.000000 0.126569 0.242091 0.000000 0.164764 0.000000 0.000000 0.000000 0.000000 0.000000 0.000000 0.000000 0.000000 0.034676 0.290003 0.000000 0.000000 0.000000
 0.261671 0.000000 0.000000 0.001332 0.000000 0.002731 0.276324 0.000000 0.000000 0.286164 0.000000 0.000000 0.010027 0.000033 0.000000 0.161717 0.000000 0.000000 0.000000 0.000000
 0.000000 0.000000 0.000000 0.038053 0.002154 0.000000 0.000000 0.000000 0.324400 0.000000 0.000000 0.000000 0.324279 0.000000 0.000000 0.220659 0.000000 0.000000 0.090456 0.000000
 0.000000 0.000000 0.000000 0.000000 0.000000 0.000000 0.000000 0.000000 0.000000 0.000000 0.000000 0.500002 0.000000 0.499998 0.000000 0.000000 0.000000 0.000000 0.000000 0.000000
 0.000000 0.000000 0.000000 0.000000 0.000000 0.000000 0.000000 0.000000 0.000000 0.000000 0.499058 0.000000 0.000000 0.000000 0.000000 0.000000 0.000000 0.499034 0.001908 0.000000
 0.000000 0.000000 0.000000 0.000000 0.000249 0.000000 0.000000 0.000000 0.017210 0.490985 0.000000 0.000000 0.000000 0.000000 0.000000 0.000009 0.000000 0.000000 0.491547 0.000000
 0.000000 0.000000 0.000000 0.000000 0.000000 0.499973 0.000000 0.000000 0.000058 0.000000 0.499969 0.000000 0.000000 0.000000 0.000000 0.000000 0.000000 0.000000 0.000000 0.000000
 0.000000 0.000000 0.000000 0.000000 0.000000 0.000000 0.000000 0.000000 0.000000 0.000000 0.000000 0.000000 0.000000 0.000000 0.000000 0.000000 0.000000 0.500001 0.000000 0.499999
 0.000000 0.000000 0.000000 0.303881 0.026713 0.000000 0.254812 0.036344 0.171642 0.206597 0.000000 0.000000 0.000005 0.000000 0.000000 0.000000 0.000000 0.000000 0.000005 0.000000
 0.000000 0.484766 0.000108 0.000000 0.000000 0.000000 0.023310 0.491817 0.000000 0.000000 0.000000 0.000000 0.000000 0.000000 0.000000 0.000000 0.000000 0.000000 0.000000 0.000000
 0.000000 0.000000 0.000000 0.000000 0.000000 0.000000 0.000000 0.000000 0.000000 0.000000 0.000000 0.499987 0.000000 0.000000 0.500012 0.000000 0.000000 0.000000 0.000001 0.000000
 0.000000 0.000000 0.000008 0.000404 0.434800 0.000000 0.000000 0.000000 0.000000 0.122704 0.000000 0.001684 0.440392 0.000000 0.000000 0.000007 0.000000 0.000001 0.000000 0.000000
 0.000000 0.000000 0.499992 0.000000 0.000000 0.000000 0.000000 0.000000 0.000000 0.000000 0.000000 0.000000 0.000000 0.000000 0.500008 0.000000 0.000000 0.000000 0.000000 0.000000
the mean of prob-rank is 1.631578947368421
the number of false negetive edges is 0
the number of probability greater than 0 is 4.6/edge
