20
 0.000000 0.000000 0.000000 0.000000 0.500003 0.000000 0.000000 0.000000 0.000000 0.499937 0.000000 0.000000 0.000060 0.000000 0.000000 0.000000 0.000000 0.000000 0.000000 0.000000
 0.000000 0.000000 0.000000 0.000000 0.000000 0.481903 0.000000 0.036357 0.000000 0.000000 0.000000 0.000000 0.000000 0.000000 0.000000 0.000000 0.000000 0.000000 0.481740 0.000000
 0.000000 0.000000 0.000000 0.216787 0.000000 0.000000 0.000000 0.000000 0.000000 0.000000 0.000000 0.000000 0.003581 0.000000 0.388837 0.001656 0.000000 0.389139 0.000000 0.000000
 0.000000 0.000000 0.218535 0.000000 0.000000 0.000000 0.394125 0.000000 0.000000 0.000000 0.000000 0.000000 0.387326 0.000000 0.000000 0.000000 0.000000 0.000014 0.000000 0.000000
 0.477694 0.000000 0.000000 0.000000 0.000000 0.000000 0.000000 0.477144 0.000000 0.000000 0.000000 0.000000 0.000000 0.045162 0.000000 0.000000 0.000000 0.000000 0.000000 0.000000
 0.000000 0.499934 0.000000 0.000000 0.000000 0.000000 0.000000 0.000203 0.000000 0.000000 0.000000 0.000000 0.000000 0.000000 0.000000 0.000000 0.499858 0.000000 0.000005 0.000000
 0.000000 0.000000 0.000000 0.498153 0.000000 0.000000 0.000000 0.000000 0.000000 0.000000 0.000000 0.498154 0.003693 0.000000 0.000000 0.000000 0.000000 0.000000 0.000000 0.000000
 0.000000 0.032793 0.000000 0.000000 0.434165 0.000177 0.000000 0.000000 0.000000 0.000000 0.000000 0.000000 0.000000 0.000000 0.433692 0.000000 0.000000 0.000000 0.054101 0.045072
 0.000000 0.000000 0.000000 0.000000 0.000000 0.000000 0.000000 0.000000 0.000000 0.500000 0.000000 0.000000 0.000000 0.000000 0.000000 0.000000 0.000000 0.000000 0.000000 0.500000
 0.499967 0.000000 0.000000 0.000000 0.000000 0.000000 0.000000 0.000000 0.500032 0.000000 0.000000 0.000000 0.000000 0.000000 0.000000 0.000000 0.000000 0.000000 0.000000 0.000001
 0.000000 0.000000 0.000000 0.000000 0.000000 0.000000 0.000000 0.000000 0.000000 0.000000 0.000000 0.499531 0.000000 0.000000 0.000922 0.000000 0.499547 0.000000 0.000000 0.000000
 0.000000 0.000000 0.000000 0.000000 0.000000 0.000000 0.498910 0.000000 0.000000 0.000000 0.498895 0.000000 0.000000 0.000000 0.000000 0.000000 0.002196 0.000000 0.000000 0.000000
 0.000036 0.000000 0.002778 0.298061 0.000000 0.000000 0.002249 0.000000 0.000000 0.000000 0.000000 0.000000 0.000000 0.292672 0.000000 0.260388 0.000000 0.143814 0.000000 0.000000
 0.000000 0.000000 0.000000 0.000000 0.035062 0.000000 0.000000 0.000000 0.000000 0.000000 0.000000 0.000000 0.357865 0.000000 0.000244 0.370829 0.000000 0.236000 0.000000 0.000000
 0.000000 0.000000 0.473710 0.000000 0.000000 0.000000 0.000000 0.475248 0.000000 0.000000 0.000879 0.000000 0.000001 0.000313 0.000000 0.001215 0.000000 0.048633 0.000000 0.000000
 0.000000 0.000000 0.001487 0.000000 0.000000 0.000000 0.000000 0.000000 0.000000 0.000000 0.000000 0.000000 0.301468 0.351121 0.000896 0.000000 0.000000 0.345028 0.000000 0.000000
 0.000000 0.000000 0.000000 0.000000 0.000000 0.498864 0.000000 0.000000 0.000000 0.000000 0.498940 0.002196 0.000000 0.000000 0.000000 0.000000 0.000000 0.000000 0.000000 0.000000
 0.000000 0.000000 0.311953 0.000011 0.000000 0.000000 0.000000 0.000000 0.000000 0.000000 0.000000 0.000000 0.148617 0.199454 0.032001 0.307964 0.000000 0.000000 0.000000 0.000000
 0.000000 0.470697 0.000000 0.000000 0.000000 0.000005 0.000000 0.058606 0.000000 0.000000 0.000000 0.000000 0.000000 0.000000 0.000000 0.000000 0.000000 0.000000 0.000000 0.470693
 0.000000 0.000000 0.000000 0.000000 0.000000 0.000000 0.000000 0.049299 0.475432 0.000001 0.000000 0.000000 0.000000 0.000000 0.000000 0.000000 0.000000 0.000000 0.475268 0.000000
the mean of prob-rank is 1.5789473684210527
the number of false negetive edges is 0
the number of probability greater than 0 is 4.0/edge
