20
 0.000000 0.000000 0.000000 0.000000 0.000000 0.000000 0.000000 0.000000 0.000000 0.000000 0.000000 0.000000 0.000000 0.000000 0.500001 0.000000 0.499999 0.000000 0.000000 0.000000
 0.000000 0.000000 0.000000 0.000000 0.000000 0.000000 0.000000 0.000000 0.000000 0.000000 0.000000 0.000000 0.000000 0.420085 0.000000 0.163538 0.000000 0.416376 0.000000 0.000000
 0.000000 0.000000 0.000000 0.341118 0.000000 0.338668 0.000000 0.000000 0.000000 0.088614 0.000000 0.000000 0.000000 0.000000 0.000000 0.000000 0.000000 0.231601 0.000000 0.000000
 0.000000 0.000000 0.454431 0.000000 0.000000 0.087775 0.000000 0.000000 0.456963 0.000000 0.000000 0.000000 0.000000 0.000000 0.000000 0.000000 0.000000 0.000831 0.000000 0.000000
 0.000000 0.000000 0.000000 0.000000 0.000000 0.000000 0.500000 0.500000 0.000000 0.000000 0.000000 0.000000 0.000000 0.000000 0.000000 0.000000 0.000000 0.000000 0.000000 0.000000
 0.000000 0.000000 0.409570 0.079682 0.000000 0.000000 0.000000 0.000000 0.000000 0.095917 0.000000 0.414831 0.000000 0.000000 0.000000 0.000000 0.000000 0.000000 0.000000 0.000000
 0.000000 0.000000 0.000000 0.000000 0.500000 0.000000 0.000000 0.000000 0.000000 0.000000 0.000000 0.000000 0.000000 0.500000 0.000000 0.000000 0.000000 0.000000 0.000000 0.000000
 0.000000 0.000000 0.000000 0.000000 0.500000 0.000000 0.000000 0.000000 0.000000 0.000000 0.000000 0.000000 0.000000 0.000000 0.500000 0.000000 0.000000 0.000000 0.000000 0.000000
 0.000000 0.000000 0.000000 0.500000 0.000000 0.000000 0.000000 0.000000 0.000000 0.000000 0.000000 0.000000 0.000000 0.000000 0.000000 0.000000 0.500000 0.000000 0.000000 0.000000
 0.000000 0.000000 0.075532 0.000000 0.000000 0.067604 0.000000 0.000000 0.000000 0.000000 0.000000 0.000000 0.043795 0.000000 0.000000 0.000000 0.000000 0.274924 0.289529 0.248616
 0.000000 0.000000 0.000000 0.000000 0.000000 0.000000 0.000000 0.000000 0.000000 0.000000 0.000000 0.500000 0.500000 0.000000 0.000000 0.000000 0.000000 0.000000 0.000000 0.000000
 0.000000 0.000000 0.000000 0.000000 0.000000 0.500000 0.000000 0.000000 0.000000 0.000000 0.500000 0.000000 0.000000 0.000000 0.000000 0.000000 0.000000 0.000000 0.000000 0.000000
 0.000000 0.000000 0.000000 0.000000 0.000000 0.000000 0.000000 0.000000 0.000000 0.050678 0.338333 0.000000 0.000000 0.000000 0.000000 0.303143 0.000000 0.000000 0.000000 0.307845
 0.000000 0.495889 0.000000 0.000000 0.000000 0.000000 0.496412 0.000000 0.000000 0.000000 0.000000 0.000000 0.000000 0.000000 0.000000 0.007699 0.000000 0.000000 0.000000 0.000000
 0.500000 0.000000 0.000000 0.000000 0.000000 0.000000 0.000000 0.500000 0.000000 0.000000 0.000000 0.000000 0.000000 0.000000 0.000000 0.000000 0.000000 0.000000 0.000000 0.000000
 0.000000 0.122823 0.000000 0.000000 0.000000 0.000000 0.000000 0.000000 0.000000 0.000000 0.000000 0.000000 0.282980 0.004899 0.000000 0.000000 0.000000 0.006168 0.290382 0.292748
 0.499999 0.000000 0.000000 0.000000 0.000000 0.000000 0.000000 0.000000 0.500001 0.000000 0.000000 0.000000 0.000000 0.000000 0.000000 0.000000 0.000000 0.000000 0.000000 0.000000
 0.000000 0.288347 0.196629 0.000529 0.000000 0.000000 0.000000 0.000000 0.000000 0.273835 0.000000 0.000000 0.000000 0.000000 0.000000 0.005688 0.000000 0.000000 0.234520 0.000452
 0.000000 0.000000 0.000000 0.000000 0.000000 0.000000 0.000000 0.000000 0.000000 0.276747 0.000000 0.000000 0.000000 0.000000 0.000000 0.256954 0.000000 0.225057 0.000000 0.241242
 0.000000 0.000000 0.000000 0.000000 0.000000 0.000000 0.000000 0.000000 0.000000 0.239399 0.000000 0.000000 0.256171 0.000000 0.000000 0.260965 0.000000 0.000437 0.243028 0.000000
the mean of prob-rank is 1.631578947368421
the number of false negetive edges is 0
the number of probability greater than 0 is 3.4/edge
