20
 0.000000 0.001203 0.000000 0.000000 0.499417 0.000000 0.000000 0.000000 0.000000 0.000000 0.000000 0.000000 0.000000 0.000000 0.000000 0.499379 0.000000 0.000000 0.000000 0.000000
 0.001204 0.000000 0.000000 0.000000 0.000000 0.000000 0.000000 0.000000 0.000000 0.000000 0.000000 0.000000 0.000000 0.499324 0.000000 0.499472 0.000000 0.000000 0.000000 0.000000
 0.000000 0.000000 0.000000 0.198893 0.000000 0.000000 0.000000 0.000000 0.000000 0.019188 0.357889 0.019134 0.000000 0.000000 0.000000 0.000000 0.395017 0.009879 0.000000 0.000000
 0.000000 0.000000 0.125528 0.000000 0.223241 0.000000 0.000000 0.000000 0.000000 0.000000 0.000000 0.229039 0.000000 0.000000 0.000000 0.000000 0.243389 0.178804 0.000000 0.000000
 0.343159 0.000000 0.000000 0.307278 0.000000 0.000000 0.000000 0.000000 0.000000 0.000000 0.000000 0.272574 0.000000 0.000000 0.076989 0.000000 0.000000 0.000000 0.000000 0.000000
 0.000000 0.000000 0.000000 0.000000 0.000000 0.000000 0.363725 0.000000 0.000000 0.242903 0.000000 0.000000 0.000000 0.000000 0.000000 0.000000 0.000000 0.000000 0.393372 0.000000
 0.000000 0.000000 0.000000 0.000000 0.000000 0.343790 0.000000 0.000000 0.000000 0.369521 0.000000 0.000000 0.000000 0.000000 0.267814 0.000000 0.000000 0.000000 0.018875 0.000000
 0.000000 0.000000 0.000000 0.000000 0.000000 0.000000 0.000000 0.000000 0.343610 0.000000 0.328159 0.000000 0.328231 0.000000 0.000000 0.000000 0.000000 0.000000 0.000000 0.000000
 0.000000 0.000000 0.000000 0.000000 0.000000 0.000000 0.000000 0.393079 0.000000 0.000000 0.356905 0.000000 0.250016 0.000000 0.000000 0.000000 0.000000 0.000000 0.000000 0.000000
 0.000000 0.000000 0.017731 0.000000 0.000000 0.225407 0.362788 0.000000 0.000000 0.000000 0.000000 0.051846 0.000000 0.000000 0.338449 0.000000 0.000009 0.000000 0.000000 0.003770
 0.000000 0.000000 0.247794 0.000000 0.000000 0.000000 0.000000 0.261205 0.248334 0.000000 0.000000 0.000000 0.000000 0.000000 0.000000 0.000000 0.002031 0.240636 0.000000 0.000000
 0.000000 0.000000 0.013465 0.255370 0.220795 0.000000 0.000000 0.000000 0.000000 0.039480 0.000000 0.000000 0.000000 0.000000 0.276076 0.000000 0.194814 0.000000 0.000000 0.000000
 0.000000 0.000000 0.000000 0.000000 0.000000 0.000000 0.000000 0.368636 0.245455 0.000000 0.000000 0.000000 0.000000 0.000000 0.000000 0.000000 0.000000 0.000000 0.000000 0.385908
 0.000000 0.499876 0.000000 0.000000 0.000000 0.000000 0.000000 0.000000 0.000000 0.000000 0.000000 0.000000 0.000000 0.000000 0.000000 0.000100 0.000000 0.500024 0.000000 0.000000
 0.000000 0.000000 0.000000 0.000000 0.078308 0.000000 0.251413 0.000000 0.000000 0.323617 0.000000 0.346662 0.000000 0.000000 0.000000 0.000000 0.000000 0.000000 0.000000 0.000000
 0.499931 0.499969 0.000000 0.000000 0.000000 0.000000 0.000000 0.000000 0.000000 0.000000 0.000000 0.000000 0.000000 0.000100 0.000000 0.000000 0.000000 0.000000 0.000000 0.000000
 0.000000 0.000000 0.350944 0.342614 0.000000 0.000000 0.000000 0.000000 0.000000 0.000009 0.002607 0.245959 0.000000 0.000000 0.000000 0.000000 0.000000 0.057867 0.000000 0.000000
 0.000000 0.000000 0.008973 0.257344 0.000000 0.000000 0.000000 0.000000 0.000000 0.000000 0.315699 0.000000 0.000000 0.358819 0.000000 0.000000 0.059165 0.000000 0.000000 0.000000
 0.000000 0.000000 0.000000 0.000000 0.000000 0.487989 0.024772 0.000000 0.000000 0.000000 0.000000 0.000000 0.000000 0.000000 0.000000 0.000000 0.000000 0.000000 0.000000 0.487238
 0.000000 0.000000 0.000000 0.000000 0.000000 0.000000 0.000000 0.000000 0.000000 0.005141 0.000000 0.000000 0.497813 0.000000 0.000000 0.000000 0.000000 0.000000 0.497046 0.000000
the mean of prob-rank is 1.8421052631578947
the number of false negetive edges is 0
the number of probability greater than 0 is 4.1/edge
