20
 0.000000 0.000000 0.000000 0.024631 0.408933 0.000000 0.156233 0.000000 0.000000 0.000000 0.002584 0.000000 0.000000 0.000000 0.407611 0.000000 0.000000 0.000000 0.000000 0.000008
 0.000000 0.000000 0.000000 0.000000 0.000000 0.000000 0.000000 0.000000 0.000000 0.500000 0.000000 0.000000 0.000000 0.000000 0.000000 0.000000 0.500000 0.000000 0.000000 0.000000
 0.000000 0.000000 0.000000 0.000000 0.000000 0.000000 0.000000 0.000000 0.000000 0.500005 0.000000 0.499994 0.000000 0.000000 0.000000 0.000000 0.000000 0.000000 0.000000 0.000000
 0.020639 0.000000 0.000000 0.000000 0.267131 0.000000 0.343281 0.000000 0.000000 0.000000 0.329498 0.000000 0.000000 0.000000 0.011904 0.000000 0.000000 0.000000 0.000000 0.027546
 0.315719 0.000000 0.000000 0.246133 0.000000 0.000000 0.306525 0.000000 0.000000 0.000000 0.109415 0.000000 0.000000 0.000000 0.012125 0.000000 0.000000 0.000000 0.000000 0.010084
 0.000000 0.000000 0.000000 0.000000 0.000000 0.000000 0.000000 0.000000 0.000000 0.000000 0.000000 0.500009 0.000000 0.000000 0.000000 0.000000 0.000000 0.000000 0.499991 0.000000
 0.127636 0.000000 0.000000 0.334694 0.324354 0.000000 0.000000 0.000000 0.000000 0.000000 0.212668 0.000000 0.000000 0.000000 0.000470 0.000000 0.000000 0.000000 0.000000 0.000177
 0.000000 0.000000 0.000000 0.000000 0.000000 0.000000 0.000000 0.000000 0.500000 0.000000 0.000000 0.000000 0.000000 0.000000 0.000000 0.000000 0.000000 0.500000 0.000000 0.000000
 0.000000 0.000000 0.000000 0.000000 0.000000 0.000000 0.000000 0.500000 0.000000 0.000000 0.000000 0.000000 0.000000 0.000000 0.500000 0.000000 0.000000 0.000000 0.000000 0.000000
 0.000000 0.500000 0.500000 0.000000 0.000000 0.000000 0.000000 0.000000 0.000000 0.000000 0.000000 0.000000 0.000000 0.000000 0.000000 0.000000 0.000000 0.000000 0.000000 0.000000
 0.002140 0.000000 0.000000 0.325649 0.117363 0.000000 0.215575 0.000000 0.000000 0.000000 0.000000 0.000000 0.000000 0.000000 0.000000 0.000000 0.000000 0.000000 0.000000 0.339273
 0.000000 0.000000 0.499954 0.000000 0.000000 0.499965 0.000000 0.000000 0.000000 0.000000 0.000000 0.000000 0.000000 0.000000 0.000000 0.000000 0.000000 0.000000 0.000081 0.000000
 0.000000 0.000000 0.000000 0.000000 0.000000 0.000000 0.000000 0.000000 0.000000 0.000000 0.000000 0.000000 0.000000 0.500000 0.000000 0.000000 0.000000 0.000000 0.500000 0.000000
 0.000000 0.000000 0.000000 0.000000 0.000000 0.000000 0.000000 0.000000 0.000000 0.000000 0.000000 0.000000 0.500000 0.000000 0.000000 0.000000 0.000000 0.000000 0.000000 0.500000
 0.480793 0.000000 0.000000 0.016758 0.018524 0.000000 0.000679 0.000000 0.483247 0.000000 0.000000 0.000000 0.000000 0.000000 0.000000 0.000000 0.000000 0.000000 0.000000 0.000000
 0.000000 0.000000 0.000000 0.000000 0.000000 0.000000 0.000000 0.000000 0.000000 0.000000 0.000000 0.000000 0.000000 0.000000 0.000000 0.000000 0.500000 0.500000 0.000000 0.000000
 0.000000 0.500000 0.000000 0.000000 0.000000 0.000000 0.000000 0.000000 0.000000 0.000000 0.000000 0.000000 0.000000 0.000000 0.000000 0.500000 0.000000 0.000000 0.000000 0.000000
 0.000000 0.000000 0.000000 0.000000 0.000000 0.000000 0.000000 0.500000 0.000000 0.000000 0.000000 0.000000 0.000000 0.000000 0.000000 0.500000 0.000000 0.000000 0.000000 0.000000
 0.000000 0.000000 0.000000 0.000000 0.000000 0.499951 0.000000 0.000000 0.000000 0.000000 0.000000 0.000081 0.499968 0.000000 0.000000 0.000000 0.000000 0.000000 0.000000 0.000000
 0.000009 0.000000 0.000000 0.037982 0.015090 0.000000 0.000250 0.000000 0.000000 0.000000 0.473331 0.000000 0.000000 0.473338 0.000000 0.000000 0.000000 0.000000 0.000000 0.000000
the mean of prob-rank is 1.736842105263158
the number of false negetive edges is 0
the number of probability greater than 0 is 3.4/edge
