20
 0.000000 0.000000 0.000000 0.035728 0.000000 0.000000 0.000000 0.000000 0.000000 0.000000 0.000000 0.430032 0.000000 0.430101 0.000000 0.000000 0.000000 0.000000 0.104133 0.000005
 0.000000 0.000000 0.473042 0.000000 0.000000 0.000000 0.000000 0.000000 0.000000 0.000193 0.000000 0.000000 0.000000 0.000000 0.000000 0.053928 0.472837 0.000000 0.000000 0.000000
 0.000000 0.356686 0.000000 0.000000 0.000000 0.000000 0.185084 0.000000 0.102378 0.000001 0.000000 0.000000 0.000000 0.000000 0.000000 0.355851 0.000000 0.000000 0.000000 0.000000
 0.037797 0.000000 0.000000 0.000000 0.013358 0.000000 0.013254 0.000000 0.000000 0.000000 0.454763 0.031273 0.000000 0.000000 0.000000 0.000000 0.000000 0.000000 0.000000 0.449555
 0.000000 0.000000 0.000000 0.014466 0.000000 0.000000 0.000000 0.000000 0.000000 0.492764 0.000000 0.000000 0.000000 0.000000 0.000000 0.000000 0.000000 0.492770 0.000000 0.000000
 0.000000 0.000000 0.000000 0.000000 0.000000 0.000000 0.000000 0.000000 0.000000 0.000000 0.000000 0.000000 0.000001 0.000000 0.500000 0.000000 0.000000 0.499999 0.000000 0.000000
 0.000000 0.000000 0.204495 0.011480 0.000000 0.000000 0.000000 0.000000 0.390401 0.000000 0.393254 0.000000 0.000000 0.000000 0.000000 0.000000 0.000000 0.000000 0.000000 0.000370
 0.000000 0.000000 0.000000 0.000000 0.000000 0.000000 0.000000 0.000000 0.000000 0.000000 0.000000 0.000000 0.500000 0.000000 0.000000 0.000000 0.500000 0.000000 0.000000 0.000000
 0.000000 0.000000 0.126016 0.000000 0.000000 0.000000 0.434930 0.000000 0.000000 0.000000 0.000000 0.000000 0.000000 0.000000 0.000000 0.439053 0.000000 0.000000 0.000000 0.000000
 0.000000 0.000204 0.000001 0.000000 0.499740 0.000000 0.000000 0.000000 0.000000 0.000000 0.000000 0.000000 0.499742 0.000000 0.000000 0.000000 0.000313 0.000000 0.000000 0.000000
 0.000000 0.000000 0.000000 0.426199 0.000000 0.000000 0.425522 0.000000 0.000000 0.000000 0.000000 0.000000 0.000000 0.000000 0.000000 0.000000 0.000000 0.000000 0.000000 0.148279
 0.479943 0.000000 0.000000 0.032992 0.000000 0.000000 0.000000 0.000000 0.000000 0.000000 0.000000 0.000000 0.000000 0.007036 0.480030 0.000000 0.000000 0.000000 0.000000 0.000000
 0.000000 0.000000 0.000000 0.000000 0.000000 0.000001 0.000000 0.500001 0.000000 0.499998 0.000000 0.000000 0.000000 0.000000 0.000000 0.000000 0.000000 0.000000 0.000000 0.000000
 0.496583 0.000000 0.000000 0.000000 0.000000 0.000000 0.000000 0.000000 0.000000 0.000000 0.000000 0.007278 0.000000 0.000000 0.000000 0.000000 0.000000 0.000000 0.496139 0.000000
 0.000000 0.000000 0.000000 0.000000 0.000000 0.499817 0.000000 0.000000 0.000000 0.000000 0.000000 0.499817 0.000000 0.000000 0.000000 0.000000 0.000000 0.000366 0.000000 0.000000
 0.000000 0.053987 0.472447 0.000000 0.000000 0.000000 0.000000 0.000000 0.473566 0.000000 0.000000 0.000000 0.000000 0.000000 0.000000 0.000000 0.000000 0.000000 0.000000 0.000000
 0.000000 0.499730 0.000000 0.000000 0.000000 0.000000 0.000000 0.499957 0.000000 0.000313 0.000000 0.000000 0.000000 0.000000 0.000000 0.000000 0.000000 0.000000 0.000000 0.000000
 0.000000 0.000000 0.000000 0.000000 0.499817 0.499817 0.000000 0.000000 0.000000 0.000000 0.000000 0.000000 0.000000 0.000000 0.000366 0.000000 0.000000 0.000000 0.000000 0.000000
 0.108027 0.000000 0.000000 0.000000 0.000000 0.000000 0.000000 0.000000 0.000000 0.000000 0.000000 0.000000 0.000000 0.445782 0.000000 0.000000 0.000000 0.000000 0.000000 0.446191
 0.000005 0.000000 0.000000 0.422823 0.000000 0.000000 0.000402 0.000000 0.000000 0.000000 0.148809 0.000000 0.000000 0.000000 0.000000 0.000000 0.000000 0.000000 0.427962 0.000000
the mean of prob-rank is 1.5789473684210527
the number of false negetive edges is 0
the number of probability greater than 0 is 3.6/edge
