20
 0.000000 0.000000 0.000000 0.000000 0.000000 0.000000 0.282955 0.000000 0.000000 0.000000 0.000000 0.172680 0.000003 0.000000 0.281617 0.000000 0.000000 0.262318 0.000000 0.000427
 0.000000 0.000000 0.000000 0.000000 0.500000 0.000000 0.000000 0.000000 0.000000 0.500000 0.000000 0.000000 0.000000 0.000000 0.000000 0.000000 0.000000 0.000000 0.000000 0.000000
 0.000000 0.000000 0.000000 0.016376 0.000000 0.000000 0.000000 0.000000 0.000000 0.000000 0.000000 0.000000 0.492183 0.000000 0.000000 0.491441 0.000000 0.000000 0.000000 0.000000
 0.000000 0.000000 0.016365 0.000000 0.000000 0.491775 0.000000 0.000000 0.000000 0.000000 0.000000 0.000000 0.000000 0.000000 0.000000 0.491860 0.000000 0.000000 0.000000 0.000000
 0.000000 0.500000 0.000000 0.000000 0.000000 0.000000 0.000000 0.000000 0.000000 0.000000 0.500000 0.000000 0.000000 0.000000 0.000000 0.000000 0.000000 0.000000 0.000000 0.000000
 0.000000 0.000000 0.000000 0.487604 0.000000 0.000000 0.000000 0.000000 0.487566 0.000000 0.000000 0.000000 0.000000 0.000961 0.000000 0.000000 0.023869 0.000000 0.000000 0.000000
 0.416566 0.000000 0.000000 0.000000 0.000000 0.000000 0.000000 0.435984 0.000000 0.076640 0.000000 0.000000 0.000000 0.000000 0.000000 0.000000 0.000000 0.070810 0.000000 0.000000
 0.000000 0.000000 0.000000 0.000000 0.000000 0.000000 0.470845 0.000000 0.000000 0.466804 0.000000 0.000000 0.000000 0.000000 0.029881 0.000000 0.000000 0.032470 0.000000 0.000000
 0.000000 0.000000 0.000000 0.000000 0.000000 0.496115 0.000000 0.000000 0.000000 0.000000 0.000000 0.000000 0.000000 0.000000 0.000000 0.000000 0.496245 0.000000 0.007639 0.000000
 0.000000 0.460607 0.000000 0.000000 0.000000 0.000000 0.080968 0.456654 0.000000 0.000000 0.000000 0.000000 0.000000 0.000000 0.000000 0.000000 0.000000 0.001770 0.000000 0.000000
 0.000000 0.000000 0.000000 0.000000 0.497713 0.000000 0.000000 0.000000 0.000000 0.000000 0.000000 0.000000 0.000000 0.497689 0.000000 0.000000 0.000000 0.002738 0.001860 0.000000
 0.190742 0.000000 0.000000 0.000000 0.000000 0.000000 0.000000 0.000000 0.000000 0.000000 0.000000 0.000000 0.000000 0.000287 0.172925 0.000000 0.000000 0.309270 0.000000 0.326777
 0.000005 0.000000 0.500002 0.000000 0.000000 0.000000 0.000000 0.000000 0.000000 0.000000 0.000000 0.000000 0.000000 0.000000 0.000000 0.000013 0.000000 0.000000 0.000000 0.499979
 0.000000 0.000000 0.000000 0.000000 0.000000 0.000984 0.000000 0.000000 0.000000 0.000000 0.499284 0.000438 0.000000 0.000000 0.000000 0.000000 0.000000 0.000000 0.499294 0.000000
 0.373940 0.000000 0.000000 0.000000 0.000000 0.000000 0.000000 0.024955 0.000000 0.000000 0.000000 0.207873 0.000000 0.000000 0.000000 0.000000 0.000000 0.393231 0.000000 0.000000
 0.000000 0.000000 0.499613 0.500362 0.000000 0.000000 0.000000 0.000000 0.000000 0.000000 0.000000 0.000000 0.000013 0.000000 0.000000 0.000000 0.000000 0.000000 0.000000 0.000012
 0.000000 0.000000 0.000000 0.000000 0.000000 0.023898 0.000000 0.000000 0.488278 0.000000 0.000000 0.000000 0.000000 0.000000 0.000000 0.000000 0.000000 0.000000 0.487824 0.000000
 0.288346 0.000000 0.000000 0.000000 0.000000 0.000000 0.052871 0.022449 0.000000 0.001251 0.001791 0.307765 0.000000 0.000000 0.325528 0.000000 0.000000 0.000000 0.000000 0.000000
 0.000000 0.000000 0.000000 0.000000 0.000000 0.000000 0.000000 0.000000 0.007628 0.000000 0.001852 0.000000 0.000000 0.495483 0.000000 0.000000 0.495038 0.000000 0.000000 0.000000
 0.000720 0.000000 0.000000 0.000000 0.000000 0.000000 0.000000 0.000000 0.000000 0.000000 0.000000 0.499383 0.499885 0.000000 0.000000 0.000012 0.000000 0.000000 0.000000 0.000000
the mean of prob-rank is 1.4736842105263157
the number of false negetive edges is 0
the number of probability greater than 0 is 3.9/edge
