20
 0.000000 0.000000 0.000000 0.000000 0.000000 0.000000 0.000000 0.000000 0.000000 0.000000 0.000000 0.000000 0.000000 0.000000 0.499999 0.000000 0.500001 0.000000 0.000000 0.000000
 0.000000 0.000000 0.000000 0.000000 0.000000 0.153155 0.000000 0.000000 0.391387 0.391572 0.000000 0.000000 0.000000 0.000001 0.061860 0.000000 0.000000 0.002025 0.000000 0.000000
 0.000000 0.000000 0.000000 0.000000 0.405475 0.000000 0.010773 0.000000 0.000000 0.000000 0.006948 0.000000 0.000000 0.000000 0.000000 0.000000 0.407306 0.000000 0.162284 0.007214
 0.000000 0.000000 0.000000 0.000000 0.000000 0.000000 0.000001 0.479447 0.000000 0.000000 0.000093 0.000000 0.041012 0.000000 0.000000 0.479448 0.000000 0.000000 0.000000 0.000000
 0.000000 0.000000 0.435045 0.000000 0.000000 0.000000 0.000000 0.000000 0.000000 0.000000 0.127945 0.437009 0.000001 0.000000 0.000000 0.000000 0.000000 0.000000 0.000000 0.000000
 0.000000 0.159399 0.000000 0.000000 0.000000 0.000000 0.000000 0.000000 0.013061 0.408741 0.000000 0.000000 0.000000 0.407300 0.011499 0.000000 0.000000 0.000000 0.000000 0.000000
 0.000000 0.000000 0.008377 0.000000 0.000000 0.000000 0.000000 0.000000 0.000000 0.000000 0.306614 0.000000 0.000034 0.100107 0.000000 0.302473 0.000000 0.000000 0.000591 0.281804
 0.000000 0.000000 0.000000 0.499999 0.000000 0.000000 0.000000 0.000000 0.000000 0.000000 0.000000 0.000000 0.000000 0.000000 0.000000 0.000000 0.000000 0.500001 0.000000 0.000000
 0.000000 0.456177 0.000000 0.000000 0.000000 0.014627 0.000000 0.000000 0.000000 0.000000 0.000000 0.000000 0.000000 0.072252 0.000000 0.000000 0.000000 0.456943 0.000000 0.000000
 0.000000 0.389765 0.000000 0.000000 0.000000 0.390919 0.000000 0.000000 0.000000 0.000000 0.000000 0.000000 0.000000 0.008641 0.210675 0.000000 0.000000 0.000000 0.000000 0.000000
 0.000000 0.000000 0.006187 0.000071 0.106179 0.000000 0.351105 0.000000 0.000000 0.000000 0.000000 0.000004 0.358260 0.000000 0.000000 0.178195 0.000000 0.000000 0.000000 0.000000
 0.000000 0.000000 0.000000 0.000000 0.500286 0.000000 0.000000 0.000000 0.000000 0.000000 0.000005 0.000000 0.499709 0.000000 0.000000 0.000000 0.000000 0.000000 0.000000 0.000000
 0.000000 0.000000 0.000000 0.031892 0.000001 0.000000 0.000040 0.000000 0.000000 0.000000 0.368304 0.372401 0.000000 0.000000 0.000000 0.227362 0.000000 0.000000 0.000000 0.000000
 0.000000 0.000001 0.000000 0.000000 0.000000 0.390202 0.123774 0.000000 0.061809 0.008656 0.000000 0.000000 0.000000 0.000000 0.000000 0.000000 0.000000 0.000000 0.057299 0.358260
 0.372129 0.058615 0.000000 0.000000 0.000000 0.010469 0.000000 0.000000 0.000000 0.200550 0.000000 0.000000 0.000000 0.000000 0.000000 0.000000 0.000000 0.000000 0.357993 0.000244
 0.000000 0.000000 0.000000 0.327201 0.000000 0.000000 0.312494 0.000000 0.000000 0.000000 0.160770 0.000000 0.199535 0.000000 0.000000 0.000000 0.000000 0.000000 0.000000 0.000000
 0.500000 0.000000 0.500000 0.000000 0.000000 0.000000 0.000000 0.000000 0.000000 0.000000 0.000000 0.000000 0.000000 0.000000 0.000000 0.000000 0.000000 0.000000 0.000000 0.000000
 0.000000 0.002573 0.000000 0.000000 0.000000 0.000000 0.000000 0.499150 0.498276 0.000000 0.000000 0.000000 0.000000 0.000000 0.000000 0.000000 0.000000 0.000000 0.000000 0.000000
 0.000000 0.000000 0.158825 0.000000 0.000000 0.000000 0.000743 0.000000 0.000000 0.000000 0.000000 0.000000 0.000000 0.058329 0.383480 0.000000 0.000000 0.000000 0.000000 0.398623
 0.000000 0.000000 0.006274 0.000000 0.000000 0.000000 0.315187 0.000000 0.000000 0.000000 0.000000 0.000000 0.000000 0.324082 0.000232 0.000000 0.000000 0.000000 0.354225 0.000000
the mean of prob-rank is 1.631578947368421
the number of false negetive edges is 0
the number of probability greater than 0 is 4.5/edge
