20
 0.000000 0.016068 0.000000 0.000000 0.000000 0.492537 0.000000 0.000000 0.000000 0.000000 0.000000 0.000000 0.000000 0.491395 0.000000 0.000000 0.000000 0.000000 0.000000 0.000000
 0.015572 0.000000 0.000000 0.000000 0.000000 0.477241 0.000000 0.000000 0.000000 0.000000 0.000000 0.038148 0.000000 0.000000 0.000000 0.000000 0.469039 0.000000 0.000000 0.000000
 0.000000 0.000000 0.000000 0.000000 0.456585 0.000000 0.000000 0.000000 0.000000 0.000000 0.458214 0.000000 0.000000 0.000000 0.000000 0.000000 0.000000 0.002489 0.082712 0.000000
 0.000000 0.000000 0.000000 0.000000 0.000000 0.000000 0.001412 0.000000 0.498470 0.000000 0.000000 0.001574 0.000000 0.000000 0.000001 0.000000 0.000000 0.000000 0.000000 0.498543
 0.000000 0.000000 0.436369 0.000000 0.000000 0.000000 0.000000 0.001796 0.000000 0.000000 0.000000 0.000000 0.000000 0.000000 0.000000 0.000000 0.000000 0.123874 0.437961 0.000000
 0.496871 0.496797 0.000000 0.000000 0.000000 0.000000 0.000000 0.000000 0.000000 0.000000 0.000000 0.000000 0.000000 0.000427 0.000000 0.005906 0.000000 0.000000 0.000000 0.000000
 0.000000 0.000000 0.000000 0.000960 0.000000 0.000000 0.000000 0.000000 0.000000 0.000000 0.007877 0.329923 0.103404 0.000000 0.000000 0.338835 0.219000 0.000000 0.000000 0.000000
 0.000000 0.000000 0.000000 0.000000 0.002047 0.000000 0.000000 0.000000 0.000000 0.498983 0.000000 0.000000 0.000000 0.498970 0.000000 0.000000 0.000000 0.000000 0.000000 0.000000
 0.000000 0.000000 0.000000 0.353232 0.000000 0.000000 0.000000 0.000000 0.000000 0.000001 0.000000 0.293579 0.000000 0.000000 0.353138 0.000000 0.000051 0.000000 0.000000 0.000000
 0.000000 0.000000 0.000000 0.000000 0.000000 0.000000 0.000000 0.500000 0.000001 0.000000 0.000000 0.000000 0.000000 0.000000 0.500000 0.000000 0.000000 0.000000 0.000000 0.000000
 0.000000 0.000000 0.495160 0.000000 0.000000 0.000000 0.011507 0.000000 0.000000 0.000000 0.000000 0.000000 0.492689 0.000000 0.000000 0.000586 0.000000 0.000058 0.000000 0.000000
 0.000000 0.027681 0.000000 0.001093 0.000000 0.000000 0.337104 0.000000 0.287816 0.000000 0.000000 0.000000 0.000000 0.000000 0.000018 0.000000 0.346286 0.000000 0.000000 0.000000
 0.000000 0.000000 0.000000 0.000000 0.000000 0.000000 0.132633 0.000000 0.000000 0.000000 0.432581 0.000000 0.000000 0.000000 0.000000 0.434786 0.000000 0.000000 0.000000 0.000000
 0.498334 0.000000 0.000000 0.000000 0.000000 0.000429 0.000000 0.499482 0.000000 0.000000 0.000000 0.000000 0.000000 0.000000 0.001755 0.000000 0.000000 0.000000 0.000000 0.000000
 0.000000 0.000000 0.000000 0.000001 0.000000 0.000000 0.000000 0.000000 0.499006 0.499213 0.000000 0.000026 0.000000 0.001754 0.000000 0.000000 0.000000 0.000000 0.000000 0.000000
 0.000000 0.000000 0.000000 0.000000 0.000000 0.005906 0.496653 0.000000 0.000000 0.000000 0.000588 0.000000 0.496853 0.000000 0.000000 0.000000 0.000000 0.000000 0.000000 0.000000
 0.000000 0.373821 0.000000 0.000000 0.000000 0.000000 0.245776 0.000000 0.000055 0.000000 0.000000 0.380347 0.000000 0.000000 0.000000 0.000000 0.000000 0.000000 0.000000 0.000000
 0.000000 0.000000 0.002376 0.000000 0.123755 0.000000 0.000000 0.000000 0.000000 0.000000 0.000051 0.000000 0.000000 0.000000 0.000000 0.000000 0.000000 0.000000 0.436278 0.437540
 0.000000 0.000000 0.082887 0.000000 0.459219 0.000000 0.000000 0.000000 0.000000 0.000000 0.000000 0.000000 0.000000 0.000000 0.000000 0.000000 0.000000 0.457895 0.000000 0.000000
 0.000000 0.000000 0.000000 0.500000 0.000000 0.000000 0.000000 0.000000 0.000000 0.000000 0.000000 0.000000 0.000000 0.000000 0.000000 0.000000 0.000000 0.500000 0.000000 0.000000
the mean of prob-rank is 1.5789473684210527
the number of false negetive edges is 0
the number of probability greater than 0 is 3.9/edge
