20
 0.000000 0.000000 0.000000 0.430234 0.000000 0.000000 0.000000 0.000000 0.000000 0.000000 0.000000 0.432125 0.034799 0.000000 0.102843 0.000000 0.000000 0.000000 0.000000 0.000000
 0.000000 0.000000 0.000000 0.000000 0.000000 0.000000 0.000000 0.500000 0.000000 0.000000 0.000000 0.000000 0.000000 0.000000 0.000000 0.500000 0.000000 0.000000 0.000000 0.000000
 0.000000 0.000000 0.000000 0.000000 0.107119 0.000000 0.000000 0.000000 0.000000 0.446491 0.446390 0.000000 0.000000 0.000000 0.000000 0.000000 0.000000 0.000000 0.000000 0.000000
 0.426459 0.000000 0.000000 0.000000 0.000000 0.000000 0.000000 0.000000 0.000000 0.000000 0.000000 0.142754 0.430787 0.000000 0.000000 0.000000 0.000000 0.000000 0.000000 0.000000
 0.000000 0.000000 0.107590 0.000000 0.000000 0.000000 0.000000 0.000000 0.000000 0.000000 0.448457 0.000000 0.000000 0.000000 0.443953 0.000000 0.000000 0.000000 0.000000 0.000000
 0.000000 0.000000 0.000000 0.000000 0.000000 0.000000 0.000000 0.000000 0.000000 0.000000 0.000000 0.000000 0.000000 0.000000 0.500000 0.000000 0.000000 0.500000 0.000000 0.000000
 0.000000 0.000000 0.000000 0.000000 0.000000 0.000000 0.000000 0.499999 0.000000 0.000000 0.000000 0.000000 0.000000 0.000000 0.000000 0.000000 0.500001 0.000000 0.000000 0.000000
 0.000000 0.500001 0.000000 0.000000 0.000000 0.000000 0.499999 0.000000 0.000000 0.000000 0.000000 0.000000 0.000000 0.000000 0.000000 0.000000 0.000000 0.000000 0.000000 0.000000
 0.000000 0.000000 0.000000 0.000000 0.000000 0.000000 0.000000 0.000000 0.000000 0.000000 0.001073 0.486461 0.000000 0.000000 0.000000 0.026541 0.000000 0.000000 0.485925 0.000000
 0.000000 0.000000 0.500000 0.000000 0.000000 0.000000 0.000000 0.000000 0.000000 0.000000 0.000000 0.000000 0.000000 0.000000 0.000000 0.000000 0.000000 0.000000 0.000000 0.500000
 0.000000 0.000000 0.487260 0.000000 0.487370 0.000000 0.000000 0.000000 0.001074 0.000000 0.000000 0.000000 0.000000 0.000000 0.000001 0.000000 0.000000 0.000000 0.024295 0.000000
 0.419025 0.000000 0.000000 0.139651 0.000000 0.000000 0.000000 0.000000 0.421248 0.000000 0.000000 0.000000 0.001163 0.000000 0.000000 0.000000 0.000000 0.018642 0.000270 0.000000
 0.038447 0.000000 0.000000 0.480152 0.000000 0.000000 0.000000 0.000000 0.000000 0.000000 0.000000 0.001325 0.000000 0.000000 0.000000 0.480076 0.000000 0.000000 0.000000 0.000000
 0.000000 0.000000 0.000000 0.000000 0.000000 0.000000 0.000000 0.000000 0.000000 0.000000 0.000000 0.000000 0.000000 0.000000 0.000000 0.000000 0.500000 0.000000 0.000000 0.500000
 0.106277 0.000000 0.000000 0.000000 0.444601 0.449112 0.000000 0.000000 0.000000 0.000000 0.000001 0.000000 0.000000 0.000000 0.000000 0.000000 0.000000 0.000010 0.000000 0.000000
 0.000000 0.486765 0.000000 0.000000 0.000000 0.000000 0.000000 0.000000 0.026547 0.000000 0.000000 0.000000 0.486688 0.000000 0.000000 0.000000 0.000000 0.000000 0.000000 0.000000
 0.000000 0.000000 0.000000 0.000000 0.000000 0.000000 0.500000 0.000000 0.000000 0.000000 0.000000 0.000000 0.000000 0.500000 0.000000 0.000000 0.000000 0.000000 0.000000 0.000000
 0.000000 0.000000 0.000000 0.000000 0.000000 0.489177 0.000000 0.000000 0.000000 0.000000 0.000000 0.021639 0.000000 0.000000 0.000011 0.000000 0.000000 0.000000 0.489173 0.000000
 0.000000 0.000000 0.000000 0.000000 0.000000 0.000000 0.000000 0.000000 0.487310 0.000000 0.024329 0.000313 0.000000 0.000000 0.000000 0.000000 0.000000 0.488048 0.000000 0.000000
 0.000000 0.000000 0.000000 0.000000 0.000000 0.000000 0.000000 0.000000 0.000000 0.500000 0.000000 0.000000 0.000000 0.500000 0.000000 0.000000 0.000000 0.000000 0.000000 0.000000
the mean of prob-rank is 1.4210526315789473
the number of false negetive edges is 0
the number of probability greater than 0 is 3.1/edge
