20
 0.000000 0.000176 0.000000 0.000000 0.000000 0.029785 0.263668 0.000000 0.000000 0.000003 0.000000 0.254941 0.000000 0.000000 0.236709 0.000000 0.000000 0.214718 0.000000 0.000000
 0.000291 0.000000 0.000000 0.000000 0.000000 0.000000 0.435339 0.000000 0.000000 0.000000 0.000000 0.000000 0.000000 0.435327 0.129043 0.000000 0.000000 0.000000 0.000000 0.000000
 0.000000 0.000000 0.000000 0.000000 0.000000 0.000000 0.000000 0.007022 0.302216 0.000003 0.000000 0.000000 0.000000 0.297367 0.000000 0.157580 0.000000 0.000000 0.235811 0.000001
 0.000000 0.000000 0.000000 0.000000 0.463146 0.460009 0.000000 0.000000 0.000000 0.000219 0.072934 0.000000 0.000000 0.000000 0.000000 0.000000 0.000000 0.000000 0.000000 0.003691
 0.000000 0.000000 0.000000 0.394850 0.000000 0.210795 0.000000 0.000000 0.000000 0.000000 0.394356 0.000000 0.000000 0.000000 0.000000 0.000000 0.000000 0.000000 0.000000 0.000000
 0.040640 0.000000 0.000000 0.357311 0.192056 0.000000 0.000081 0.000000 0.000000 0.359536 0.000002 0.000052 0.000002 0.000000 0.000000 0.000000 0.017768 0.000016 0.000000 0.032535
 0.499927 0.499865 0.000000 0.000000 0.000000 0.000113 0.000000 0.000000 0.000000 0.000002 0.000000 0.000007 0.000000 0.000000 0.000079 0.000000 0.000000 0.000007 0.000000 0.000000
 0.000000 0.000000 0.010756 0.000000 0.000000 0.000000 0.000000 0.000000 0.466954 0.000000 0.000000 0.000000 0.000000 0.055342 0.000000 0.466949 0.000000 0.000000 0.000000 0.000000
 0.000000 0.000000 0.385978 0.000000 0.000000 0.000000 0.000000 0.389355 0.000000 0.000000 0.000000 0.000000 0.000000 0.206878 0.000000 0.014961 0.000000 0.000000 0.002828 0.000000
 0.000005 0.000000 0.000004 0.000196 0.000000 0.413209 0.000001 0.000000 0.000000 0.000000 0.000000 0.000000 0.000000 0.111938 0.000000 0.000000 0.000000 0.000000 0.064653 0.409993
 0.000000 0.000000 0.000000 0.072955 0.462701 0.000003 0.000000 0.000000 0.000000 0.000000 0.000000 0.000000 0.001191 0.000000 0.000000 0.000001 0.463147 0.000000 0.000000 0.000002
 0.306198 0.000000 0.000000 0.000000 0.000000 0.000046 0.000005 0.000000 0.000000 0.000000 0.000000 0.000000 0.175241 0.000000 0.202138 0.000000 0.000008 0.316363 0.000000 0.000000
 0.000000 0.000000 0.000000 0.000000 0.000000 0.000002 0.000000 0.000000 0.000000 0.000000 0.000816 0.175635 0.000000 0.000000 0.312658 0.000000 0.317392 0.193497 0.000000 0.000000
 0.000000 0.344278 0.335866 0.000000 0.000000 0.000000 0.000000 0.040809 0.182954 0.093220 0.000000 0.000000 0.000000 0.000000 0.000000 0.000000 0.000000 0.000000 0.002874 0.000000
 0.236049 0.077929 0.000000 0.000000 0.000000 0.000000 0.000041 0.000000 0.000000 0.000000 0.000000 0.167831 0.259011 0.000000 0.000000 0.000000 0.005236 0.253903 0.000000 0.000000
 0.000000 0.000000 0.163004 0.000000 0.000000 0.000000 0.000000 0.315350 0.012118 0.000000 0.000001 0.000000 0.000000 0.000000 0.000000 0.000000 0.000000 0.000000 0.291943 0.217584
 0.000000 0.000000 0.000000 0.000000 0.000000 0.023870 0.000000 0.000000 0.000000 0.000000 0.483159 0.000013 0.483320 0.000000 0.009624 0.000000 0.000000 0.000015 0.000000 0.000000
 0.240310 0.000000 0.000000 0.000000 0.000000 0.000013 0.000004 0.000000 0.000000 0.000000 0.000000 0.294799 0.179904 0.000000 0.284961 0.000000 0.000009 0.000000 0.000000 0.000000
 0.000000 0.000000 0.270452 0.000000 0.000000 0.000000 0.000000 0.000000 0.002540 0.054673 0.000000 0.000000 0.000000 0.002918 0.000000 0.323689 0.000000 0.000000 0.000000 0.345728
 0.000000 0.000000 0.000001 0.002878 0.000000 0.032662 0.000000 0.000000 0.000000 0.358134 0.000002 0.000000 0.000000 0.000000 0.000000 0.249197 0.000000 0.000000 0.357126 0.000000
the mean of prob-rank is 1.5263157894736843
the number of false negetive edges is 0
the number of probability greater than 0 is 6.15/edge
