20
 0.000000 0.000000 0.000000 0.267646 0.000000 0.000000 0.361820 0.000000 0.000000 0.000000 0.000000 0.000000 0.000000 0.000000 0.370534 0.000000 0.000000 0.000000 0.000000 0.000000
 0.000000 0.000000 0.000000 0.000000 0.497002 0.000000 0.000012 0.006047 0.000000 0.000000 0.000000 0.000000 0.000000 0.000000 0.000000 0.000000 0.000000 0.000000 0.000000 0.496939
 0.000000 0.000000 0.000000 0.000000 0.000000 0.446362 0.000000 0.000000 0.000000 0.000000 0.100284 0.453355 0.000000 0.000000 0.000000 0.000000 0.000000 0.000000 0.000000 0.000000
 0.267076 0.000000 0.000000 0.000000 0.000000 0.000000 0.000000 0.000000 0.000000 0.000000 0.000000 0.000000 0.000000 0.000000 0.363179 0.000000 0.000000 0.000000 0.369745 0.000000
 0.000000 0.500000 0.000000 0.000000 0.000000 0.000000 0.000000 0.000000 0.000000 0.000000 0.000000 0.000000 0.000000 0.000000 0.000000 0.000000 0.500000 0.000000 0.000000 0.000000
 0.000000 0.000000 0.403608 0.000000 0.000000 0.000000 0.000000 0.000000 0.000000 0.000000 0.000000 0.186456 0.000000 0.000000 0.000000 0.409936 0.000000 0.000000 0.000000 0.000000
 0.365831 0.000009 0.000000 0.000000 0.000000 0.000000 0.000000 0.374517 0.000000 0.000000 0.000000 0.000000 0.000000 0.000000 0.259643 0.000000 0.000000 0.000000 0.000000 0.000000
 0.000000 0.005801 0.000000 0.000000 0.000000 0.000000 0.476642 0.000000 0.000000 0.474858 0.000000 0.000000 0.000000 0.000000 0.000000 0.000000 0.000000 0.000000 0.000000 0.042699
 0.000000 0.000000 0.000000 0.000000 0.000000 0.000000 0.000000 0.000000 0.000000 0.000000 0.000000 0.000000 0.000000 0.499999 0.000000 0.000000 0.000000 0.000000 0.500001 0.000000
 0.000000 0.000000 0.000000 0.000000 0.000000 0.000000 0.000000 0.466114 0.000000 0.000000 0.000000 0.000000 0.065783 0.000437 0.000000 0.000000 0.000000 0.000000 0.000000 0.467665
 0.000000 0.000000 0.099683 0.000000 0.000000 0.000000 0.000000 0.000000 0.000000 0.000000 0.000000 0.000000 0.449670 0.450647 0.000000 0.000000 0.000000 0.000000 0.000000 0.000000
 0.000000 0.000000 0.408440 0.000000 0.000000 0.185777 0.000000 0.000000 0.000000 0.000000 0.000000 0.000000 0.405783 0.000000 0.000000 0.000000 0.000000 0.000000 0.000000 0.000000
 0.000000 0.000000 0.000000 0.000000 0.000000 0.000000 0.000000 0.000000 0.000000 0.065931 0.468054 0.466013 0.000000 0.000000 0.000000 0.000000 0.000000 0.000000 0.000000 0.000002
 0.000000 0.000000 0.000000 0.000000 0.000000 0.000000 0.000000 0.000000 0.499765 0.000467 0.499767 0.000000 0.000000 0.000000 0.000000 0.000000 0.000000 0.000000 0.000000 0.000000
 0.373792 0.000000 0.000000 0.367154 0.000000 0.000000 0.259054 0.000000 0.000000 0.000000 0.000000 0.000000 0.000000 0.000000 0.000000 0.000000 0.000000 0.000000 0.000000 0.000000
 0.000000 0.000000 0.000000 0.000000 0.000000 0.499999 0.000000 0.000000 0.000000 0.000000 0.000000 0.000000 0.000000 0.000000 0.000000 0.000000 0.000000 0.500001 0.000000 0.000000
 0.000000 0.000000 0.000000 0.000000 0.500000 0.000000 0.000000 0.000000 0.000000 0.000000 0.000000 0.000000 0.000000 0.000000 0.000000 0.000000 0.000000 0.500000 0.000000 0.000000
 0.000000 0.000000 0.000000 0.000000 0.000000 0.000000 0.000000 0.000000 0.000000 0.000000 0.000000 0.000000 0.000000 0.000000 0.000000 0.500000 0.500000 0.000000 0.000000 0.000000
 0.000000 0.000000 0.000000 0.500000 0.000000 0.000000 0.000000 0.000000 0.500000 0.000000 0.000000 0.000000 0.000000 0.000000 0.000000 0.000000 0.000000 0.000000 0.000000 0.000000
 0.000000 0.478713 0.000000 0.000000 0.000000 0.000000 0.000000 0.042876 0.000000 0.478410 0.000000 0.000000 0.000002 0.000000 0.000000 0.000000 0.000000 0.000000 0.000000 0.000000
the mean of prob-rank is 1.5789473684210527
the number of false negetive edges is 0
the number of probability greater than 0 is 3.0/edge
