20
 0.000000 0.000000 0.000000 0.032585 0.483527 0.000000 0.000000 0.000000 0.000000 0.483754 0.000000 0.000134 0.000000 0.000000 0.000000 0.000000 0.000000 0.000000 0.000000 0.000000
 0.000000 0.000000 0.000000 0.000000 0.000000 0.000000 0.000000 0.000000 0.000000 0.000000 0.000000 0.114750 0.340712 0.153278 0.000000 0.391260 0.000000 0.000000 0.000000 0.000000
 0.000000 0.000000 0.000000 0.000000 0.000000 0.000000 0.000000 0.000000 0.486421 0.000000 0.000000 0.000000 0.000000 0.000000 0.026565 0.000000 0.487014 0.000000 0.000000 0.000000
 0.030476 0.000000 0.000000 0.000000 0.452436 0.000000 0.000000 0.000000 0.000000 0.000180 0.000000 0.443471 0.032320 0.041117 0.000000 0.000000 0.000000 0.000000 0.000000 0.000000
 0.498837 0.000000 0.000000 0.499069 0.000000 0.000000 0.000000 0.000000 0.001783 0.000305 0.000000 0.000000 0.000002 0.000005 0.000000 0.000000 0.000000 0.000000 0.000000 0.000000
 0.000000 0.000000 0.000000 0.000000 0.000000 0.000000 0.000000 0.000000 0.000000 0.000000 0.000000 0.000000 0.000000 0.000000 0.000000 0.500006 0.499994 0.000000 0.000000 0.000000
 0.000000 0.000000 0.000000 0.000000 0.000000 0.000000 0.000000 0.018846 0.000000 0.000000 0.488011 0.000000 0.000000 0.000000 0.000000 0.000000 0.000000 0.004354 0.000000 0.488788
 0.000000 0.000000 0.000000 0.000000 0.000000 0.000000 0.018083 0.000000 0.000000 0.000000 0.000000 0.000000 0.000000 0.000000 0.467127 0.000000 0.000000 0.468894 0.000007 0.045889
 0.000000 0.000000 0.300808 0.000000 0.001076 0.000000 0.000000 0.000000 0.000000 0.252275 0.000000 0.000000 0.000000 0.000000 0.127100 0.000000 0.000000 0.069489 0.249252 0.000000
 0.284043 0.000000 0.000000 0.000113 0.000173 0.000000 0.000000 0.000000 0.237918 0.000000 0.263636 0.003777 0.000000 0.000000 0.000000 0.000000 0.000000 0.000000 0.210341 0.000000
 0.000000 0.000000 0.000000 0.000000 0.000000 0.000000 0.327888 0.000000 0.000000 0.304815 0.000000 0.000000 0.000000 0.000000 0.000000 0.000000 0.000000 0.137387 0.229910 0.000000
 0.000095 0.100736 0.000000 0.336703 0.000000 0.000000 0.000000 0.000000 0.000000 0.004568 0.000000 0.000000 0.239912 0.317987 0.000000 0.000000 0.000000 0.000000 0.000000 0.000000
 0.000000 0.329976 0.000000 0.027072 0.000001 0.000000 0.000000 0.000000 0.000000 0.000000 0.000000 0.264676 0.000000 0.378189 0.000000 0.000085 0.000000 0.000000 0.000000 0.000000
 0.000000 0.162788 0.000000 0.037767 0.000004 0.000000 0.000000 0.000000 0.000000 0.000000 0.000000 0.384699 0.414722 0.000000 0.000000 0.000020 0.000000 0.000000 0.000000 0.000000
 0.000000 0.000000 0.021931 0.000000 0.000000 0.000000 0.000000 0.400458 0.169674 0.000000 0.000000 0.000000 0.000000 0.000000 0.000000 0.000000 0.000000 0.009179 0.000044 0.398715
 0.000000 0.499906 0.000000 0.000000 0.000000 0.499957 0.000000 0.000000 0.000000 0.000000 0.000000 0.000000 0.000113 0.000024 0.000000 0.000000 0.000000 0.000000 0.000000 0.000000
 0.000000 0.000000 0.499998 0.000000 0.000000 0.500002 0.000000 0.000000 0.000000 0.000000 0.000000 0.000000 0.000000 0.000000 0.000000 0.000000 0.000000 0.000000 0.000000 0.000000
 0.000000 0.000000 0.000000 0.000000 0.000000 0.000000 0.003327 0.373430 0.086178 0.000000 0.156258 0.000000 0.000000 0.000000 0.008527 0.000000 0.000000 0.000000 0.372264 0.000016
 0.000000 0.000000 0.000000 0.000000 0.000000 0.000000 0.000000 0.000004 0.253473 0.226811 0.214421 0.000000 0.000000 0.000000 0.000033 0.000000 0.000000 0.305256 0.000000 0.000000
 0.000000 0.000000 0.000000 0.000000 0.000000 0.000000 0.478573 0.046825 0.000000 0.000000 0.000000 0.000000 0.000000 0.000000 0.474581 0.000000 0.000000 0.000021 0.000000 0.000000
the mean of prob-rank is 1.368421052631579
the number of false negetive edges is 0
the number of probability greater than 0 is 4.9/edge
