20
 0.000000 0.000000 0.000000 0.000000 0.000000 0.000000 0.500000 0.500000 0.000000 0.000000 0.000000 0.000000 0.000000 0.000000 0.000000 0.000000 0.000000 0.000000 0.000000 0.000000
 0.000000 0.000000 0.244239 0.000000 0.260424 0.138711 0.000000 0.000000 0.000000 0.000000 0.000000 0.245789 0.000000 0.000000 0.000000 0.000000 0.000000 0.000000 0.000001 0.110835
 0.000000 0.330462 0.000000 0.356982 0.000000 0.000000 0.000000 0.000000 0.000000 0.000000 0.312552 0.000000 0.000000 0.000000 0.000003 0.000000 0.000000 0.000000 0.000000 0.000000
 0.000000 0.000000 0.379371 0.000000 0.000000 0.000000 0.000000 0.000000 0.000794 0.000000 0.249168 0.000000 0.000000 0.000000 0.370666 0.000000 0.000000 0.000000 0.000000 0.000000
 0.000000 0.339614 0.000000 0.000000 0.000000 0.000000 0.000000 0.000000 0.000000 0.000000 0.000000 0.316335 0.000000 0.000000 0.000000 0.000000 0.344051 0.000000 0.000000 0.000000
 0.000000 0.150477 0.000000 0.000000 0.000000 0.000000 0.047666 0.000000 0.255175 0.000000 0.000005 0.000144 0.000000 0.000000 0.000000 0.000000 0.000000 0.262788 0.009146 0.274598
 0.463717 0.000000 0.000000 0.000000 0.000000 0.077226 0.000000 0.000000 0.000011 0.000000 0.000000 0.000000 0.000000 0.000000 0.000000 0.000000 0.000000 0.459045 0.000000 0.000000
 0.500000 0.000000 0.000000 0.000000 0.000000 0.000000 0.000000 0.000000 0.000000 0.000000 0.000000 0.000000 0.000000 0.500000 0.000000 0.000000 0.000000 0.000000 0.000000 0.000000
 0.000000 0.000000 0.000000 0.000689 0.000000 0.293286 0.000008 0.000000 0.000000 0.000000 0.328722 0.000000 0.000000 0.000000 0.090375 0.000000 0.000000 0.000000 0.000000 0.286919
 0.000000 0.000000 0.000000 0.000000 0.000000 0.000000 0.000000 0.000000 0.000000 0.000000 0.000000 0.000000 0.000000 0.000000 0.499999 0.500001 0.000000 0.000000 0.000000 0.000000
 0.000000 0.000000 0.254215 0.190701 0.000000 0.000005 0.000000 0.000000 0.290136 0.000000 0.000000 0.000000 0.000000 0.000000 0.000000 0.000000 0.000000 0.000000 0.000000 0.264942
 0.000000 0.254753 0.000000 0.000000 0.251420 0.000138 0.000000 0.000000 0.000000 0.000000 0.000000 0.000000 0.000000 0.000000 0.000000 0.000000 0.247928 0.000000 0.245761 0.000000
 0.000000 0.000000 0.000000 0.000000 0.000000 0.000000 0.000000 0.000000 0.000000 0.000000 0.000000 0.000000 0.000000 0.500000 0.000000 0.500000 0.000000 0.000000 0.000000 0.000000
 0.000000 0.000000 0.000000 0.000000 0.000000 0.000000 0.000000 0.500000 0.000000 0.000000 0.000000 0.000000 0.500000 0.000000 0.000000 0.000000 0.000000 0.000000 0.000000 0.000000
 0.000000 0.000000 0.000004 0.433902 0.000000 0.000000 0.000000 0.000000 0.122003 0.444091 0.000000 0.000000 0.000000 0.000000 0.000000 0.000000 0.000000 0.000000 0.000000 0.000000
 0.000000 0.000000 0.000000 0.000000 0.000000 0.000000 0.000000 0.000000 0.000000 0.500000 0.000000 0.000000 0.500000 0.000000 0.000000 0.000000 0.000000 0.000000 0.000000 0.000000
 0.000000 0.000000 0.000000 0.000000 0.344958 0.000000 0.000000 0.000000 0.000000 0.000000 0.000000 0.312764 0.000000 0.000000 0.000000 0.000000 0.000000 0.000177 0.342101 0.000000
 0.000000 0.000000 0.000000 0.000000 0.000000 0.321698 0.346853 0.000000 0.000000 0.000000 0.000000 0.000000 0.000000 0.000000 0.000000 0.000000 0.000180 0.000000 0.331269 0.000000
 0.000000 0.000001 0.000000 0.000000 0.000000 0.009002 0.000000 0.000000 0.000000 0.000000 0.000000 0.253189 0.000000 0.000000 0.000000 0.000000 0.279380 0.266358 0.000000 0.192069
 0.000000 0.109229 0.000000 0.000000 0.000000 0.249459 0.000000 0.000000 0.226782 0.000000 0.237262 0.000000 0.000000 0.000000 0.000000 0.000000 0.000000 0.000000 0.177268 0.000000
the mean of prob-rank is 1.7894736842105263
the number of false negetive edges is 0
the number of probability greater than 0 is 4.0/edge
