20
 0.000000 0.364907 0.000000 0.000000 0.000000 0.000000 0.000000 0.000000 0.000000 0.000000 0.000000 0.000000 0.000000 0.000000 0.000000 0.000000 0.364358 0.000000 0.270734 0.000000
 0.500002 0.000000 0.000000 0.000000 0.000000 0.000000 0.000000 0.000000 0.499998 0.000000 0.000000 0.000000 0.000000 0.000000 0.000000 0.000000 0.000000 0.000000 0.000000 0.000000
 0.000000 0.000000 0.000000 0.000000 0.000000 0.000000 0.000000 0.000000 0.008254 0.494341 0.000000 0.000843 0.496562 0.000000 0.000000 0.000000 0.000000 0.000000 0.000000 0.000000
 0.000000 0.000000 0.000000 0.000000 0.000000 0.500011 0.000000 0.000000 0.000000 0.499929 0.000000 0.000000 0.000000 0.000000 0.000000 0.000000 0.000000 0.000060 0.000000 0.000000
 0.000000 0.000000 0.000000 0.000000 0.000000 0.000000 0.000000 0.000000 0.000000 0.000000 0.000000 0.000000 0.000000 0.000000 0.500006 0.499994 0.000000 0.000000 0.000000 0.000000
 0.000000 0.000000 0.000000 0.499931 0.000000 0.000000 0.000000 0.000018 0.000000 0.000012 0.000000 0.000000 0.000000 0.000000 0.000000 0.000000 0.000000 0.500039 0.000000 0.000000
 0.000000 0.000000 0.000000 0.000000 0.000000 0.000000 0.000000 0.000000 0.000000 0.000000 0.000000 0.000000 0.000000 0.000000 0.500000 0.000000 0.000000 0.000000 0.000000 0.500000
 0.000000 0.000000 0.000000 0.000000 0.000000 0.000013 0.000000 0.000000 0.000000 0.000000 0.331922 0.000000 0.000000 0.371963 0.000000 0.000000 0.000000 0.296102 0.000000 0.000000
 0.000000 0.495877 0.008242 0.000000 0.000000 0.000000 0.000000 0.000000 0.000000 0.000000 0.000000 0.495881 0.000000 0.000000 0.000000 0.000000 0.000000 0.000000 0.000000 0.000000
 0.000000 0.000000 0.388636 0.390235 0.000000 0.000009 0.000000 0.000000 0.000000 0.000000 0.000000 0.000000 0.000838 0.000000 0.000000 0.000000 0.000000 0.220282 0.000000 0.000000
 0.000000 0.000000 0.000000 0.000000 0.000000 0.000000 0.000000 0.318345 0.000000 0.000000 0.000000 0.000000 0.000000 0.324907 0.000000 0.356748 0.000000 0.000000 0.000000 0.000000
 0.000000 0.000000 0.000849 0.000000 0.000000 0.000000 0.000000 0.000000 0.499831 0.000000 0.000000 0.000000 0.499321 0.000000 0.000000 0.000000 0.000000 0.000000 0.000000 0.000000
 0.000000 0.000000 0.499719 0.000000 0.000000 0.000000 0.000000 0.000000 0.000000 0.001072 0.000000 0.499209 0.000000 0.000000 0.000000 0.000000 0.000000 0.000000 0.000000 0.000000
 0.000000 0.000000 0.000000 0.000000 0.000000 0.000000 0.000000 0.351366 0.000000 0.000000 0.320005 0.000000 0.000000 0.000000 0.000000 0.000000 0.000000 0.328629 0.000000 0.000000
 0.000000 0.000000 0.000000 0.000000 0.500000 0.000000 0.500000 0.000000 0.000000 0.000000 0.000000 0.000000 0.000000 0.000000 0.000000 0.000000 0.000000 0.000000 0.000000 0.000000
 0.000000 0.000000 0.000000 0.000000 0.499994 0.000000 0.000000 0.000000 0.000000 0.000000 0.500006 0.000000 0.000000 0.000000 0.000000 0.000000 0.000000 0.000000 0.000000 0.000000
 0.423174 0.000000 0.000000 0.000000 0.000000 0.000000 0.000000 0.000000 0.000000 0.000000 0.000000 0.000000 0.000000 0.000000 0.000000 0.000000 0.000000 0.000000 0.423812 0.153014
 0.000000 0.000000 0.000000 0.000036 0.000000 0.303422 0.000000 0.241540 0.000000 0.171213 0.000000 0.000000 0.000000 0.283788 0.000000 0.000000 0.000000 0.000000 0.000000 0.000000
 0.271954 0.000000 0.000000 0.000000 0.000000 0.000000 0.000000 0.000000 0.000000 0.000000 0.000000 0.000000 0.000000 0.000000 0.000000 0.000000 0.366552 0.000000 0.000000 0.361494
 0.000000 0.000000 0.000000 0.000000 0.000000 0.000000 0.426031 0.000000 0.000000 0.000000 0.000000 0.000000 0.000000 0.000000 0.000000 0.000000 0.153815 0.000000 0.420153 0.000000
the mean of prob-rank is 1.4736842105263157
the number of false negetive edges is 0
the number of probability greater than 0 is 3.1/edge
