20
 0.000000 0.000000 0.000000 0.000000 0.011643 0.126080 0.000000 0.421862 0.000000 0.018659 0.000000 0.000000 0.000000 0.000000 0.417052 0.000000 0.004704 0.000000 0.000000 0.000000
 0.000000 0.000000 0.000000 0.000000 0.000000 0.000000 0.000000 0.000000 0.499995 0.000000 0.500002 0.000000 0.000000 0.000000 0.000000 0.000003 0.000000 0.000000 0.000000 0.000000
 0.000000 0.000000 0.000000 0.486240 0.000000 0.000000 0.000000 0.000000 0.000000 0.000000 0.000000 0.000000 0.000000 0.000000 0.027638 0.000000 0.486122 0.000000 0.000000 0.000000
 0.000000 0.000000 0.486100 0.000000 0.000000 0.000000 0.000000 0.000000 0.000000 0.000000 0.000000 0.000000 0.000000 0.000000 0.027824 0.000000 0.000000 0.486076 0.000000 0.000000
 0.010567 0.000000 0.000000 0.000000 0.000000 0.000000 0.382297 0.016917 0.000000 0.374172 0.000000 0.000000 0.000000 0.000000 0.000000 0.216047 0.000000 0.000000 0.000000 0.000000
 0.130013 0.000000 0.000000 0.000000 0.000000 0.000000 0.000000 0.000000 0.000000 0.434577 0.000000 0.000000 0.000000 0.000000 0.435411 0.000000 0.000000 0.000000 0.000000 0.000000
 0.000000 0.000000 0.000000 0.000000 0.366967 0.000000 0.000000 0.000000 0.000000 0.272210 0.000000 0.000000 0.000000 0.000000 0.000000 0.360823 0.000000 0.000000 0.000000 0.000000
 0.467011 0.000000 0.000000 0.000000 0.020633 0.000000 0.000000 0.000000 0.000000 0.000000 0.000000 0.000000 0.000000 0.026404 0.000000 0.018524 0.467427 0.000000 0.000000 0.000000
 0.000000 0.498796 0.000000 0.000000 0.000000 0.000000 0.000000 0.000000 0.000000 0.000000 0.000000 0.000000 0.000000 0.002421 0.000000 0.498783 0.000000 0.000000 0.000000 0.000000
 0.016019 0.000000 0.000000 0.000000 0.353931 0.361810 0.268240 0.000000 0.000000 0.000000 0.000000 0.000000 0.000000 0.000000 0.000000 0.000000 0.000000 0.000000 0.000000 0.000000
 0.000000 0.481170 0.000000 0.000000 0.000000 0.000000 0.000000 0.000000 0.000000 0.000000 0.000000 0.038165 0.000000 0.480665 0.000000 0.000000 0.000000 0.000000 0.000000 0.000000
 0.000000 0.000000 0.000000 0.000000 0.000000 0.000000 0.000000 0.000000 0.000000 0.000000 0.038157 0.000000 0.000000 0.480778 0.000000 0.000000 0.000000 0.000000 0.000000 0.481065
 0.000000 0.000000 0.000000 0.000000 0.000000 0.000000 0.000000 0.000000 0.000000 0.000000 0.000000 0.000000 0.000000 0.000001 0.000000 0.000000 0.000000 0.499999 0.499999 0.000000
 0.000000 0.000000 0.000000 0.000000 0.000000 0.000000 0.000000 0.027231 0.002340 0.000000 0.481569 0.481788 0.000001 0.000000 0.000000 0.000000 0.000003 0.007068 0.000000 0.000000
 0.469939 0.000000 0.027044 0.027233 0.000000 0.475784 0.000000 0.000000 0.000000 0.000000 0.000000 0.000000 0.000000 0.000000 0.000000 0.000000 0.000000 0.000000 0.000000 0.000000
 0.000000 0.000002 0.000000 0.000000 0.218151 0.000000 0.379557 0.015335 0.386954 0.000000 0.000000 0.000000 0.000000 0.000000 0.000000 0.000000 0.000000 0.000000 0.000000 0.000000
 0.005540 0.000000 0.497169 0.000000 0.000000 0.000000 0.000000 0.497289 0.000000 0.000000 0.000000 0.000000 0.000000 0.000003 0.000000 0.000000 0.000000 0.000000 0.000000 0.000000
 0.000000 0.000000 0.000000 0.496348 0.000000 0.000000 0.000000 0.000000 0.000000 0.000000 0.000000 0.000000 0.496375 0.007277 0.000000 0.000000 0.000000 0.000000 0.000000 0.000000
 0.000000 0.000000 0.000000 0.000000 0.000000 0.000000 0.000000 0.000000 0.000000 0.000000 0.000000 0.000000 0.500001 0.000000 0.000000 0.000000 0.000000 0.000000 0.000000 0.499999
 0.000000 0.000000 0.000000 0.000000 0.000000 0.000000 0.000000 0.000000 0.000000 0.000000 0.000000 0.500001 0.000000 0.000000 0.000000 0.000000 0.000000 0.000000 0.499999 0.000000
the mean of prob-rank is 1.4736842105263157
the number of false negetive edges is 0
the number of probability greater than 0 is 3.7/edge
