20
 0.000000 0.000000 0.000000 0.000000 0.000000 0.000000 0.000000 0.000000 0.000000 0.000000 0.367869 0.389605 0.000000 0.000000 0.000000 0.000000 0.242525 0.000000 0.000000 0.000000
 0.000000 0.000000 0.000000 0.000000 0.000000 0.000000 0.000000 0.000000 0.480374 0.480399 0.000000 0.000000 0.000000 0.000000 0.000000 0.000000 0.000000 0.000000 0.000000 0.039227
 0.000000 0.000000 0.000000 0.000000 0.000000 0.000000 0.000000 0.500001 0.000000 0.000000 0.000000 0.000000 0.000000 0.000000 0.000000 0.000000 0.000000 0.000000 0.499999 0.000000
 0.000000 0.000000 0.000000 0.000000 0.000000 0.000000 0.500001 0.000000 0.000000 0.000000 0.000000 0.000000 0.499999 0.000000 0.000000 0.000000 0.000000 0.000000 0.000000 0.000000
 0.000000 0.000000 0.000000 0.000000 0.000000 0.000000 0.000000 0.000000 0.003285 0.000000 0.000000 0.000000 0.000000 0.000000 0.498346 0.000000 0.000000 0.498341 0.000000 0.000028
 0.000000 0.000000 0.000000 0.000000 0.000000 0.000000 0.000000 0.000000 0.000000 0.000000 0.000000 0.500000 0.000000 0.000000 0.000000 0.500000 0.000000 0.000000 0.000000 0.000000
 0.000000 0.000000 0.000000 0.500005 0.000000 0.000000 0.000000 0.499995 0.000000 0.000000 0.000000 0.000000 0.000000 0.000000 0.000000 0.000000 0.000000 0.000000 0.000000 0.000000
 0.000000 0.000000 0.500005 0.000000 0.000000 0.000000 0.499995 0.000000 0.000000 0.000000 0.000000 0.000000 0.000000 0.000000 0.000000 0.000000 0.000000 0.000000 0.000000 0.000000
 0.000000 0.383456 0.000000 0.000000 0.002528 0.000000 0.000000 0.000000 0.000000 0.023521 0.147074 0.000000 0.000000 0.383348 0.000001 0.000000 0.000000 0.000000 0.000000 0.060072
 0.000000 0.484396 0.000000 0.000000 0.000000 0.000000 0.000000 0.000000 0.029711 0.000000 0.000000 0.000000 0.000000 0.001338 0.000221 0.000000 0.000000 0.000000 0.000000 0.484335
 0.367245 0.000000 0.000000 0.000000 0.000000 0.000000 0.000000 0.000000 0.149174 0.000000 0.000000 0.000000 0.000000 0.094626 0.000000 0.000000 0.388954 0.000000 0.000000 0.000000
 0.499994 0.000000 0.000000 0.000000 0.000000 0.500006 0.000000 0.000000 0.000000 0.000000 0.000000 0.000000 0.000000 0.000000 0.000000 0.000000 0.000000 0.000000 0.000000 0.000000
 0.000000 0.000000 0.000000 0.499999 0.000000 0.000000 0.000000 0.000000 0.000000 0.000000 0.000000 0.000000 0.000000 0.000000 0.000000 0.000000 0.000000 0.500001 0.000000 0.000000
 0.000000 0.000000 0.000000 0.000000 0.000000 0.000000 0.000000 0.000000 0.445404 0.001231 0.108396 0.000000 0.000000 0.000000 0.000000 0.000000 0.444970 0.000000 0.000000 0.000000
 0.000000 0.000000 0.000000 0.000000 0.499891 0.000000 0.000000 0.000000 0.000001 0.000228 0.000000 0.000000 0.000000 0.000000 0.000000 0.000000 0.000000 0.000015 0.000000 0.499865
 0.000000 0.000000 0.000000 0.000000 0.000000 0.500000 0.000000 0.000000 0.000000 0.000000 0.000000 0.000000 0.000000 0.000000 0.000000 0.000000 0.000000 0.000000 0.500000 0.000000
 0.237480 0.000000 0.000000 0.000000 0.000000 0.000000 0.000000 0.000000 0.000000 0.000000 0.381510 0.000000 0.000000 0.381010 0.000000 0.000000 0.000000 0.000000 0.000000 0.000000
 0.000000 0.000000 0.000000 0.000000 0.499990 0.000000 0.000000 0.000000 0.000001 0.000000 0.000000 0.000000 0.499994 0.000000 0.000015 0.000000 0.000000 0.000000 0.000000 0.000000
 0.000000 0.000000 0.499999 0.000000 0.000000 0.000000 0.000000 0.000000 0.000000 0.000000 0.000000 0.000000 0.000000 0.000000 0.000000 0.500001 0.000000 0.000000 0.000000 0.000000
 0.000000 0.036482 0.000000 0.000000 0.000025 0.000000 0.000000 0.000000 0.069990 0.446734 0.000000 0.000000 0.000000 0.000000 0.446768 0.000000 0.000000 0.000000 0.000000 0.000000
the mean of prob-rank is 1.4210526315789473
the number of false negetive edges is 0
the number of probability greater than 0 is 3.15/edge
