20
 0.000000 0.151096 0.001177 0.000000 0.406073 0.033968 0.000000 0.000000 0.000000 0.000000 0.000000 0.407687 0.000000 0.000000 0.000000 0.000000 0.000000 0.000000 0.000000 0.000000
 0.154880 0.000000 0.000000 0.000000 0.012286 0.000000 0.000000 0.000000 0.000000 0.000000 0.000000 0.414874 0.000000 0.000000 0.000000 0.000000 0.000000 0.000000 0.417961 0.000000
 0.001003 0.000000 0.000000 0.176157 0.347240 0.002074 0.000000 0.000000 0.319708 0.000000 0.000000 0.000005 0.153814 0.000000 0.000000 0.000000 0.000000 0.000000 0.000000 0.000000
 0.000000 0.000000 0.172035 0.000000 0.000003 0.000000 0.080185 0.000000 0.044601 0.000000 0.338121 0.000000 0.339339 0.000000 0.002846 0.000000 0.000000 0.006814 0.000000 0.016055
 0.403101 0.011898 0.404540 0.000003 0.000000 0.000000 0.000000 0.000000 0.000000 0.000000 0.000000 0.180081 0.000033 0.000000 0.000000 0.000000 0.000000 0.000000 0.000344 0.000000
 0.039917 0.000000 0.002860 0.000000 0.000000 0.000000 0.000604 0.000000 0.477393 0.000000 0.000000 0.000001 0.000000 0.479222 0.000000 0.000000 0.000000 0.000000 0.000000 0.000002
 0.000000 0.000000 0.000000 0.063943 0.000000 0.000341 0.000000 0.000000 0.000000 0.000000 0.128861 0.000000 0.209886 0.000000 0.106360 0.000000 0.000000 0.220020 0.000000 0.270589
 0.000000 0.000000 0.000000 0.000000 0.000000 0.000000 0.000000 0.000000 0.000000 0.000000 0.000000 0.000000 0.000000 0.000000 0.000000 0.000000 0.500002 0.499998 0.000000 0.000000
 0.000000 0.000000 0.264173 0.037736 0.000000 0.286017 0.000000 0.000000 0.000000 0.000000 0.000000 0.000000 0.279873 0.132200 0.000000 0.000000 0.000000 0.000000 0.000000 0.000000
 0.000000 0.000000 0.000000 0.000000 0.000000 0.000000 0.000000 0.000000 0.000000 0.000000 0.000000 0.000000 0.000000 0.000000 0.000000 0.500000 0.000000 0.000000 0.500000 0.000000
 0.000000 0.000000 0.000000 0.306513 0.000000 0.000000 0.146487 0.000000 0.000000 0.000000 0.000000 0.000000 0.004557 0.000000 0.173282 0.000000 0.000000 0.297964 0.000000 0.071197
 0.410214 0.407247 0.000006 0.000000 0.182533 0.000000 0.000000 0.000000 0.000000 0.000000 0.000000 0.000000 0.000000 0.000000 0.000000 0.000000 0.000000 0.000000 0.000000 0.000000
 0.000000 0.000000 0.136455 0.308254 0.000025 0.000000 0.239088 0.000000 0.300482 0.000000 0.004566 0.000000 0.000000 0.001553 0.000518 0.000000 0.000000 0.000000 0.000000 0.009059
 0.000000 0.000000 0.000000 0.000000 0.000000 0.410778 0.000000 0.000000 0.189141 0.000000 0.000000 0.000000 0.002069 0.000000 0.398012 0.000000 0.000000 0.000000 0.000000 0.000000
 0.000000 0.000000 0.000000 0.002871 0.000000 0.000000 0.134540 0.000000 0.000000 0.000000 0.192818 0.000000 0.000575 0.331662 0.000000 0.000000 0.000000 0.000000 0.000000 0.337533
 0.000000 0.000000 0.000000 0.000000 0.000000 0.000000 0.000000 0.000000 0.000000 0.500000 0.000000 0.000000 0.000000 0.000000 0.000000 0.000000 0.500000 0.000000 0.000000 0.000000
 0.000000 0.000000 0.000000 0.000000 0.000000 0.000000 0.000000 0.500000 0.000000 0.000000 0.000000 0.000000 0.000000 0.000000 0.000000 0.500000 0.000000 0.000000 0.000000 0.000000
 0.000000 0.000000 0.000000 0.007167 0.000000 0.000000 0.290198 0.356914 0.000000 0.000000 0.345717 0.000000 0.000000 0.000000 0.000000 0.000000 0.000000 0.000000 0.000000 0.000004
 0.000000 0.499763 0.000000 0.000000 0.000424 0.000000 0.000000 0.000000 0.000000 0.499813 0.000000 0.000000 0.000000 0.000000 0.000000 0.000000 0.000000 0.000000 0.000000 0.000000
 0.000000 0.000000 0.000000 0.020623 0.000000 0.000002 0.435859 0.000000 0.000000 0.000000 0.100885 0.000000 0.012810 0.000000 0.429815 0.000000 0.000000 0.000005 0.000000 0.000000
the mean of prob-rank is 1.631578947368421
the number of false negetive edges is 0
the number of probability greater than 0 is 5.1/edge
