20
 0.000000 0.000000 0.000001 0.000000 0.000000 0.000000 0.444217 0.000000 0.000000 0.000000 0.000000 0.000000 0.000000 0.000000 0.000000 0.000000 0.000000 0.444254 0.111528 0.000000
 0.000000 0.000000 0.000000 0.000000 0.000000 0.000000 0.000000 0.000000 0.000000 0.000000 0.000000 0.000000 0.000000 0.000000 0.000000 0.470102 0.000000 0.000000 0.469474 0.060425
 0.000001 0.000000 0.000000 0.000000 0.000000 0.000000 0.000000 0.018093 0.000000 0.000000 0.000000 0.000000 0.490941 0.490959 0.000000 0.000000 0.000000 0.000000 0.000007 0.000000
 0.000000 0.000000 0.000000 0.000000 0.000000 0.000000 0.000012 0.000000 0.000000 0.000000 0.000000 0.000000 0.499994 0.000000 0.000000 0.000000 0.000000 0.499994 0.000000 0.000000
 0.000000 0.000000 0.000000 0.000000 0.000000 0.001239 0.000000 0.000000 0.000000 0.499388 0.000000 0.000000 0.000000 0.000000 0.499374 0.000000 0.000000 0.000000 0.000000 0.000000
 0.000000 0.000000 0.000000 0.000000 0.001239 0.000000 0.000000 0.499154 0.000000 0.000000 0.000000 0.000000 0.000000 0.000000 0.499606 0.000000 0.000000 0.000000 0.000000 0.000000
 0.452586 0.000000 0.000000 0.000011 0.000000 0.000000 0.000000 0.000000 0.000000 0.000000 0.000000 0.000000 0.000000 0.000000 0.000000 0.452606 0.000000 0.000000 0.094797 0.000000
 0.000000 0.000000 0.018090 0.000000 0.000000 0.490433 0.000000 0.000000 0.000000 0.000000 0.000000 0.000000 0.000000 0.490862 0.000615 0.000000 0.000000 0.000000 0.000000 0.000000
 0.000000 0.000000 0.000000 0.000000 0.000000 0.000000 0.000000 0.000000 0.000000 0.000000 0.500000 0.500000 0.000000 0.000000 0.000000 0.000000 0.000000 0.000000 0.000001 0.000000
 0.000000 0.000000 0.000000 0.000000 0.500000 0.000000 0.000000 0.000000 0.000000 0.000000 0.000000 0.000000 0.000000 0.000000 0.000000 0.000000 0.500000 0.000000 0.000000 0.000000
 0.000000 0.000000 0.000000 0.000000 0.000000 0.000000 0.000000 0.000000 0.500000 0.000000 0.000000 0.000000 0.000000 0.000000 0.000000 0.000000 0.500000 0.000000 0.000000 0.000000
 0.000000 0.000000 0.000000 0.000000 0.000000 0.000000 0.000000 0.000000 0.500000 0.000000 0.000000 0.000000 0.000000 0.000000 0.000000 0.000000 0.000000 0.000000 0.000000 0.500000
 0.000000 0.000000 0.499763 0.499781 0.000000 0.000000 0.000000 0.000000 0.000000 0.000000 0.000000 0.000000 0.000000 0.000447 0.000008 0.000000 0.000000 0.000000 0.000000 0.000000
 0.000000 0.000000 0.499785 0.000000 0.000000 0.000000 0.000000 0.499768 0.000000 0.000000 0.000000 0.000000 0.000447 0.000000 0.000000 0.000000 0.000000 0.000000 0.000000 0.000000
 0.000000 0.000000 0.000000 0.000000 0.499676 0.499689 0.000000 0.000626 0.000000 0.000000 0.000000 0.000000 0.000008 0.000000 0.000000 0.000000 0.000000 0.000000 0.000000 0.000000
 0.000000 0.495764 0.000000 0.000000 0.000000 0.000000 0.495744 0.000000 0.000000 0.000000 0.000000 0.000000 0.000000 0.000000 0.000000 0.000000 0.000000 0.000000 0.008492 0.000000
 0.000000 0.000000 0.000000 0.000000 0.000000 0.000000 0.000000 0.000000 0.000000 0.500000 0.500000 0.000000 0.000000 0.000000 0.000000 0.000000 0.000000 0.000000 0.000000 0.000000
 0.500000 0.000000 0.000000 0.500000 0.000000 0.000000 0.000000 0.000000 0.000000 0.000000 0.000000 0.000000 0.000000 0.000000 0.000000 0.000000 0.000000 0.000000 0.000000 0.000000
 0.101446 0.403556 0.000005 0.000000 0.000000 0.000000 0.084633 0.000000 0.000000 0.000000 0.000000 0.000000 0.000000 0.000000 0.000000 0.006922 0.000000 0.000000 0.000000 0.403436
 0.000000 0.060433 0.000000 0.000000 0.000000 0.000000 0.000000 0.000000 0.000000 0.000000 0.000000 0.470167 0.000000 0.000000 0.000000 0.000000 0.000000 0.000000 0.469400 0.000000
the mean of prob-rank is 1.5263157894736843
the number of false negetive edges is 0
the number of probability greater than 0 is 3.15/edge
