20
 0.000000 0.000000 0.008684 0.000000 0.000000 0.000000 0.000000 0.000000 0.000000 0.000000 0.000000 0.000000 0.496129 0.000000 0.000000 0.000000 0.000000 0.495187 0.000000 0.000000
 0.000000 0.000000 0.000000 0.365360 0.000000 0.000000 0.000000 0.271002 0.000000 0.000000 0.363639 0.000000 0.000000 0.000000 0.000000 0.000000 0.000000 0.000000 0.000000 0.000000
 0.006176 0.000000 0.000000 0.000000 0.000000 0.320148 0.320840 0.000000 0.000000 0.000000 0.000000 0.000000 0.000000 0.000000 0.000000 0.000000 0.000000 0.352836 0.000000 0.000000
 0.000000 0.499624 0.000000 0.000000 0.000000 0.000000 0.000000 0.000001 0.000000 0.000000 0.001121 0.000000 0.000000 0.000000 0.000000 0.000000 0.499253 0.000000 0.000001 0.000000
 0.000000 0.000000 0.000000 0.000000 0.000000 0.000000 0.000000 0.000000 0.000000 0.000000 0.000000 0.500000 0.000000 0.000000 0.000000 0.000000 0.000000 0.000000 0.000000 0.500000
 0.000000 0.000000 0.249923 0.000000 0.000000 0.000000 0.235713 0.000000 0.275433 0.000000 0.000000 0.000000 0.000000 0.000000 0.000000 0.143932 0.000000 0.094999 0.000000 0.000000
 0.000000 0.000000 0.222574 0.000000 0.000000 0.209465 0.000000 0.000000 0.216191 0.000000 0.150823 0.000000 0.000000 0.000000 0.000000 0.200947 0.000000 0.000000 0.000000 0.000000
 0.000000 0.264700 0.000000 0.000001 0.000000 0.000000 0.000000 0.000000 0.000000 0.000000 0.356802 0.000000 0.000000 0.000000 0.000000 0.335627 0.042870 0.000000 0.000000 0.000000
 0.000000 0.000000 0.000000 0.000000 0.000000 0.347591 0.307016 0.000000 0.000000 0.000000 0.000000 0.000000 0.000000 0.000000 0.000000 0.345393 0.000000 0.000000 0.000000 0.000000
 0.000000 0.000000 0.000000 0.000000 0.000000 0.000000 0.000000 0.000000 0.000000 0.000000 0.000000 0.000000 0.000000 0.500000 0.000000 0.000000 0.000000 0.000000 0.500000 0.000000
 0.000000 0.380820 0.000000 0.000858 0.000000 0.000000 0.235765 0.382557 0.000000 0.000000 0.000000 0.000000 0.000000 0.000000 0.000000 0.000000 0.000000 0.000000 0.000000 0.000000
 0.000000 0.000000 0.000000 0.000000 0.500000 0.000000 0.000000 0.000000 0.000000 0.000000 0.000000 0.000000 0.500000 0.000000 0.000000 0.000000 0.000000 0.000000 0.000000 0.000000
 0.500000 0.000000 0.000000 0.000000 0.000000 0.000000 0.000000 0.000000 0.000000 0.000000 0.000000 0.500000 0.000000 0.000000 0.000000 0.000000 0.000000 0.000000 0.000000 0.000000
 0.000000 0.000000 0.000000 0.000000 0.000000 0.000000 0.000000 0.000000 0.000000 0.500000 0.000000 0.000000 0.000000 0.000000 0.000000 0.000000 0.000000 0.000000 0.000000 0.500000
 0.000000 0.000000 0.000000 0.000000 0.000000 0.000000 0.000000 0.000000 0.000000 0.000000 0.000000 0.000000 0.000000 0.000000 0.000000 0.000000 0.500002 0.000000 0.499998 0.000000
 0.000000 0.000000 0.000000 0.000000 0.000000 0.159429 0.250473 0.286941 0.303158 0.000000 0.000000 0.000000 0.000000 0.000000 0.000000 0.000000 0.000000 0.000000 0.000000 0.000000
 0.000000 0.000000 0.000000 0.471484 0.000000 0.000000 0.000000 0.056682 0.000000 0.000000 0.000000 0.000000 0.000000 0.000000 0.471834 0.000000 0.000000 0.000000 0.000000 0.000000
 0.425993 0.000000 0.426803 0.000000 0.000000 0.147203 0.000000 0.000000 0.000000 0.000000 0.000000 0.000000 0.000000 0.000000 0.000000 0.000000 0.000000 0.000000 0.000000 0.000000
 0.000000 0.000000 0.000000 0.000001 0.000000 0.000000 0.000000 0.000000 0.000000 0.500001 0.000000 0.000000 0.000000 0.000000 0.499998 0.000000 0.000000 0.000000 0.000000 0.000000
 0.000000 0.000000 0.000000 0.000000 0.500000 0.000000 0.000000 0.000000 0.000000 0.000000 0.000000 0.000000 0.000000 0.500000 0.000000 0.000000 0.000000 0.000000 0.000000 0.000000
the mean of prob-rank is 1.5789473684210527
the number of false negetive edges is 0
the number of probability greater than 0 is 3.05/edge
