20
 0.000000 0.000000 0.000000 0.500000 0.000000 0.000000 0.000000 0.000000 0.500000 0.000000 0.000000 0.000000 0.000000 0.000000 0.000000 0.000000 0.000000 0.000000 0.000000 0.000000
 0.000000 0.000000 0.000000 0.000000 0.352060 0.000000 0.000000 0.000001 0.000000 0.000000 0.000000 0.000000 0.340542 0.000000 0.000000 0.000000 0.000000 0.000000 0.000000 0.307397
 0.000000 0.000000 0.000000 0.416934 0.000000 0.000000 0.104652 0.000000 0.000000 0.000000 0.000000 0.000000 0.000000 0.000000 0.000427 0.000000 0.000000 0.419438 0.000000 0.058549
 0.418810 0.000000 0.416311 0.000000 0.000000 0.000000 0.003231 0.000000 0.000000 0.000000 0.000000 0.000000 0.000000 0.000000 0.000000 0.000000 0.000000 0.121916 0.000000 0.039732
 0.000000 0.391997 0.000000 0.000000 0.000000 0.000000 0.000000 0.352471 0.000000 0.000000 0.000000 0.000000 0.000911 0.000000 0.000000 0.000000 0.000000 0.000000 0.000000 0.254621
 0.000000 0.000000 0.000000 0.000000 0.000000 0.000000 0.000000 0.000000 0.000000 0.000000 0.000000 0.485647 0.028643 0.000000 0.000000 0.485710 0.000000 0.000000 0.000000 0.000000
 0.000000 0.000000 0.110912 0.003430 0.000000 0.000000 0.000000 0.000000 0.000000 0.000000 0.000000 0.000000 0.000000 0.000000 0.000000 0.000000 0.444524 0.441134 0.000000 0.000000
 0.000000 0.000001 0.000000 0.000000 0.312357 0.000000 0.000000 0.000000 0.000000 0.000000 0.000146 0.000000 0.337850 0.000000 0.000000 0.000000 0.000000 0.000000 0.347043 0.002603
 0.500000 0.000000 0.000000 0.000000 0.000000 0.000000 0.000000 0.000000 0.000000 0.000000 0.500000 0.000000 0.000000 0.000000 0.000000 0.000000 0.000000 0.000000 0.000000 0.000000
 0.000000 0.000000 0.000000 0.000000 0.000000 0.000000 0.000000 0.000000 0.000000 0.000000 0.000000 0.002594 0.000000 0.498691 0.498716 0.000000 0.000000 0.000000 0.000000 0.000000
 0.000000 0.000000 0.000000 0.000000 0.000000 0.000000 0.000000 0.000209 0.496246 0.000000 0.000000 0.000000 0.000000 0.000000 0.000000 0.000000 0.000000 0.000000 0.007453 0.496092
 0.000000 0.000000 0.000000 0.000000 0.000000 0.498843 0.000000 0.000000 0.000000 0.002595 0.000000 0.000000 0.000000 0.000000 0.498562 0.000000 0.000000 0.000000 0.000000 0.000000
 0.000000 0.273749 0.000000 0.000000 0.000658 0.016694 0.000000 0.275241 0.000000 0.000000 0.000000 0.000000 0.000000 0.000000 0.000000 0.230442 0.000000 0.000000 0.203216 0.000000
 0.000000 0.000000 0.000000 0.000000 0.000000 0.000000 0.000000 0.000000 0.000000 0.486459 0.000000 0.000000 0.000000 0.000000 0.027058 0.000000 0.486483 0.000000 0.000000 0.000000
 0.000000 0.000000 0.000495 0.000000 0.000000 0.000000 0.000000 0.000000 0.000000 0.486272 0.000000 0.485935 0.000000 0.027047 0.000000 0.000000 0.000000 0.000251 0.000000 0.000000
 0.000000 0.000000 0.000000 0.000000 0.000000 0.361068 0.000000 0.000000 0.000000 0.000000 0.000000 0.000000 0.293917 0.000000 0.000000 0.000000 0.000000 0.000000 0.345015 0.000000
 0.000000 0.000000 0.000000 0.000000 0.000000 0.000000 0.499999 0.000000 0.000000 0.000000 0.000000 0.000000 0.000000 0.500000 0.000000 0.000000 0.000000 0.000001 0.000000 0.000000
 0.000000 0.000000 0.436401 0.127036 0.000000 0.000000 0.433073 0.000000 0.000000 0.000000 0.000000 0.000000 0.000000 0.000000 0.000225 0.000000 0.000001 0.000000 0.000000 0.003264
 0.000000 0.000000 0.000000 0.000000 0.000000 0.000000 0.000000 0.371670 0.000000 0.000000 0.005589 0.000000 0.267142 0.000000 0.000000 0.355599 0.000000 0.000000 0.000000 0.000000
 0.000000 0.314966 0.050369 0.034232 0.234310 0.000000 0.000000 0.002703 0.000000 0.000000 0.360722 0.000000 0.000000 0.000000 0.000000 0.000000 0.000000 0.002698 0.000000 0.000000
the mean of prob-rank is 1.631578947368421
the number of false negetive edges is 0
the number of probability greater than 0 is 4.0/edge
