20
 0.000000 0.000000 0.000000 0.000000 0.012772 0.000008 0.000000 0.000000 0.000000 0.001213 0.000000 0.420139 0.000000 0.422045 0.000000 0.000000 0.000000 0.143822 0.000000 0.000000
 0.000000 0.000000 0.000000 0.000000 0.000000 0.000000 0.000000 0.499998 0.000000 0.000000 0.000000 0.000003 0.000000 0.000000 0.000000 0.000000 0.000000 0.499998 0.000000 0.000000
 0.000000 0.000000 0.000000 0.498417 0.000000 0.000000 0.000000 0.000000 0.000000 0.000000 0.000000 0.003160 0.000000 0.000000 0.000000 0.000000 0.498422 0.000000 0.000000 0.000000
 0.000000 0.000000 0.499309 0.000000 0.000000 0.000000 0.000000 0.499314 0.000000 0.000000 0.000000 0.001378 0.000000 0.000000 0.000000 0.000000 0.000000 0.000000 0.000000 0.000000
 0.014905 0.000000 0.000000 0.000000 0.000000 0.492547 0.000000 0.000000 0.000001 0.000000 0.000000 0.000000 0.000000 0.000000 0.000000 0.492547 0.000000 0.000000 0.000000 0.000000
 0.000010 0.000000 0.000000 0.000000 0.487605 0.000000 0.000000 0.000000 0.024793 0.487593 0.000000 0.000000 0.000000 0.000000 0.000000 0.000000 0.000000 0.000000 0.000000 0.000000
 0.000000 0.000000 0.000000 0.000000 0.000000 0.000000 0.000000 0.000000 0.500000 0.000000 0.000000 0.000000 0.000000 0.000000 0.000000 0.500000 0.000000 0.000000 0.000000 0.000000
 0.000000 0.499967 0.000000 0.499968 0.000000 0.000000 0.000000 0.000000 0.000000 0.000000 0.000000 0.000000 0.000000 0.000000 0.000065 0.000000 0.000000 0.000000 0.000000 0.000000
 0.000000 0.000000 0.000000 0.000000 0.000001 0.024853 0.488796 0.000000 0.000000 0.000000 0.486345 0.000000 0.000000 0.000000 0.000000 0.000005 0.000000 0.000000 0.000000 0.000000
 0.001432 0.000000 0.000000 0.000000 0.000000 0.498019 0.000000 0.000000 0.000000 0.000000 0.000000 0.498037 0.000000 0.002512 0.000000 0.000000 0.000000 0.000000 0.000000 0.000000
 0.000000 0.000000 0.000000 0.000000 0.000000 0.000000 0.000000 0.000000 0.468175 0.000000 0.000000 0.001350 0.000000 0.000000 0.000000 0.000000 0.037973 0.000000 0.470184 0.022317
 0.419192 0.000003 0.002670 0.001162 0.000000 0.000000 0.000000 0.000000 0.000000 0.421092 0.001208 0.000000 0.000000 0.154671 0.000000 0.000000 0.000003 0.000000 0.000000 0.000000
 0.000000 0.000000 0.000000 0.000000 0.000000 0.000000 0.000000 0.000000 0.000000 0.000000 0.000000 0.000000 0.000000 0.000000 0.479163 0.000000 0.000000 0.000000 0.041732 0.479104
 0.422093 0.000000 0.000000 0.000000 0.000000 0.000000 0.000000 0.000000 0.000000 0.002129 0.000000 0.155038 0.000000 0.000000 0.000000 0.000000 0.000000 0.420740 0.000000 0.000000
 0.000000 0.000000 0.000000 0.000000 0.000000 0.000000 0.000000 0.000065 0.000000 0.000000 0.000000 0.000000 0.499975 0.000000 0.000000 0.000000 0.499961 0.000000 0.000000 0.000000
 0.000000 0.000000 0.000000 0.000000 0.499994 0.000000 0.500001 0.000000 0.000005 0.000000 0.000000 0.000000 0.000000 0.000000 0.000000 0.000000 0.000000 0.000000 0.000000 0.000000
 0.000000 0.000000 0.480612 0.000000 0.000000 0.000000 0.000000 0.000000 0.000000 0.000000 0.038786 0.000003 0.000000 0.000000 0.480599 0.000000 0.000000 0.000000 0.000000 0.000000
 0.145781 0.427795 0.000000 0.000000 0.000000 0.000000 0.000000 0.000000 0.000000 0.000000 0.000000 0.000000 0.000000 0.426424 0.000000 0.000000 0.000000 0.000000 0.000000 0.000000
 0.000000 0.000000 0.000000 0.000000 0.000000 0.000000 0.000000 0.000000 0.000000 0.000000 0.478948 0.000000 0.041745 0.000000 0.000000 0.000000 0.000000 0.000000 0.000000 0.479307
 0.000000 0.000000 0.000000 0.000000 0.000000 0.000000 0.000000 0.000000 0.000000 0.000000 0.023167 0.000000 0.488386 0.000000 0.000000 0.000000 0.000000 0.000000 0.488447 0.000000
the mean of prob-rank is 1.5263157894736843
the number of false negetive edges is 0
the number of probability greater than 0 is 3.7/edge
