20
 0.000000 0.000000 0.499998 0.000000 0.000000 0.000000 0.000000 0.000000 0.000000 0.000000 0.000000 0.000000 0.000000 0.500002 0.000000 0.000000 0.000000 0.000000 0.000000 0.000000
 0.000000 0.000000 0.000000 0.206425 0.285409 0.249112 0.000000 0.000000 0.000001 0.000000 0.259053 0.000000 0.000000 0.000000 0.000000 0.000000 0.000000 0.000000 0.000000 0.000000
 0.363503 0.000000 0.000000 0.000000 0.000000 0.000000 0.000000 0.000000 0.000000 0.330245 0.000000 0.000000 0.306252 0.000000 0.000000 0.000000 0.000000 0.000000 0.000000 0.000000
 0.000000 0.266684 0.000000 0.000000 0.364591 0.000000 0.000000 0.000000 0.000000 0.000000 0.000000 0.368725 0.000000 0.000000 0.000000 0.000000 0.000000 0.000000 0.000000 0.000000
 0.000000 0.406540 0.000000 0.401982 0.000000 0.113288 0.000000 0.000000 0.000000 0.000000 0.000085 0.000000 0.000000 0.000000 0.000000 0.000000 0.000000 0.000000 0.078105 0.000000
 0.000000 0.252141 0.000000 0.000000 0.080500 0.000000 0.000000 0.000000 0.000001 0.000000 0.234453 0.000000 0.000000 0.000000 0.000000 0.288604 0.000000 0.000000 0.003483 0.140819
 0.000000 0.000000 0.000000 0.000000 0.000000 0.000000 0.000000 0.000000 0.246836 0.000000 0.300200 0.000000 0.000000 0.000000 0.000000 0.013078 0.000000 0.331439 0.000000 0.108448
 0.000000 0.000000 0.000000 0.000000 0.000000 0.000000 0.000000 0.000000 0.000000 0.000000 0.000000 0.000000 0.000000 0.000000 0.500000 0.000000 0.000000 0.000000 0.500000 0.000000
 0.000000 0.000001 0.000000 0.000000 0.000000 0.000001 0.274258 0.000000 0.000000 0.000000 0.357486 0.368255 0.000000 0.000000 0.000000 0.000000 0.000000 0.000000 0.000000 0.000000
 0.000000 0.000000 0.244989 0.000000 0.000000 0.000000 0.000000 0.000000 0.000000 0.000000 0.000000 0.000000 0.255680 0.000000 0.000000 0.000084 0.000000 0.000000 0.252274 0.246973
 0.000000 0.252410 0.000000 0.000000 0.000058 0.225696 0.251880 0.000000 0.269955 0.000000 0.000000 0.000000 0.000000 0.000000 0.000000 0.000000 0.000000 0.000000 0.000000 0.000000
 0.000000 0.000000 0.000000 0.500003 0.000000 0.000000 0.000000 0.000000 0.499997 0.000000 0.000000 0.000000 0.000000 0.000000 0.000000 0.000000 0.000000 0.000000 0.000000 0.000000
 0.000000 0.000000 0.301900 0.000000 0.000000 0.000000 0.000000 0.000000 0.000000 0.339758 0.000000 0.000000 0.000000 0.000000 0.000000 0.000000 0.358341 0.000000 0.000000 0.000000
 0.500000 0.000000 0.000000 0.000000 0.000000 0.000000 0.000000 0.000000 0.000000 0.000000 0.000000 0.000000 0.000000 0.000000 0.000000 0.000000 0.000000 0.500000 0.000000 0.000000
 0.000000 0.000000 0.000000 0.000000 0.000000 0.000000 0.000000 0.500000 0.000000 0.000000 0.000000 0.000000 0.000000 0.000000 0.000000 0.000000 0.500000 0.000000 0.000000 0.000000
 0.000000 0.000000 0.000000 0.000000 0.000000 0.489944 0.019350 0.000000 0.000000 0.000153 0.000000 0.000000 0.000000 0.000000 0.000000 0.000000 0.000000 0.000000 0.000139 0.490412
 0.000000 0.000000 0.000000 0.000000 0.000000 0.000000 0.000000 0.000000 0.000000 0.000000 0.000000 0.000000 0.500000 0.000000 0.500000 0.000000 0.000000 0.000000 0.000000 0.000000
 0.000000 0.000000 0.000000 0.000000 0.000000 0.000000 0.500000 0.000000 0.000000 0.000000 0.000000 0.000000 0.000000 0.500000 0.000000 0.000000 0.000000 0.000000 0.000000 0.000000
 0.000000 0.000000 0.000000 0.000000 0.064448 0.004044 0.000000 0.335453 0.000000 0.313819 0.000000 0.000000 0.000000 0.000000 0.000000 0.000095 0.000000 0.000000 0.000000 0.282141
 0.000000 0.000000 0.000000 0.000000 0.000000 0.136484 0.091613 0.000000 0.000000 0.256427 0.000000 0.000000 0.000000 0.000000 0.000000 0.279987 0.000000 0.000000 0.235490 0.000000
the mean of prob-rank is 1.8421052631578947
the number of false negetive edges is 0
the number of probability greater than 0 is 3.6/edge
