20
 0.000000 0.000000 0.000000 0.000000 0.000000 0.000000 0.000000 0.000000 0.499931 0.499925 0.000000 0.000000 0.000000 0.000000 0.000000 0.000000 0.000145 0.000000 0.000000 0.000000
 0.000000 0.000000 0.000000 0.000000 0.411598 0.177328 0.000000 0.000000 0.000000 0.000000 0.000000 0.000000 0.000000 0.000000 0.000000 0.000000 0.000002 0.411073 0.000000 0.000000
 0.000000 0.000000 0.000000 0.024362 0.000000 0.000000 0.038075 0.000000 0.000000 0.000000 0.008299 0.421305 0.000000 0.000015 0.000000 0.000000 0.421215 0.000000 0.086730 0.000000
 0.000000 0.000000 0.015963 0.000000 0.000000 0.000000 0.014912 0.000000 0.000000 0.000000 0.000000 0.228185 0.228378 0.250828 0.000000 0.000000 0.008606 0.000000 0.253129 0.000000
 0.000000 0.499999 0.000000 0.000000 0.000000 0.000000 0.000000 0.500001 0.000000 0.000000 0.000000 0.000000 0.000000 0.000000 0.000000 0.000000 0.000000 0.000000 0.000000 0.000000
 0.000000 0.160304 0.000000 0.000000 0.000000 0.000000 0.000000 0.000000 0.000000 0.000000 0.000000 0.000000 0.000000 0.000000 0.000000 0.371739 0.000000 0.097518 0.370439 0.000000
 0.000000 0.000000 0.030307 0.018115 0.000000 0.000000 0.000000 0.000000 0.000000 0.000000 0.330678 0.284753 0.000000 0.332369 0.000000 0.000000 0.003778 0.000000 0.000000 0.000000
 0.000000 0.000000 0.000000 0.000000 0.500042 0.000000 0.000000 0.000000 0.000000 0.000000 0.000000 0.000000 0.000000 0.000000 0.499958 0.000000 0.000000 0.000000 0.000000 0.000000
 0.500000 0.000000 0.000000 0.000000 0.000000 0.000000 0.000000 0.000000 0.000000 0.000000 0.000000 0.000000 0.000000 0.000000 0.500000 0.000000 0.000000 0.000000 0.000000 0.000000
 0.499981 0.000000 0.000000 0.000000 0.000000 0.000000 0.000000 0.000000 0.000000 0.000000 0.499987 0.000000 0.000000 0.000033 0.000000 0.000000 0.000000 0.000000 0.000000 0.000000
 0.000000 0.000000 0.007629 0.000000 0.000000 0.000000 0.381889 0.000000 0.000000 0.387307 0.000000 0.083183 0.000000 0.090735 0.000000 0.000000 0.049258 0.000000 0.000000 0.000000
 0.000000 0.000000 0.258471 0.213652 0.000000 0.000000 0.219469 0.000000 0.000000 0.000000 0.055515 0.000000 0.000000 0.000365 0.000000 0.000000 0.097565 0.000001 0.154962 0.000000
 0.000000 0.000000 0.000000 0.236834 0.000000 0.000000 0.000000 0.000000 0.000000 0.000000 0.000000 0.000000 0.000000 0.256594 0.000000 0.000000 0.000000 0.000000 0.220287 0.286284
 0.000000 0.000000 0.000012 0.299693 0.000000 0.000000 0.326896 0.000000 0.000000 0.000022 0.077273 0.000465 0.295638 0.000000 0.000000 0.000000 0.000001 0.000000 0.000000 0.000000
 0.000000 0.000000 0.000000 0.000000 0.000000 0.000000 0.000000 0.499958 0.500042 0.000000 0.000000 0.000000 0.000000 0.000000 0.000000 0.000000 0.000000 0.000000 0.000000 0.000000
 0.000000 0.000000 0.000000 0.000000 0.000000 0.499767 0.000000 0.000000 0.000000 0.000000 0.000000 0.000000 0.000000 0.000000 0.000000 0.000000 0.000000 0.000000 0.000000 0.500233
 0.000100 0.000001 0.345888 0.010785 0.000000 0.000000 0.003898 0.000000 0.000000 0.000000 0.044001 0.130590 0.000000 0.000001 0.000000 0.000000 0.000000 0.344115 0.120621 0.000000
 0.000000 0.351478 0.000000 0.000000 0.000000 0.092236 0.000000 0.000000 0.000000 0.000000 0.000000 0.000001 0.000000 0.000000 0.000000 0.000000 0.350037 0.000000 0.206248 0.000000
 0.000000 0.000000 0.046552 0.207353 0.000000 0.225141 0.000000 0.000000 0.000000 0.000000 0.000000 0.135574 0.174008 0.000000 0.000000 0.000000 0.078842 0.132530 0.000000 0.000000
 0.000000 0.000000 0.000000 0.000000 0.000000 0.000000 0.000000 0.000000 0.000000 0.000000 0.000000 0.000000 0.499999 0.000000 0.000000 0.500001 0.000000 0.000000 0.000000 0.000000
the mean of prob-rank is 1.4736842105263157
the number of false negetive edges is 0
the number of probability greater than 0 is 4.55/edge
