20
 0.000000 0.000000 0.000000 0.500000 0.000000 0.000000 0.000000 0.000000 0.000000 0.000000 0.000000 0.000000 0.000000 0.000000 0.500000 0.000000 0.000000 0.000000 0.000000 0.000000
 0.000000 0.000000 0.000000 0.000000 0.500002 0.000000 0.000000 0.000000 0.000000 0.000000 0.000000 0.000000 0.000000 0.499997 0.000000 0.000000 0.000000 0.000000 0.000000 0.000000
 0.000000 0.000000 0.000000 0.000000 0.000000 0.000000 0.500000 0.000000 0.000000 0.000000 0.000000 0.500000 0.000000 0.000000 0.000000 0.000000 0.000000 0.000000 0.000000 0.000000
 0.500000 0.000000 0.000000 0.000000 0.000000 0.000000 0.500000 0.000000 0.000000 0.000000 0.000000 0.000000 0.000000 0.000000 0.000000 0.000000 0.000000 0.000000 0.000000 0.000000
 0.000000 0.497803 0.000000 0.000000 0.000000 0.000000 0.000000 0.000000 0.000000 0.000227 0.000000 0.000000 0.000000 0.004356 0.000000 0.000070 0.497544 0.000000 0.000000 0.000000
 0.000000 0.000000 0.000000 0.000000 0.000000 0.000000 0.000000 0.000000 0.000014 0.000000 0.000000 0.000000 0.000000 0.500039 0.000000 0.000000 0.000000 0.000000 0.499946 0.000000
 0.000000 0.000000 0.500000 0.500000 0.000000 0.000000 0.000000 0.000000 0.000000 0.000000 0.000000 0.000000 0.000000 0.000000 0.000000 0.000000 0.000000 0.000000 0.000000 0.000000
 0.000000 0.000000 0.000000 0.000000 0.000000 0.000000 0.000000 0.000000 0.000000 0.000000 0.000000 0.000000 0.000000 0.000000 0.000000 0.500003 0.499997 0.000000 0.000000 0.000000
 0.000000 0.000000 0.000000 0.000000 0.000000 0.000014 0.000000 0.000000 0.000000 0.000000 0.000000 0.000000 0.499995 0.000000 0.499991 0.000000 0.000000 0.000000 0.000000 0.000000
 0.000000 0.000000 0.000000 0.000000 0.000228 0.000000 0.000000 0.000000 0.000000 0.000000 0.499876 0.499896 0.000000 0.000000 0.000000 0.000000 0.000000 0.000000 0.000000 0.000000
 0.000000 0.000000 0.000000 0.000000 0.000000 0.000000 0.000000 0.000000 0.000000 0.499991 0.000000 0.000000 0.000000 0.000000 0.000000 0.500009 0.000000 0.000000 0.000000 0.000000
 0.000000 0.000000 0.500000 0.000000 0.000000 0.000000 0.000000 0.000000 0.000000 0.500000 0.000000 0.000000 0.000000 0.000000 0.000000 0.000000 0.000000 0.000000 0.000000 0.000000
 0.000000 0.000000 0.000000 0.000000 0.000000 0.000000 0.000000 0.000000 0.495725 0.000000 0.000000 0.000000 0.000000 0.000000 0.000000 0.000000 0.000000 0.495715 0.008560 0.000000
 0.000000 0.497820 0.000000 0.000000 0.004356 0.497825 0.000000 0.000000 0.000000 0.000000 0.000000 0.000000 0.000000 0.000000 0.000000 0.000000 0.000000 0.000000 0.000000 0.000000
 0.497527 0.000000 0.000000 0.000000 0.000000 0.000000 0.000000 0.000000 0.497523 0.000000 0.000000 0.000000 0.000000 0.000000 0.000000 0.000000 0.000000 0.004949 0.000000 0.000000
 0.000000 0.000000 0.000000 0.000000 0.000070 0.000000 0.000000 0.499965 0.000000 0.000000 0.499964 0.000000 0.000000 0.000000 0.000000 0.000000 0.000000 0.000000 0.000000 0.000000
 0.000000 0.000000 0.000000 0.000000 0.499873 0.000000 0.000000 0.500127 0.000000 0.000000 0.000000 0.000000 0.000000 0.000000 0.000000 0.000000 0.000000 0.000000 0.000000 0.000000
 0.000000 0.000000 0.000000 0.000000 0.000000 0.000000 0.000000 0.000000 0.000000 0.000000 0.000000 0.000000 0.497329 0.000000 0.004948 0.000000 0.000000 0.000000 0.000385 0.497339
 0.000000 0.000000 0.000000 0.000000 0.000000 0.495484 0.000000 0.000000 0.000000 0.000000 0.000000 0.000000 0.008557 0.000000 0.000000 0.000000 0.000000 0.000383 0.000000 0.495576
 0.000000 0.000000 0.000000 0.000000 0.000000 0.000000 0.000000 0.000000 0.000000 0.000000 0.000000 0.000000 0.000000 0.000000 0.000000 0.000000 0.000000 0.499999 0.500001 0.000000
the mean of prob-rank is 1.5263157894736843
the number of false negetive edges is 0
the number of probability greater than 0 is 2.7/edge
