20
 0.000000 0.500000 0.000000 0.000000 0.500000 0.000000 0.000000 0.000000 0.000000 0.000000 0.000000 0.000000 0.000000 0.000000 0.000000 0.000000 0.000000 0.000000 0.000000 0.000000
 0.500000 0.000000 0.500000 0.000000 0.000000 0.000000 0.000000 0.000000 0.000000 0.000000 0.000000 0.000000 0.000000 0.000000 0.000000 0.000000 0.000000 0.000000 0.000000 0.000000
 0.000000 0.500000 0.000000 0.000000 0.000000 0.000000 0.000000 0.000000 0.000000 0.000000 0.500000 0.000000 0.000000 0.000000 0.000000 0.000000 0.000000 0.000000 0.000000 0.000000
 0.000000 0.000000 0.000000 0.000000 0.000000 0.005105 0.000000 0.248706 0.000000 0.220575 0.000000 0.251227 0.000000 0.036035 0.000000 0.000000 0.000000 0.000000 0.000000 0.238352
 0.500000 0.000000 0.000000 0.000000 0.000000 0.000000 0.000000 0.000000 0.000000 0.000000 0.000000 0.000000 0.000000 0.000000 0.000000 0.000000 0.000000 0.500000 0.000000 0.000000
 0.000000 0.000000 0.000000 0.005817 0.000000 0.000000 0.000000 0.030541 0.000000 0.237607 0.000000 0.002152 0.219482 0.291533 0.005052 0.000000 0.000000 0.000000 0.000000 0.207817
 0.000000 0.000000 0.000000 0.000000 0.000000 0.000000 0.000000 0.000000 0.000000 0.000000 0.000000 0.000000 0.394355 0.000000 0.402632 0.000000 0.203013 0.000000 0.000000 0.000000
 0.000000 0.000000 0.000000 0.281774 0.000000 0.030366 0.000000 0.000000 0.000000 0.249301 0.000000 0.289809 0.116581 0.031938 0.000000 0.000000 0.000000 0.000000 0.000000 0.000231
 0.000000 0.000000 0.000000 0.000000 0.000000 0.000000 0.000000 0.000000 0.000000 0.000000 0.000000 0.000000 0.000000 0.000000 0.000000 0.000000 0.000000 0.500000 0.500000 0.000000
 0.000000 0.000000 0.000000 0.235913 0.000000 0.223020 0.000000 0.235345 0.000000 0.000000 0.000000 0.052022 0.000613 0.253074 0.000000 0.000000 0.000000 0.000000 0.000000 0.000012
 0.000000 0.000000 0.500001 0.000000 0.000000 0.000000 0.000000 0.000000 0.000000 0.000000 0.000000 0.000000 0.000000 0.000000 0.000000 0.499999 0.000000 0.000000 0.000000 0.000000
 0.000000 0.000000 0.000000 0.276996 0.000000 0.002082 0.000000 0.282035 0.000000 0.053629 0.000000 0.000000 0.175101 0.002685 0.000000 0.000000 0.000000 0.000000 0.000000 0.207472
 0.000000 0.000000 0.000000 0.000000 0.000000 0.171828 0.223543 0.091794 0.000000 0.000511 0.000000 0.141673 0.000000 0.171297 0.199353 0.000000 0.000000 0.000000 0.000000 0.000000
 0.000000 0.000000 0.000000 0.047972 0.000000 0.340600 0.000000 0.037529 0.000000 0.315007 0.000000 0.003242 0.255631 0.000000 0.000000 0.000000 0.000000 0.000000 0.000000 0.000019
 0.000000 0.000000 0.000000 0.000000 0.000000 0.006155 0.355178 0.000000 0.000000 0.000000 0.000000 0.000000 0.310232 0.000000 0.000000 0.000000 0.328435 0.000000 0.000000 0.000000
 0.000000 0.000000 0.000000 0.000000 0.000000 0.000000 0.000000 0.000000 0.000000 0.000000 0.499999 0.000000 0.000000 0.000000 0.000000 0.000000 0.000000 0.000000 0.000000 0.500001
 0.000000 0.000000 0.000000 0.000000 0.000000 0.000000 0.207588 0.000000 0.000000 0.000000 0.000000 0.000000 0.000000 0.000000 0.380707 0.000000 0.000000 0.000000 0.411705 0.000000
 0.000000 0.000000 0.000000 0.000000 0.500000 0.000000 0.000000 0.000000 0.500000 0.000000 0.000000 0.000000 0.000000 0.000000 0.000000 0.000000 0.000000 0.000000 0.000000 0.000000
 0.000000 0.000000 0.000000 0.000000 0.000000 0.000000 0.000000 0.000000 0.500000 0.000000 0.000000 0.000000 0.000000 0.000000 0.000000 0.000000 0.500000 0.000000 0.000000 0.000000
 0.000000 0.000000 0.000000 0.275560 0.000000 0.210846 0.000000 0.000236 0.000000 0.000014 0.000000 0.217545 0.000000 0.000017 0.000000 0.295783 0.000000 0.000000 0.000000 0.000000
the mean of prob-rank is 1.7894736842105263
the number of false negetive edges is 0
the number of probability greater than 0 is 4.2/edge
