20
 0.000000 0.291810 0.002110 0.000000 0.317278 0.000000 0.000000 0.000000 0.000000 0.006678 0.000000 0.000000 0.083578 0.000000 0.000000 0.000000 0.000000 0.000000 0.298546 0.000000
 0.323021 0.000000 0.000000 0.000000 0.325623 0.000000 0.000000 0.000000 0.000000 0.000000 0.000000 0.000000 0.351356 0.000000 0.000000 0.000000 0.000000 0.000000 0.000000 0.000000
 0.002998 0.000000 0.000000 0.000000 0.000000 0.000000 0.049982 0.000000 0.048087 0.000000 0.450666 0.000000 0.448267 0.000000 0.000000 0.000000 0.000000 0.000000 0.000000 0.000000
 0.000000 0.000000 0.000000 0.000000 0.000000 0.000003 0.000000 0.000000 0.000000 0.000000 0.000000 0.000000 0.000000 0.000000 0.000000 0.500004 0.499993 0.000000 0.000000 0.000000
 0.351568 0.325951 0.000000 0.000000 0.000000 0.000000 0.000000 0.000000 0.000000 0.322256 0.000000 0.000000 0.000000 0.000225 0.000000 0.000000 0.000000 0.000000 0.000000 0.000000
 0.000000 0.000000 0.000000 0.000003 0.000000 0.000000 0.128550 0.000000 0.000000 0.000000 0.000000 0.000000 0.000000 0.000000 0.000000 0.000000 0.436596 0.000000 0.000000 0.434852
 0.000000 0.000000 0.045893 0.000000 0.000000 0.121924 0.000000 0.000000 0.413547 0.000000 0.414092 0.000000 0.000000 0.000000 0.000000 0.000000 0.000001 0.000000 0.000000 0.004544
 0.000000 0.000000 0.000000 0.000000 0.000000 0.000000 0.000000 0.000000 0.000000 0.000000 0.000000 0.255274 0.000000 0.000002 0.236852 0.000000 0.000000 0.255890 0.251982 0.000000
 0.000000 0.000000 0.037768 0.000000 0.000000 0.000000 0.353748 0.000000 0.000000 0.000000 0.000000 0.000000 0.000000 0.000000 0.000000 0.000000 0.000000 0.000000 0.303734 0.304749
 0.006241 0.000000 0.000000 0.000000 0.271830 0.000000 0.000000 0.000000 0.000000 0.000000 0.000000 0.267411 0.000000 0.295444 0.000000 0.000000 0.000000 0.000000 0.159074 0.000000
 0.000000 0.000000 0.473335 0.000000 0.000000 0.000000 0.473672 0.000000 0.000000 0.000000 0.000000 0.000000 0.052993 0.000000 0.000000 0.000000 0.000000 0.000000 0.000000 0.000000
 0.000000 0.000000 0.000000 0.000000 0.000000 0.000000 0.000000 0.237489 0.000000 0.234510 0.000000 0.000000 0.000000 0.199890 0.206606 0.000000 0.000000 0.000000 0.121506 0.000000
 0.111143 0.422090 0.419545 0.000000 0.000000 0.000000 0.000000 0.000000 0.000000 0.000000 0.047222 0.000000 0.000000 0.000000 0.000000 0.000000 0.000000 0.000000 0.000000 0.000000
 0.000000 0.000000 0.000000 0.000000 0.000217 0.000000 0.000000 0.000002 0.000000 0.337610 0.000000 0.260465 0.000000 0.000000 0.321112 0.000000 0.000000 0.080594 0.000000 0.000000
 0.000000 0.000000 0.000000 0.000000 0.000000 0.000000 0.000000 0.264456 0.000000 0.000000 0.000000 0.247961 0.000000 0.295759 0.000000 0.000000 0.000000 0.191824 0.000000 0.000000
 0.000000 0.000000 0.000000 0.500001 0.000000 0.000000 0.000000 0.000000 0.000000 0.000000 0.000000 0.000000 0.000000 0.000000 0.000000 0.000000 0.000000 0.499999 0.000000 0.000000
 0.000000 0.000000 0.000000 0.499993 0.000000 0.500005 0.000001 0.000000 0.000000 0.000000 0.000000 0.000000 0.000000 0.000000 0.000000 0.000000 0.000000 0.000000 0.000000 0.000001
 0.000000 0.000000 0.000000 0.000000 0.000000 0.000000 0.000000 0.330680 0.000000 0.000000 0.000000 0.000000 0.000000 0.085914 0.222014 0.361391 0.000000 0.000000 0.000000 0.000000
 0.203859 0.000000 0.000000 0.000000 0.000000 0.000000 0.000000 0.195290 0.185850 0.116212 0.000000 0.101221 0.000000 0.000000 0.000000 0.000000 0.000000 0.000000 0.000000 0.197569
 0.000000 0.000000 0.000000 0.000000 0.000000 0.358418 0.003949 0.000000 0.309603 0.000000 0.000000 0.000000 0.000000 0.000000 0.000000 0.000000 0.000001 0.000000 0.328029 0.000000
the mean of prob-rank is 1.8421052631578947
the number of false negetive edges is 0
the number of probability greater than 0 is 4.25/edge
