20
 0.000000 0.000000 0.000000 0.000000 0.500003 0.000000 0.000000 0.000000 0.000000 0.000000 0.000000 0.000000 0.000000 0.000000 0.000000 0.000000 0.000000 0.499997 0.000000 0.000000
 0.000000 0.000000 0.000000 0.499921 0.000000 0.500072 0.000000 0.000000 0.000000 0.000000 0.000000 0.000000 0.000000 0.000000 0.000000 0.000000 0.000000 0.000000 0.000000 0.000007
 0.000000 0.000000 0.000000 0.000000 0.000000 0.000000 0.000000 0.000000 0.058783 0.420859 0.000000 0.000000 0.100975 0.419382 0.000000 0.000000 0.000000 0.000000 0.000000 0.000000
 0.000000 0.499922 0.000000 0.000000 0.000000 0.000000 0.000000 0.000000 0.000000 0.000000 0.000000 0.000000 0.000000 0.000000 0.000000 0.500078 0.000000 0.000000 0.000000 0.000000
 0.498751 0.000000 0.000000 0.000000 0.000000 0.000000 0.000000 0.000000 0.498715 0.000000 0.000000 0.000000 0.000000 0.000000 0.000000 0.000000 0.000000 0.000000 0.002534 0.000000
 0.000000 0.499997 0.000000 0.000000 0.000000 0.000000 0.000000 0.000000 0.000000 0.000000 0.000000 0.000000 0.000000 0.000000 0.500003 0.000000 0.000000 0.000000 0.000000 0.000000
 0.000000 0.000000 0.000000 0.000000 0.000000 0.000000 0.000000 0.000000 0.017516 0.000000 0.000000 0.000000 0.491210 0.000000 0.000000 0.000000 0.000000 0.000000 0.491275 0.000000
 0.000000 0.000000 0.000000 0.000000 0.000000 0.000000 0.000000 0.000000 0.000000 0.000000 0.000000 0.000000 0.000000 0.000000 0.000000 0.500000 0.000000 0.500000 0.000000 0.000000
 0.000000 0.000000 0.063446 0.000000 0.454208 0.000000 0.016195 0.000000 0.000000 0.011914 0.000000 0.000000 0.000000 0.000000 0.000000 0.000000 0.000000 0.000000 0.454236 0.000000
 0.000000 0.000000 0.431312 0.000000 0.000000 0.000000 0.000000 0.000000 0.011313 0.000000 0.000000 0.000000 0.431060 0.126314 0.000000 0.000000 0.000000 0.000000 0.000000 0.000000
 0.000000 0.000000 0.000000 0.000000 0.000000 0.000000 0.000000 0.000000 0.000000 0.000000 0.000000 0.500000 0.000000 0.000000 0.000000 0.000000 0.500000 0.000000 0.000000 0.000000
 0.000000 0.000000 0.000000 0.000000 0.000000 0.000000 0.000000 0.000000 0.000000 0.000000 0.500000 0.000000 0.000000 0.000000 0.000000 0.000000 0.000000 0.000000 0.000000 0.500000
 0.000000 0.000000 0.100814 0.000000 0.000000 0.000000 0.420132 0.000000 0.000000 0.419941 0.000000 0.000000 0.000000 0.045958 0.000000 0.000000 0.000000 0.000000 0.013155 0.000000
 0.000000 0.000000 0.415433 0.000000 0.000000 0.000000 0.000000 0.000000 0.000000 0.122093 0.000000 0.000000 0.045598 0.000000 0.000000 0.000000 0.000000 0.000000 0.000000 0.416876
 0.000000 0.000000 0.000000 0.000000 0.000000 0.500000 0.000000 0.000000 0.000000 0.000000 0.000000 0.000000 0.000000 0.000000 0.000000 0.000000 0.500000 0.000000 0.000000 0.000000
 0.000000 0.000000 0.000000 0.500000 0.000000 0.000000 0.000000 0.500000 0.000000 0.000000 0.000000 0.000000 0.000000 0.000000 0.000000 0.000000 0.000000 0.000000 0.000000 0.000000
 0.000000 0.000000 0.000000 0.000000 0.000000 0.000000 0.000000 0.000000 0.000000 0.000000 0.500000 0.000000 0.000000 0.000000 0.500000 0.000000 0.000000 0.000000 0.000000 0.000000
 0.499997 0.000000 0.000000 0.000000 0.000000 0.000000 0.000000 0.500003 0.000000 0.000000 0.000000 0.000000 0.000000 0.000000 0.000000 0.000000 0.000000 0.000000 0.000000 0.000000
 0.000000 0.000000 0.000000 0.000000 0.002495 0.000000 0.491068 0.000000 0.491063 0.000000 0.000000 0.000000 0.015374 0.000000 0.000000 0.000000 0.000000 0.000000 0.000000 0.000000
 0.000000 0.000007 0.000000 0.000000 0.000000 0.000000 0.000000 0.000000 0.000000 0.000000 0.000000 0.500008 0.000000 0.499984 0.000000 0.000000 0.000000 0.000000 0.000000 0.000000
the mean of prob-rank is 1.631578947368421
the number of false negetive edges is 0
the number of probability greater than 0 is 2.9/edge
