20
 0.000000 0.000000 0.000000 0.000000 0.000000 0.000000 0.000000 0.500000 0.000000 0.000000 0.000000 0.000000 0.500000 0.000000 0.000000 0.000000 0.000000 0.000000 0.000000 0.000000
 0.000000 0.000000 0.000000 0.000000 0.000000 0.452890 0.000000 0.453024 0.000000 0.011017 0.000000 0.037533 0.000000 0.045211 0.000000 0.000000 0.000325 0.000000 0.000000 0.000000
 0.000000 0.000000 0.000000 0.000000 0.000000 0.000000 0.000000 0.000005 0.499999 0.000000 0.000000 0.000000 0.499995 0.000000 0.000000 0.000000 0.000000 0.000000 0.000001 0.000000
 0.000000 0.000000 0.000000 0.000000 0.000000 0.000000 0.000000 0.000000 0.499999 0.000000 0.500001 0.000000 0.000000 0.000000 0.000000 0.000000 0.000000 0.000000 0.000000 0.000000
 0.000000 0.000000 0.000000 0.000000 0.000000 0.000000 0.346603 0.000000 0.000000 0.000000 0.000004 0.275070 0.000000 0.000000 0.000000 0.000014 0.333673 0.000000 0.044636 0.000000
 0.000000 0.499878 0.000000 0.000000 0.000000 0.000000 0.000000 0.000014 0.000000 0.000000 0.000000 0.000000 0.000000 0.500107 0.000000 0.000000 0.000000 0.000000 0.000000 0.000000
 0.000000 0.000000 0.000000 0.000000 0.268178 0.000000 0.000000 0.000000 0.000000 0.000000 0.167963 0.238793 0.000000 0.000000 0.000000 0.005393 0.051862 0.060124 0.207688 0.000000
 0.499628 0.499543 0.000005 0.000000 0.000000 0.000014 0.000000 0.000000 0.000000 0.000000 0.000000 0.000000 0.000000 0.000000 0.000000 0.000000 0.000000 0.000000 0.000810 0.000000
 0.000000 0.000000 0.499993 0.499992 0.000000 0.000000 0.000000 0.000000 0.000000 0.000000 0.000000 0.000000 0.000000 0.000000 0.000000 0.000000 0.000000 0.000000 0.000015 0.000000
 0.000000 0.008418 0.000000 0.000000 0.000000 0.000000 0.000000 0.000000 0.000000 0.000000 0.000000 0.260744 0.000000 0.344337 0.345473 0.041028 0.000000 0.000000 0.000000 0.000000
 0.000000 0.000000 0.000000 0.341466 0.000004 0.000000 0.213864 0.000000 0.000000 0.000000 0.000000 0.000000 0.000000 0.000000 0.000000 0.000000 0.000000 0.110755 0.333911 0.000000
 0.000000 0.018811 0.000000 0.000000 0.180224 0.000000 0.202209 0.000000 0.000000 0.171028 0.000000 0.000000 0.000000 0.074603 0.000000 0.225808 0.127318 0.000000 0.000000 0.000000
 0.500002 0.000000 0.499998 0.000000 0.000000 0.000000 0.000000 0.000000 0.000000 0.000000 0.000000 0.000000 0.000000 0.000000 0.000000 0.000000 0.000000 0.000000 0.000000 0.000000
 0.000000 0.036592 0.000000 0.000000 0.000000 0.366717 0.000000 0.000000 0.000000 0.364728 0.000000 0.120473 0.000000 0.000000 0.111491 0.000000 0.000000 0.000000 0.000000 0.000000
 0.000000 0.000000 0.000000 0.000000 0.000000 0.000000 0.000000 0.000000 0.000000 0.413975 0.000000 0.000000 0.000000 0.126129 0.000000 0.045027 0.000000 0.000000 0.000000 0.414868
 0.000000 0.000000 0.000000 0.000000 0.000015 0.000000 0.007191 0.000000 0.000000 0.042376 0.000000 0.355577 0.000000 0.000000 0.038812 0.000000 0.000000 0.357596 0.000000 0.198433
 0.000000 0.000264 0.000000 0.000000 0.354268 0.000000 0.071165 0.000000 0.000000 0.000000 0.000000 0.206315 0.000000 0.000000 0.000000 0.000000 0.000000 0.000000 0.367989 0.000000
 0.000000 0.000000 0.000000 0.000000 0.000000 0.000000 0.088041 0.000000 0.000000 0.000000 0.127372 0.000000 0.000000 0.000000 0.000000 0.392694 0.000000 0.000000 0.000000 0.391893
 0.000000 0.000000 0.000000 0.000000 0.044673 0.000000 0.268649 0.000563 0.000010 0.000000 0.339218 0.000000 0.000000 0.000000 0.000000 0.000000 0.346887 0.000000 0.000000 0.000000
 0.000000 0.000000 0.000000 0.000000 0.000000 0.000000 0.000000 0.000000 0.000000 0.000000 0.000000 0.000000 0.000000 0.000000 0.391718 0.217366 0.000000 0.390916 0.000000 0.000000
the mean of prob-rank is 1.4736842105263157
the number of false negetive edges is 0
the number of probability greater than 0 is 4.5/edge
