20
 0.000000 0.000000 0.000000 0.000000 0.000000 0.000000 0.000000 0.000000 0.000000 0.000000 0.499998 0.000000 0.000000 0.000000 0.000000 0.000000 0.500002 0.000000 0.000000 0.000000
 0.000000 0.000000 0.000000 0.000000 0.000000 0.368353 0.000000 0.000000 0.000000 0.000000 0.000000 0.000000 0.000000 0.351017 0.000000 0.000000 0.280629 0.000000 0.000000 0.000000
 0.000000 0.000000 0.000000 0.000000 0.000008 0.000000 0.000000 0.000000 0.000000 0.499990 0.000000 0.000000 0.000000 0.000000 0.000000 0.000000 0.000000 0.000000 0.500002 0.000000
 0.000000 0.000000 0.000000 0.000000 0.250325 0.000000 0.000000 0.000000 0.000000 0.000000 0.000000 0.353573 0.000000 0.000000 0.380913 0.015189 0.000000 0.000000 0.000000 0.000000
 0.000000 0.000000 0.000006 0.244881 0.000000 0.000000 0.000000 0.000000 0.000000 0.000000 0.000000 0.372052 0.000000 0.000000 0.010456 0.000000 0.000000 0.000000 0.372605 0.000000
 0.000000 0.375003 0.000000 0.000000 0.000000 0.000000 0.000000 0.000000 0.000000 0.000000 0.000000 0.000000 0.000000 0.263472 0.000000 0.000000 0.361525 0.000000 0.000001 0.000000
 0.000000 0.000000 0.000000 0.000000 0.000000 0.000000 0.000000 0.000000 0.000000 0.500001 0.000000 0.000000 0.000000 0.000000 0.000000 0.000000 0.000000 0.000000 0.000000 0.499999
 0.000000 0.000000 0.000000 0.000000 0.000000 0.000000 0.000000 0.000000 0.500004 0.000000 0.000000 0.000000 0.000000 0.000000 0.000000 0.499996 0.000000 0.000000 0.000000 0.000000
 0.000000 0.000000 0.000000 0.000000 0.000000 0.000000 0.000000 0.499993 0.000000 0.000000 0.000000 0.000000 0.500007 0.000000 0.000000 0.000000 0.000000 0.000000 0.000000 0.000000
 0.000000 0.000000 0.499931 0.000000 0.000000 0.000000 0.499943 0.000000 0.000000 0.000000 0.000000 0.000000 0.000000 0.000000 0.000000 0.000000 0.000000 0.000000 0.000126 0.000000
 0.499997 0.000000 0.000000 0.000000 0.000000 0.000000 0.000000 0.000000 0.000000 0.000000 0.000000 0.000000 0.000000 0.000000 0.000000 0.000000 0.000000 0.000000 0.000000 0.500003
 0.000000 0.000000 0.000000 0.286022 0.307661 0.000000 0.000000 0.000000 0.000000 0.000000 0.000000 0.000000 0.000000 0.000000 0.217563 0.188754 0.000000 0.000000 0.000000 0.000000
 0.000000 0.000000 0.000000 0.000000 0.000000 0.000000 0.000000 0.000000 0.500006 0.000000 0.000000 0.000000 0.000000 0.000000 0.000000 0.000000 0.000000 0.499994 0.000000 0.000000
 0.000000 0.358851 0.000000 0.000000 0.000000 0.264575 0.000000 0.000000 0.000000 0.000000 0.000000 0.000000 0.000000 0.000000 0.000000 0.000000 0.000000 0.376574 0.000000 0.000000
 0.000000 0.000000 0.000000 0.368082 0.010328 0.000000 0.000000 0.000000 0.000000 0.000000 0.000000 0.259887 0.000000 0.000000 0.000000 0.361703 0.000000 0.000000 0.000000 0.000000
 0.000000 0.000000 0.000000 0.015132 0.000000 0.000000 0.000000 0.379480 0.000000 0.000000 0.000000 0.232466 0.000000 0.000000 0.372921 0.000000 0.000000 0.000000 0.000000 0.000000
 0.366850 0.279485 0.000000 0.000000 0.000000 0.353666 0.000000 0.000000 0.000000 0.000000 0.000000 0.000000 0.000000 0.000000 0.000000 0.000000 0.000000 0.000000 0.000000 0.000000
 0.000000 0.000000 0.000000 0.000000 0.000000 0.000000 0.000000 0.000000 0.000000 0.000000 0.000000 0.000000 0.499994 0.500006 0.000000 0.000000 0.000000 0.000000 0.000000 0.000000
 0.000000 0.000000 0.499953 0.000000 0.499921 0.000001 0.000000 0.000000 0.000000 0.000126 0.000000 0.000000 0.000000 0.000000 0.000000 0.000000 0.000000 0.000000 0.000000 0.000000
 0.000000 0.000000 0.000000 0.000000 0.000000 0.000000 0.499999 0.000000 0.000000 0.000000 0.500001 0.000000 0.000000 0.000000 0.000000 0.000000 0.000000 0.000000 0.000000 0.000000
the mean of prob-rank is 1.5263157894736843
the number of false negetive edges is 0
the number of probability greater than 0 is 2.9/edge
