20
 0.000000 0.000000 0.000000 0.000000 0.000000 0.000000 0.043850 0.000000 0.003084 0.000000 0.000000 0.066215 0.000007 0.000000 0.443212 0.000000 0.000000 0.000000 0.000000 0.443633
 0.000000 0.000000 0.347726 0.000000 0.000000 0.000000 0.000000 0.000000 0.000000 0.321889 0.000000 0.000000 0.000000 0.000000 0.000000 0.000000 0.000000 0.000000 0.330385 0.000000
 0.000000 0.499999 0.000000 0.000000 0.000000 0.000000 0.000000 0.000000 0.000000 0.000000 0.000000 0.000000 0.000000 0.000000 0.000000 0.000000 0.000000 0.000000 0.000000 0.500001
 0.000000 0.000000 0.000000 0.000000 0.000000 0.000000 0.000000 0.000000 0.000000 0.303772 0.355166 0.000000 0.000000 0.000000 0.000000 0.000000 0.000000 0.000000 0.341062 0.000000
 0.000000 0.000000 0.000000 0.000000 0.000000 0.000000 0.000000 0.000000 0.499483 0.000000 0.000000 0.000000 0.000000 0.000383 0.000000 0.000000 0.000000 0.500134 0.000000 0.000000
 0.000000 0.000000 0.000000 0.000000 0.000000 0.000000 0.000000 0.320044 0.233053 0.000000 0.000000 0.134044 0.312798 0.000000 0.000000 0.000061 0.000000 0.000000 0.000000 0.000000
 0.047107 0.000000 0.000000 0.000000 0.000000 0.000000 0.000000 0.000000 0.000000 0.000000 0.000000 0.000000 0.000000 0.000000 0.476593 0.476300 0.000000 0.000000 0.000000 0.000000
 0.000000 0.000000 0.000000 0.000000 0.000000 0.416556 0.000000 0.000000 0.403737 0.000000 0.000000 0.000000 0.000079 0.000000 0.000000 0.179435 0.000193 0.000000 0.000000 0.000000
 0.002051 0.000000 0.000000 0.000000 0.294720 0.214892 0.000000 0.286023 0.000000 0.000000 0.000000 0.183148 0.010119 0.000000 0.000000 0.000000 0.000000 0.009046 0.000000 0.000000
 0.000000 0.332866 0.000000 0.307550 0.000000 0.000000 0.000000 0.000000 0.000000 0.000000 0.000000 0.000000 0.000000 0.000000 0.000000 0.000000 0.000000 0.000000 0.359584 0.000000
 0.000000 0.000000 0.000000 0.500000 0.000000 0.000000 0.000000 0.000000 0.000000 0.000000 0.000000 0.000000 0.000000 0.000000 0.000000 0.000000 0.500000 0.000000 0.000000 0.000000
 0.042110 0.000000 0.000000 0.000000 0.000000 0.118165 0.000000 0.000000 0.175096 0.000000 0.000000 0.000000 0.282131 0.000000 0.125003 0.257496 0.000000 0.000000 0.000000 0.000000
 0.000006 0.000000 0.000000 0.000000 0.000000 0.397524 0.000000 0.000077 0.013947 0.000000 0.000000 0.406732 0.000000 0.000000 0.007615 0.174099 0.000000 0.000000 0.000000 0.000000
 0.000000 0.000000 0.000000 0.000000 0.000383 0.000000 0.000000 0.000000 0.000000 0.000000 0.000000 0.000000 0.000000 0.000000 0.000000 0.000000 0.499862 0.499731 0.000024 0.000000
 0.398966 0.000000 0.000000 0.000000 0.000000 0.000000 0.399346 0.000000 0.000000 0.000000 0.000000 0.176937 0.007476 0.000000 0.000000 0.017275 0.000000 0.000000 0.000000 0.000000
 0.000000 0.000000 0.000000 0.000000 0.000000 0.000068 0.355107 0.153060 0.000000 0.000000 0.000000 0.324299 0.152095 0.000000 0.015371 0.000000 0.000000 0.000000 0.000000 0.000000
 0.000000 0.000000 0.000000 0.000000 0.000000 0.000000 0.000000 0.000231 0.000001 0.000000 0.499888 0.000000 0.000000 0.499880 0.000000 0.000000 0.000000 0.000000 0.000000 0.000000
 0.000000 0.000000 0.000000 0.000000 0.492520 0.000000 0.000000 0.000000 0.015097 0.000000 0.000000 0.000000 0.000000 0.492383 0.000000 0.000000 0.000000 0.000000 0.000000 0.000000
 0.000000 0.326453 0.000000 0.329943 0.000000 0.000000 0.000000 0.000000 0.000000 0.343588 0.000000 0.000000 0.000000 0.000016 0.000000 0.000000 0.000000 0.000000 0.000000 0.000000
 0.500000 0.000000 0.500000 0.000000 0.000000 0.000000 0.000000 0.000000 0.000000 0.000000 0.000000 0.000000 0.000000 0.000000 0.000000 0.000000 0.000000 0.000000 0.000000 0.000000
the mean of prob-rank is 1.5263157894736843
the number of false negetive edges is 0
the number of probability greater than 0 is 4.1/edge
