20
 0.000000 0.193000 0.000003 0.004531 0.000000 0.000000 0.209156 0.000000 0.000000 0.000000 0.000000 0.000000 0.000000 0.191482 0.000000 0.000000 0.000000 0.181495 0.220333 0.000000
 0.281743 0.000000 0.000000 0.000000 0.000000 0.011177 0.000000 0.341870 0.000000 0.006430 0.000000 0.000000 0.000000 0.000000 0.000000 0.000000 0.000000 0.358780 0.000000 0.000000
 0.000005 0.000000 0.000000 0.489896 0.000000 0.000000 0.020090 0.000000 0.000000 0.000000 0.000000 0.000000 0.000000 0.000632 0.000000 0.000000 0.000000 0.000000 0.489377 0.000000
 0.007813 0.000000 0.423838 0.000000 0.000003 0.000000 0.021095 0.000000 0.000000 0.000000 0.000000 0.000000 0.000000 0.418592 0.000000 0.000000 0.000000 0.000000 0.128658 0.000000
 0.000000 0.000000 0.000000 0.000004 0.000000 0.000000 0.000000 0.000000 0.000000 0.000000 0.000000 0.000000 0.499998 0.000000 0.000000 0.000000 0.499998 0.000000 0.000000 0.000000
 0.000000 0.015339 0.000000 0.000000 0.000000 0.000000 0.000000 0.492418 0.000000 0.000000 0.492244 0.000000 0.000000 0.000000 0.000000 0.000000 0.000000 0.000000 0.000000 0.000000
 0.292765 0.000000 0.014109 0.017124 0.000000 0.000000 0.000000 0.000000 0.000000 0.000000 0.000000 0.000000 0.000000 0.000000 0.000000 0.344045 0.000000 0.000000 0.331957 0.000000
 0.000000 0.335885 0.000000 0.000000 0.000000 0.352519 0.000000 0.000000 0.000000 0.311555 0.000038 0.000000 0.000000 0.000000 0.000000 0.000000 0.000000 0.000003 0.000000 0.000000
 0.000000 0.000000 0.000000 0.000000 0.000000 0.000000 0.000000 0.000000 0.000000 0.000000 0.000000 0.500000 0.000000 0.000000 0.000000 0.000000 0.000000 0.000000 0.000000 0.500000
 0.000000 0.005563 0.000000 0.000000 0.000000 0.000000 0.000000 0.274349 0.000000 0.000000 0.104345 0.000000 0.000000 0.306188 0.000000 0.000000 0.000000 0.307270 0.000000 0.002285
 0.000000 0.000000 0.000000 0.000000 0.000000 0.428477 0.000000 0.000046 0.000000 0.144079 0.000000 0.000000 0.000000 0.000000 0.000000 0.000000 0.000000 0.000000 0.000000 0.427397
 0.000000 0.000000 0.000000 0.000000 0.000000 0.000000 0.000000 0.000000 0.500000 0.000000 0.000000 0.000000 0.000000 0.000000 0.500000 0.000000 0.000000 0.000000 0.000000 0.000000
 0.000000 0.000000 0.000000 0.000000 0.500000 0.000000 0.000000 0.000000 0.000000 0.000000 0.000000 0.000000 0.000000 0.000000 0.000000 0.500000 0.000000 0.000000 0.000000 0.000000
 0.276385 0.000000 0.000458 0.350386 0.000000 0.000000 0.000000 0.000000 0.000000 0.349931 0.000000 0.000000 0.000000 0.000000 0.000000 0.000000 0.000000 0.001948 0.002030 0.018863
 0.000000 0.000000 0.000000 0.000000 0.000000 0.000000 0.000000 0.000000 0.000000 0.000000 0.000000 0.500000 0.000000 0.000000 0.000000 0.000000 0.500000 0.000000 0.000000 0.000000
 0.000000 0.000000 0.000000 0.000000 0.000000 0.000000 0.500000 0.000000 0.000000 0.000000 0.000000 0.000000 0.500000 0.000000 0.000000 0.000000 0.000000 0.000000 0.000000 0.000000
 0.000000 0.000000 0.000000 0.000000 0.500000 0.000000 0.000000 0.000000 0.000000 0.000000 0.000000 0.000000 0.000000 0.000000 0.500000 0.000000 0.000000 0.000000 0.000000 0.000000
 0.270118 0.365781 0.000000 0.000000 0.000000 0.000000 0.000000 0.000003 0.000000 0.362090 0.000000 0.000000 0.000000 0.002008 0.000000 0.000000 0.000000 0.000000 0.000000 0.000000
 0.282827 0.000000 0.315173 0.095774 0.000000 0.000000 0.304422 0.000000 0.000000 0.000000 0.000000 0.000000 0.000000 0.001805 0.000000 0.000000 0.000000 0.000000 0.000000 0.000000
 0.000000 0.000000 0.000000 0.000000 0.000000 0.000000 0.000000 0.000000 0.485995 0.003577 0.484588 0.000000 0.000000 0.025840 0.000000 0.000000 0.000000 0.000000 0.000000 0.000000
the mean of prob-rank is 1.631578947368421
the number of false negetive edges is 0
the number of probability greater than 0 is 4.1/edge
