20
 0.000000 0.000000 0.000000 0.000000 0.000000 0.000000 0.500000 0.000000 0.000000 0.000000 0.000000 0.000000 0.000000 0.000000 0.000000 0.000000 0.000000 0.000000 0.000000 0.500000
 0.000000 0.000000 0.232529 0.000000 0.000000 0.255768 0.000000 0.000232 0.000000 0.000000 0.255176 0.000000 0.000000 0.003610 0.252686 0.000000 0.000000 0.000000 0.000000 0.000000
 0.000000 0.238313 0.000000 0.000000 0.000000 0.173596 0.000000 0.000000 0.002632 0.000000 0.085947 0.000000 0.000000 0.224383 0.275128 0.000000 0.000000 0.000000 0.000000 0.000000
 0.000000 0.000000 0.000000 0.000000 0.000000 0.000000 0.000000 0.493091 0.000000 0.000000 0.000000 0.000000 0.000000 0.013765 0.000000 0.000000 0.000000 0.493144 0.000000 0.000000
 0.000000 0.000000 0.000000 0.000000 0.000000 0.000000 0.005029 0.000000 0.000000 0.000000 0.000000 0.492344 0.000000 0.000000 0.000000 0.492059 0.010567 0.000000 0.000000 0.000000
 0.000000 0.241266 0.159779 0.000000 0.000000 0.000000 0.000000 0.000997 0.253230 0.000000 0.149943 0.000000 0.000000 0.000000 0.194784 0.000000 0.000000 0.000000 0.000000 0.000000
 0.497731 0.000000 0.000000 0.000000 0.005084 0.000000 0.000000 0.000000 0.000000 0.000000 0.000000 0.000000 0.000000 0.000000 0.000000 0.497185 0.000000 0.000000 0.000000 0.000000
 0.000000 0.000346 0.000000 0.400601 0.000000 0.001577 0.000000 0.000000 0.000000 0.000000 0.196878 0.000000 0.000000 0.400598 0.000000 0.000000 0.000000 0.000000 0.000000 0.000000
 0.000000 0.000000 0.004404 0.000000 0.000000 0.460367 0.000000 0.000000 0.000000 0.000000 0.000000 0.000000 0.000000 0.000000 0.000000 0.000000 0.457414 0.000000 0.077815 0.000000
 0.000000 0.000000 0.000000 0.000000 0.000000 0.000000 0.000000 0.000000 0.000000 0.000000 0.000000 0.000000 0.500000 0.000000 0.000000 0.000000 0.000000 0.000000 0.000000 0.500000
 0.000000 0.264100 0.086794 0.000000 0.000000 0.164514 0.000000 0.136532 0.000000 0.000000 0.000000 0.000000 0.000000 0.273167 0.074893 0.000000 0.000000 0.000000 0.000000 0.000000
 0.000000 0.000000 0.000000 0.000000 0.500000 0.000000 0.000000 0.000000 0.000000 0.000000 0.000000 0.000000 0.000000 0.000000 0.000000 0.000000 0.000000 0.500000 0.000000 0.000000
 0.000000 0.000000 0.000000 0.000000 0.000000 0.000000 0.000000 0.000000 0.000000 0.500000 0.000000 0.000000 0.000000 0.000000 0.000000 0.000000 0.000000 0.000000 0.500000 0.000000
 0.000000 0.004735 0.287168 0.009828 0.000000 0.000000 0.000000 0.352072 0.000000 0.000000 0.346192 0.000000 0.000000 0.000000 0.000004 0.000000 0.000000 0.000000 0.000000 0.000000
 0.000000 0.315860 0.335566 0.000000 0.000000 0.258116 0.000000 0.000000 0.000000 0.000000 0.090454 0.000000 0.000000 0.000004 0.000000 0.000000 0.000000 0.000000 0.000000 0.000000
 0.000000 0.000000 0.000000 0.000000 0.457783 0.000000 0.457546 0.000000 0.000000 0.000000 0.000000 0.000000 0.000000 0.000000 0.000000 0.000000 0.084671 0.000000 0.000000 0.000000
 0.000000 0.000000 0.000000 0.000000 0.009762 0.000000 0.000000 0.000000 0.451907 0.000000 0.000000 0.000000 0.000000 0.000000 0.000000 0.084075 0.000000 0.000000 0.454256 0.000000
 0.000000 0.000000 0.000000 0.500000 0.000000 0.000000 0.000000 0.000000 0.000000 0.000000 0.000000 0.500000 0.000000 0.000000 0.000000 0.000000 0.000000 0.000000 0.000000 0.000000
 0.000000 0.000000 0.000000 0.000000 0.000000 0.000000 0.000000 0.000000 0.077973 0.000000 0.000000 0.000000 0.461302 0.000000 0.000000 0.000000 0.460725 0.000000 0.000000 0.000000
 0.500000 0.000000 0.000000 0.000000 0.000000 0.000000 0.000000 0.000000 0.000000 0.500000 0.000000 0.000000 0.000000 0.000000 0.000000 0.000000 0.000000 0.000000 0.000000 0.000000
the mean of prob-rank is 1.894736842105263
the number of false negetive edges is 0
the number of probability greater than 0 is 3.8/edge
