20
 0.000000 0.000000 0.000000 0.499995 0.000000 0.000000 0.000000 0.000000 0.000000 0.000000 0.000014 0.000000 0.000000 0.000000 0.000000 0.000000 0.000000 0.000000 0.499991 0.000000
 0.000000 0.000000 0.000000 0.000000 0.000311 0.000000 0.000000 0.000000 0.000000 0.425142 0.000000 0.000000 0.000000 0.000000 0.180350 0.369792 0.000000 0.000129 0.024275 0.000000
 0.000000 0.000000 0.000000 0.000000 0.000000 0.000000 0.000165 0.011355 0.000000 0.000000 0.000000 0.017522 0.485108 0.000000 0.000083 0.000000 0.000000 0.000000 0.000000 0.485768
 0.500000 0.000000 0.000000 0.000000 0.500000 0.000000 0.000000 0.000000 0.000000 0.000000 0.000000 0.000000 0.000000 0.000000 0.000000 0.000000 0.000000 0.000000 0.000000 0.000000
 0.000000 0.000364 0.000000 0.497710 0.000000 0.000000 0.000000 0.000000 0.000000 0.000000 0.497607 0.000000 0.004318 0.000000 0.000000 0.000000 0.000000 0.000000 0.000000 0.000000
 0.000000 0.000000 0.000000 0.000000 0.000000 0.000000 0.000000 0.000000 0.000000 0.000000 0.500000 0.000000 0.000000 0.500000 0.000000 0.000000 0.000000 0.000000 0.000000 0.000000
 0.000000 0.000000 0.000170 0.000000 0.000000 0.000000 0.000000 0.499616 0.000000 0.000000 0.000000 0.000000 0.500215 0.000000 0.000000 0.000000 0.000000 0.000000 0.000000 0.000000
 0.000000 0.000000 0.011381 0.000000 0.000000 0.000000 0.486334 0.000000 0.000000 0.000000 0.000000 0.486806 0.015479 0.000000 0.000000 0.000000 0.000000 0.000000 0.000000 0.000000
 0.000000 0.000000 0.000000 0.000000 0.000000 0.000000 0.000000 0.000000 0.000000 0.000001 0.000000 0.000000 0.000000 0.000000 0.000000 0.499999 0.000000 0.500000 0.000000 0.000000
 0.000000 0.343026 0.000000 0.000000 0.000000 0.000000 0.000000 0.000000 0.000001 0.000000 0.000000 0.000000 0.000000 0.000000 0.338140 0.286432 0.000000 0.031378 0.001023 0.000000
 0.000014 0.000000 0.000000 0.000000 0.499941 0.500045 0.000000 0.000000 0.000000 0.000000 0.000000 0.000000 0.000000 0.000000 0.000000 0.000000 0.000000 0.000000 0.000000 0.000000
 0.000000 0.000000 0.017717 0.000000 0.000000 0.000000 0.000000 0.491085 0.000000 0.000000 0.000000 0.000000 0.000000 0.491198 0.000000 0.000000 0.000000 0.000000 0.000000 0.000000
 0.000000 0.000000 0.489727 0.000000 0.004255 0.000000 0.490427 0.015591 0.000000 0.000000 0.000000 0.000000 0.000000 0.000000 0.000000 0.000000 0.000000 0.000000 0.000000 0.000000
 0.000000 0.000000 0.000000 0.000000 0.000000 0.500000 0.000000 0.000000 0.000000 0.000000 0.000000 0.500000 0.000000 0.000000 0.000000 0.000000 0.000000 0.000000 0.000000 0.000000
 0.000000 0.166115 0.000067 0.000000 0.000000 0.000000 0.000000 0.000000 0.000000 0.386007 0.000000 0.000000 0.000000 0.000000 0.000000 0.021464 0.391030 0.000000 0.000000 0.035317
 0.000000 0.303205 0.000000 0.000000 0.000000 0.000000 0.000000 0.000000 0.348588 0.291076 0.000000 0.000000 0.000000 0.000000 0.019107 0.000000 0.038024 0.000000 0.000000 0.000000
 0.000000 0.000000 0.000000 0.000000 0.000000 0.000000 0.000000 0.000000 0.000000 0.000000 0.000000 0.000000 0.000000 0.000000 0.473787 0.051754 0.000000 0.000000 0.000000 0.474459
 0.000000 0.000145 0.000000 0.000000 0.000000 0.000000 0.000000 0.000000 0.478153 0.043739 0.000000 0.000000 0.000000 0.000000 0.000000 0.000000 0.000000 0.000000 0.477963 0.000000
 0.485508 0.027722 0.000000 0.000000 0.000000 0.000000 0.000000 0.000000 0.000000 0.001449 0.000000 0.000000 0.000000 0.000000 0.000000 0.000000 0.000000 0.485321 0.000000 0.000000
 0.000000 0.000000 0.478407 0.000000 0.000000 0.000000 0.000000 0.000000 0.000000 0.000000 0.000000 0.000000 0.000000 0.000000 0.043151 0.000000 0.478442 0.000000 0.000000 0.000000
the mean of prob-rank is 1.5263157894736843
the number of false negetive edges is 0
the number of probability greater than 0 is 3.75/edge
