20
 0.000000 0.000000 0.000000 0.350540 0.000000 0.000000 0.000000 0.000000 0.000005 0.318879 0.000000 0.000000 0.000000 0.330576 0.000000 0.000000 0.000000 0.000000 0.000000 0.000000
 0.000000 0.000000 0.000000 0.000000 0.000000 0.499998 0.000000 0.000000 0.000000 0.000000 0.000000 0.000000 0.500002 0.000000 0.000000 0.000000 0.000000 0.000000 0.000000 0.000000
 0.000000 0.000000 0.000000 0.000000 0.000000 0.000000 0.500001 0.000000 0.000000 0.000000 0.499999 0.000000 0.000000 0.000000 0.000000 0.000000 0.000000 0.000000 0.000000 0.000000
 0.499796 0.000000 0.000000 0.000000 0.000000 0.000000 0.000000 0.000000 0.500177 0.000026 0.000000 0.000000 0.000000 0.000000 0.000000 0.000000 0.000000 0.000000 0.000000 0.000000
 0.000000 0.000000 0.000000 0.000000 0.000000 0.372569 0.000000 0.000000 0.000000 0.337263 0.000000 0.000000 0.000000 0.289865 0.000000 0.000300 0.000000 0.000000 0.000000 0.000002
 0.000000 0.499857 0.000000 0.000000 0.499778 0.000000 0.000000 0.000000 0.000000 0.000000 0.000000 0.000000 0.000000 0.000000 0.000000 0.000365 0.000000 0.000000 0.000000 0.000000
 0.000000 0.000000 0.500000 0.000000 0.000000 0.000000 0.000000 0.000000 0.000000 0.000000 0.000000 0.000000 0.000000 0.000000 0.000000 0.000000 0.000000 0.000000 0.500000 0.000000
 0.000000 0.000000 0.000000 0.000000 0.000000 0.000000 0.000000 0.000000 0.000000 0.000000 0.000000 0.358228 0.000000 0.000000 0.373959 0.000000 0.000000 0.000000 0.000000 0.267812
 0.000007 0.000000 0.000000 0.500161 0.000000 0.000000 0.000000 0.000000 0.000000 0.000000 0.000000 0.499832 0.000000 0.000000 0.000000 0.000000 0.000000 0.000000 0.000000 0.000000
 0.323008 0.000000 0.000000 0.000019 0.321623 0.000000 0.000000 0.000000 0.000000 0.000000 0.000000 0.000000 0.000000 0.355351 0.000000 0.000000 0.000000 0.000000 0.000000 0.000000
 0.000000 0.000000 0.499999 0.000000 0.000000 0.000000 0.000000 0.000000 0.000000 0.000000 0.000000 0.000000 0.000000 0.000000 0.000000 0.000000 0.500001 0.000000 0.000000 0.000000
 0.000000 0.000000 0.000000 0.000000 0.000000 0.000000 0.000000 0.339979 0.354675 0.000000 0.000000 0.000000 0.000000 0.000000 0.305345 0.000000 0.000000 0.000000 0.000000 0.000000
 0.000000 0.500000 0.000000 0.000000 0.000000 0.000000 0.000000 0.000000 0.000000 0.000000 0.000000 0.000000 0.000000 0.000000 0.000000 0.000000 0.000000 0.500000 0.000000 0.000000
 0.346417 0.000000 0.000000 0.000000 0.285965 0.000000 0.000000 0.000000 0.000000 0.367618 0.000000 0.000000 0.000000 0.000000 0.000000 0.000000 0.000000 0.000000 0.000000 0.000000
 0.000000 0.000000 0.000000 0.000000 0.000000 0.000000 0.000000 0.353407 0.000000 0.000000 0.000000 0.304053 0.000000 0.000000 0.000000 0.000000 0.000000 0.000000 0.000000 0.342541
 0.000000 0.000000 0.000000 0.000000 0.000402 0.000365 0.000000 0.000000 0.000000 0.000000 0.000000 0.000000 0.000000 0.000000 0.000000 0.000000 0.499611 0.000000 0.000000 0.499622
 0.000000 0.000000 0.000000 0.000000 0.000000 0.000000 0.000000 0.000000 0.000000 0.000000 0.500006 0.000000 0.000000 0.000000 0.000000 0.499994 0.000000 0.000000 0.000000 0.000000
 0.000000 0.000000 0.000000 0.000000 0.000000 0.000000 0.000000 0.000000 0.000000 0.000000 0.000000 0.000000 0.500000 0.000000 0.000000 0.000000 0.000000 0.000000 0.500000 0.000000
 0.000000 0.000000 0.000000 0.000000 0.000000 0.000000 0.500000 0.000000 0.000000 0.000000 0.000000 0.000000 0.000000 0.000000 0.000000 0.000000 0.000000 0.500000 0.000000 0.000000
 0.000000 0.000000 0.000000 0.000000 0.000002 0.000000 0.000000 0.266683 0.000000 0.000000 0.000000 0.000000 0.000000 0.000000 0.360933 0.372381 0.000000 0.000000 0.000000 0.000000
the mean of prob-rank is 1.4210526315789473
the number of false negetive edges is 0
the number of probability greater than 0 is 2.9/edge
