20
 0.000000 0.000000 0.000000 0.000000 0.000000 0.000000 0.000000 0.000000 0.000000 0.000000 0.000000 0.500003 0.000000 0.000000 0.000000 0.000000 0.000000 0.499992 0.000004 0.000001
 0.000000 0.000000 0.323285 0.000000 0.000000 0.000000 0.000000 0.000000 0.048164 0.000000 0.000000 0.000000 0.000000 0.000000 0.301076 0.000000 0.327475 0.000000 0.000000 0.000000
 0.000000 0.340533 0.000000 0.000000 0.000000 0.000000 0.312493 0.000000 0.000003 0.000000 0.000000 0.000000 0.000000 0.000000 0.346971 0.000000 0.000000 0.000000 0.000000 0.000000
 0.000000 0.000000 0.000000 0.000000 0.000000 0.000000 0.000000 0.000000 0.000000 0.500000 0.000000 0.000000 0.500000 0.000000 0.000000 0.000000 0.000000 0.000000 0.000000 0.000000
 0.000000 0.000000 0.000000 0.000000 0.000000 0.000000 0.000000 0.000000 0.000000 0.000000 0.000000 0.012826 0.000000 0.000028 0.000000 0.152639 0.000000 0.276120 0.283480 0.274907
 0.000000 0.000000 0.000000 0.000000 0.000000 0.000000 0.499990 0.000000 0.000000 0.500010 0.000000 0.000000 0.000000 0.000000 0.000000 0.000000 0.000000 0.000000 0.000000 0.000000
 0.000000 0.000000 0.310847 0.000000 0.000000 0.345129 0.000000 0.000000 0.000109 0.000000 0.000000 0.000000 0.000000 0.000000 0.343914 0.000000 0.000000 0.000000 0.000000 0.000000
 0.000000 0.000000 0.000000 0.000000 0.000000 0.000000 0.000000 0.000000 0.000000 0.000000 0.283568 0.281616 0.000000 0.083723 0.000000 0.286226 0.064867 0.000000 0.000000 0.000000
 0.000000 0.068128 0.000005 0.000000 0.000000 0.000000 0.000147 0.000000 0.000000 0.000000 0.000000 0.000000 0.000000 0.465833 0.000000 0.000000 0.465888 0.000000 0.000000 0.000000
 0.000000 0.000000 0.000000 0.498974 0.000000 0.498974 0.000000 0.000000 0.000000 0.000000 0.000000 0.000000 0.000000 0.000000 0.000000 0.000000 0.000000 0.000000 0.002052 0.000000
 0.000000 0.000000 0.000000 0.000000 0.000000 0.000000 0.000000 0.331706 0.000000 0.000000 0.000000 0.000000 0.000000 0.329123 0.000000 0.339171 0.000000 0.000000 0.000000 0.000000
 0.375703 0.000000 0.000000 0.000000 0.016999 0.000000 0.000000 0.364904 0.000000 0.000000 0.000000 0.000000 0.000000 0.000000 0.000000 0.001562 0.000000 0.000489 0.240343 0.000000
 0.000000 0.000000 0.000000 0.500000 0.000000 0.000000 0.000000 0.000000 0.000000 0.000000 0.000000 0.000000 0.000000 0.000000 0.000000 0.000000 0.000000 0.000000 0.000001 0.500000
 0.000000 0.000000 0.000000 0.000000 0.000034 0.000000 0.000000 0.098566 0.341285 0.000000 0.331242 0.000000 0.000000 0.000000 0.000000 0.228873 0.000000 0.000000 0.000000 0.000000
 0.000000 0.314047 0.343588 0.000000 0.000000 0.000000 0.342365 0.000000 0.000000 0.000000 0.000000 0.000000 0.000000 0.000000 0.000000 0.000000 0.000000 0.000000 0.000000 0.000000
 0.000000 0.000000 0.000000 0.000000 0.168251 0.000000 0.000000 0.308462 0.000000 0.000000 0.312476 0.001299 0.000000 0.209511 0.000000 0.000000 0.000000 0.000000 0.000000 0.000000
 0.000000 0.448267 0.000000 0.000000 0.000000 0.000000 0.000000 0.100873 0.450860 0.000000 0.000000 0.000000 0.000000 0.000000 0.000000 0.000000 0.000000 0.000000 0.000000 0.000000
 0.277333 0.000000 0.000000 0.000000 0.270138 0.000000 0.000000 0.000000 0.000000 0.000000 0.000000 0.000361 0.000000 0.000000 0.000000 0.000000 0.000000 0.000000 0.260155 0.192012
 0.000002 0.000000 0.000000 0.000000 0.281209 0.000000 0.000000 0.000000 0.000000 0.001157 0.000000 0.179894 0.000001 0.000000 0.000000 0.000000 0.000000 0.263785 0.000000 0.273953
 0.000001 0.000000 0.000000 0.000000 0.266689 0.000000 0.000000 0.000000 0.000000 0.000000 0.000000 0.000000 0.275005 0.000000 0.000000 0.000000 0.000000 0.190396 0.267909 0.000000
the mean of prob-rank is 1.4736842105263157
the number of false negetive edges is 0
the number of probability greater than 0 is 4.05/edge
