20
 0.000000 0.000000 0.006745 0.000000 0.000000 0.496619 0.000000 0.000000 0.000000 0.000000 0.000000 0.000000 0.000000 0.000000 0.000000 0.000000 0.000000 0.000000 0.496636 0.000000
 0.000000 0.000000 0.000000 0.000000 0.000000 0.000000 0.000000 0.500000 0.000000 0.000000 0.000000 0.000000 0.000000 0.000000 0.000000 0.000000 0.000000 0.500000 0.000000 0.000000
 0.006746 0.000000 0.000000 0.000000 0.000000 0.000000 0.000000 0.000000 0.000000 0.000000 0.496609 0.000000 0.000000 0.000000 0.000000 0.000000 0.000000 0.000000 0.496645 0.000000
 0.000000 0.000000 0.000000 0.000000 0.000000 0.001497 0.000000 0.000000 0.000000 0.499256 0.000000 0.000000 0.499246 0.000000 0.000000 0.000000 0.000000 0.000000 0.000000 0.000000
 0.000000 0.000000 0.000000 0.000000 0.000000 0.000000 0.241117 0.000000 0.000000 0.265824 0.000000 0.245056 0.000000 0.215328 0.000000 0.000000 0.032675 0.000000 0.000000 0.000000
 0.499243 0.000000 0.000000 0.001497 0.000000 0.000000 0.000000 0.000000 0.000000 0.000000 0.000000 0.000000 0.000000 0.000000 0.000000 0.499260 0.000000 0.000000 0.000000 0.000000
 0.000000 0.000000 0.000000 0.000000 0.246244 0.000000 0.000000 0.000000 0.000000 0.000000 0.000000 0.231678 0.000000 0.265993 0.000000 0.000000 0.256084 0.000000 0.000000 0.000000
 0.000000 0.374688 0.000000 0.000000 0.000000 0.000000 0.000000 0.000000 0.000000 0.000000 0.000000 0.000000 0.000000 0.000000 0.000000 0.000000 0.251479 0.000000 0.000000 0.373833
 0.000000 0.000000 0.000000 0.000000 0.000000 0.000000 0.000000 0.000000 0.000000 0.000000 0.499931 0.000000 0.000000 0.000000 0.500069 0.000000 0.000000 0.000000 0.000000 0.000000
 0.000000 0.000000 0.000000 0.446088 0.446091 0.000000 0.000000 0.000000 0.000000 0.000000 0.000000 0.003583 0.003390 0.100848 0.000000 0.000000 0.000000 0.000000 0.000000 0.000000
 0.000000 0.000000 0.493336 0.000000 0.000000 0.000000 0.000000 0.000000 0.493258 0.000000 0.000000 0.000000 0.000000 0.000000 0.000621 0.000000 0.000000 0.000000 0.012785 0.000000
 0.000000 0.000000 0.000000 0.000000 0.331216 0.000000 0.306616 0.000000 0.000000 0.002886 0.000000 0.000000 0.000000 0.359282 0.000000 0.000000 0.000000 0.000000 0.000000 0.000000
 0.000000 0.000000 0.000000 0.497819 0.000000 0.000000 0.000000 0.000000 0.000000 0.003783 0.000000 0.000000 0.000000 0.000567 0.000000 0.497831 0.000000 0.000000 0.000000 0.000000
 0.000000 0.000000 0.000000 0.000000 0.220390 0.000000 0.266578 0.000000 0.000000 0.061507 0.000000 0.272069 0.000310 0.000000 0.000000 0.000014 0.156434 0.000000 0.000000 0.022699
 0.000000 0.000000 0.000000 0.000000 0.000000 0.000000 0.000000 0.000000 0.499868 0.000000 0.000629 0.000000 0.000000 0.000000 0.000000 0.000000 0.000000 0.499503 0.000000 0.000000
 0.000000 0.000000 0.000000 0.000000 0.000000 0.499988 0.000000 0.000000 0.000000 0.000000 0.000000 0.000000 0.499987 0.000025 0.000000 0.000000 0.000000 0.000000 0.000000 0.000000
 0.000000 0.000000 0.000000 0.000000 0.037109 0.000000 0.284783 0.202625 0.000000 0.000000 0.000000 0.000000 0.000000 0.173583 0.000000 0.000000 0.000000 0.000000 0.000000 0.301899
 0.000000 0.500183 0.000000 0.000000 0.000000 0.000000 0.000000 0.000000 0.000000 0.000000 0.000000 0.000000 0.000000 0.000000 0.499817 0.000000 0.000000 0.000000 0.000000 0.000000
 0.493617 0.000000 0.493592 0.000000 0.000000 0.000000 0.000000 0.000000 0.000000 0.000000 0.012791 0.000000 0.000000 0.000000 0.000000 0.000000 0.000000 0.000000 0.000000 0.000000
 0.000000 0.000000 0.000000 0.000000 0.000000 0.000000 0.000000 0.479408 0.000000 0.000000 0.000000 0.000000 0.000000 0.040088 0.000000 0.000000 0.480504 0.000000 0.000000 0.000000
the mean of prob-rank is 1.5263157894736843
the number of false negetive edges is 0
the number of probability greater than 0 is 3.6/edge
