20
 0.000000 0.000000 0.000000 0.000000 0.000000 0.000000 0.000000 0.000000 0.000000 0.000000 0.189675 0.000000 0.000000 0.000000 0.000000 0.000000 0.000000 0.401761 0.408564 0.000000
 0.000000 0.000000 0.038354 0.000000 0.000000 0.000000 0.020721 0.000000 0.000000 0.000000 0.014902 0.443632 0.000000 0.000000 0.000000 0.000000 0.036682 0.445708 0.000000 0.000000
 0.000000 0.041243 0.000000 0.000000 0.000000 0.000000 0.000000 0.479368 0.000000 0.000000 0.000000 0.000000 0.479385 0.000000 0.000000 0.000000 0.000000 0.000000 0.000000 0.000003
 0.000000 0.000000 0.000000 0.000000 0.500000 0.000000 0.000000 0.000000 0.000000 0.000000 0.000000 0.000000 0.000000 0.500000 0.000000 0.000000 0.000000 0.000000 0.000000 0.000000
 0.000000 0.000000 0.000000 0.500000 0.000000 0.000000 0.000000 0.000000 0.000000 0.000000 0.000000 0.000000 0.000000 0.000000 0.000000 0.500000 0.000000 0.000000 0.000000 0.000000
 0.000000 0.000000 0.000000 0.000000 0.000000 0.000000 0.000000 0.000000 0.500000 0.000000 0.000000 0.000000 0.500000 0.000000 0.000000 0.000000 0.000000 0.000000 0.000000 0.000000
 0.000000 0.022724 0.000000 0.000000 0.000000 0.000000 0.000000 0.000000 0.000000 0.000000 0.000000 0.000000 0.000000 0.000000 0.000000 0.000000 0.488420 0.000000 0.000000 0.488856
 0.000000 0.000000 0.498977 0.000000 0.000000 0.000000 0.000000 0.000000 0.000000 0.499001 0.000000 0.000000 0.001423 0.000000 0.000000 0.000000 0.000000 0.000000 0.000000 0.000600
 0.000000 0.000000 0.000000 0.000000 0.000000 0.500002 0.000000 0.000000 0.000000 0.000000 0.000000 0.000000 0.000000 0.499998 0.000000 0.000000 0.000000 0.000000 0.000000 0.000000
 0.000000 0.000000 0.000000 0.000000 0.000000 0.000000 0.000000 0.499995 0.000000 0.000000 0.000000 0.000000 0.000000 0.000000 0.000000 0.000000 0.000000 0.000000 0.000000 0.500004
 0.185524 0.013358 0.000000 0.000000 0.000000 0.000000 0.000000 0.000000 0.000000 0.000000 0.000000 0.399621 0.000000 0.000000 0.000000 0.000000 0.389834 0.011663 0.000000 0.000000
 0.000000 0.439049 0.000000 0.000000 0.000000 0.000000 0.000000 0.000000 0.000000 0.000000 0.441211 0.000000 0.000000 0.000000 0.000000 0.000000 0.047120 0.072621 0.000000 0.000000
 0.000000 0.000000 0.499281 0.000000 0.000000 0.499296 0.000000 0.001423 0.000000 0.000000 0.000000 0.000000 0.000000 0.000000 0.000000 0.000000 0.000000 0.000000 0.000000 0.000000
 0.000000 0.000000 0.000000 0.500002 0.000000 0.000000 0.000000 0.000000 0.499998 0.000000 0.000000 0.000000 0.000000 0.000000 0.000000 0.000000 0.000000 0.000000 0.000000 0.000000
 0.000000 0.000000 0.000000 0.000000 0.000000 0.000000 0.000000 0.000000 0.000000 0.000000 0.000000 0.000000 0.000000 0.000000 0.000000 0.500000 0.000000 0.000000 0.500000 0.000000
 0.000000 0.000000 0.000000 0.000000 0.500000 0.000000 0.000000 0.000000 0.000000 0.000000 0.000000 0.000000 0.000000 0.000000 0.500000 0.000000 0.000000 0.000000 0.000000 0.000000
 0.000000 0.038030 0.000000 0.000000 0.000000 0.000000 0.461732 0.000000 0.000000 0.000000 0.450877 0.049361 0.000000 0.000000 0.000000 0.000000 0.000000 0.000000 0.000000 0.000000
 0.451724 0.459259 0.000000 0.000000 0.000000 0.000000 0.000000 0.000000 0.000000 0.000000 0.013407 0.075610 0.000000 0.000000 0.000000 0.000000 0.000000 0.000000 0.000000 0.000000
 0.500000 0.000000 0.000000 0.000000 0.000000 0.000000 0.000000 0.000000 0.000000 0.000000 0.000000 0.000000 0.000000 0.000000 0.500000 0.000000 0.000000 0.000000 0.000000 0.000000
 0.000000 0.000000 0.000003 0.000000 0.000000 0.000000 0.499669 0.000601 0.000000 0.499727 0.000000 0.000000 0.000000 0.000000 0.000000 0.000000 0.000000 0.000000 0.000000 0.000000
the mean of prob-rank is 1.5789473684210527
the number of false negetive edges is 0
the number of probability greater than 0 is 3.1/edge
