20
 0.000000 0.000000 0.000000 0.000000 0.000000 0.000000 0.000000 0.445647 0.000000 0.000000 0.000000 0.000000 0.109997 0.000000 0.000000 0.000000 0.000000 0.000000 0.444356 0.000000
 0.000000 0.000000 0.000000 0.000000 0.000000 0.000000 0.000000 0.000000 0.327965 0.000000 0.000000 0.000000 0.000000 0.000000 0.359039 0.312996 0.000000 0.000000 0.000000 0.000000
 0.000000 0.000000 0.000000 0.190924 0.000000 0.398344 0.000000 0.000000 0.000000 0.000000 0.000000 0.410732 0.000000 0.000000 0.000000 0.000000 0.000000 0.000000 0.000000 0.000000
 0.000000 0.000000 0.189571 0.000000 0.000000 0.000000 0.000000 0.000000 0.000000 0.407829 0.000000 0.402600 0.000000 0.000000 0.000000 0.000000 0.000000 0.000000 0.000000 0.000000
 0.000000 0.000000 0.000000 0.000000 0.000000 0.000072 0.299317 0.000000 0.339907 0.000000 0.000000 0.000000 0.000000 0.360704 0.000000 0.000000 0.000000 0.000000 0.000000 0.000000
 0.000000 0.000000 0.305003 0.000000 0.000063 0.000000 0.000000 0.000000 0.000001 0.000000 0.000000 0.182030 0.000000 0.086167 0.112865 0.313872 0.000000 0.000000 0.000000 0.000000
 0.000000 0.000000 0.000000 0.000000 0.294301 0.000000 0.000000 0.000000 0.008748 0.000000 0.354659 0.000000 0.000000 0.342291 0.000000 0.000000 0.000000 0.000000 0.000000 0.000000
 0.455635 0.000000 0.000000 0.000000 0.000000 0.000000 0.000000 0.000000 0.000000 0.000000 0.000000 0.000000 0.454828 0.000000 0.000000 0.000000 0.000000 0.001895 0.087642 0.000000
 0.000000 0.248504 0.000000 0.000000 0.256365 0.000001 0.006711 0.000000 0.000000 0.000000 0.000000 0.000000 0.000000 0.248989 0.239431 0.000000 0.000000 0.000000 0.000000 0.000000
 0.000000 0.000000 0.000000 0.500000 0.000000 0.000000 0.000000 0.000000 0.000000 0.000000 0.000000 0.000000 0.000000 0.000000 0.000000 0.000000 0.000000 0.000000 0.000000 0.500000
 0.000000 0.000000 0.000000 0.000000 0.000000 0.000000 0.500000 0.000000 0.000000 0.000000 0.000000 0.000000 0.000000 0.000000 0.000000 0.000000 0.500000 0.000000 0.000000 0.000000
 0.000000 0.000000 0.365013 0.360339 0.000000 0.211274 0.000000 0.000000 0.000000 0.000000 0.000000 0.000000 0.000000 0.000000 0.000000 0.063373 0.000000 0.000000 0.000000 0.000000
 0.109942 0.000000 0.000000 0.000000 0.000000 0.000000 0.000000 0.444634 0.000000 0.000000 0.000000 0.000000 0.000000 0.000000 0.000000 0.000000 0.000000 0.000000 0.000000 0.445424
 0.000000 0.000000 0.000000 0.000000 0.317023 0.086860 0.305967 0.000000 0.290150 0.000000 0.000000 0.000000 0.000000 0.000000 0.000000 0.000000 0.000000 0.000000 0.000000 0.000000
 0.000000 0.313668 0.000000 0.000000 0.000000 0.112568 0.000000 0.000000 0.276060 0.000000 0.000000 0.000000 0.000000 0.000000 0.000000 0.297704 0.000000 0.000000 0.000000 0.000000
 0.000000 0.291315 0.000000 0.000000 0.000000 0.333507 0.000000 0.000000 0.000000 0.000000 0.000000 0.058017 0.000000 0.000000 0.317161 0.000000 0.000000 0.000000 0.000000 0.000000
 0.000000 0.000000 0.000000 0.000000 0.000000 0.000000 0.000000 0.000000 0.000000 0.000000 0.493981 0.000000 0.000000 0.000000 0.000000 0.000000 0.000000 0.493936 0.012084 0.000000
 0.000000 0.000000 0.000000 0.000000 0.000000 0.000000 0.000000 0.002075 0.000000 0.000000 0.000000 0.000000 0.000000 0.000000 0.000000 0.000000 0.498940 0.000000 0.498985 0.000000
 0.450379 0.000000 0.000000 0.000000 0.000000 0.000000 0.000000 0.086883 0.000000 0.000000 0.000000 0.000000 0.000000 0.000000 0.000000 0.000000 0.011049 0.451689 0.000000 0.000000
 0.000000 0.000000 0.000000 0.000000 0.000000 0.000000 0.000000 0.000000 0.000000 0.500000 0.000000 0.000000 0.500000 0.000000 0.000000 0.000000 0.000000 0.000000 0.000000 0.000000
the mean of prob-rank is 1.5789473684210527
the number of false negetive edges is 0
the number of probability greater than 0 is 3.5/edge
