20
 0.000000 0.461823 0.000000 0.000000 0.000000 0.000000 0.001034 0.000000 0.000000 0.000000 0.000000 0.000095 0.000000 0.000000 0.000000 0.460236 0.000000 0.058828 0.017933 0.000053
 0.499381 0.000000 0.000000 0.000000 0.000000 0.000000 0.000000 0.000000 0.000000 0.000000 0.000000 0.001237 0.000000 0.000000 0.000000 0.000004 0.499378 0.000000 0.000000 0.000000
 0.000000 0.000000 0.000000 0.000000 0.000000 0.000000 0.000000 0.000000 0.000000 0.056068 0.000000 0.000000 0.000000 0.000000 0.473093 0.000061 0.000000 0.000000 0.470778 0.000000
 0.000000 0.000000 0.000000 0.000000 0.000000 0.000000 0.000000 0.000000 0.000000 0.000000 0.000000 0.490443 0.000000 0.490596 0.000000 0.018961 0.000000 0.000000 0.000000 0.000000
 0.000000 0.000000 0.000000 0.000000 0.000000 0.000000 0.000000 0.000000 0.500000 0.000000 0.000000 0.000000 0.000000 0.500000 0.000000 0.000000 0.000000 0.000000 0.000000 0.000000
 0.000000 0.000000 0.000000 0.000000 0.000000 0.000000 0.000000 0.000000 0.499192 0.001615 0.000000 0.000000 0.499193 0.000000 0.000000 0.000000 0.000000 0.000000 0.000000 0.000000
 0.001118 0.000000 0.000000 0.000000 0.000000 0.000000 0.000000 0.000000 0.000000 0.000000 0.000000 0.000054 0.000000 0.000000 0.000000 0.499461 0.000000 0.000000 0.499368 0.000000
 0.000000 0.000000 0.000000 0.000000 0.000000 0.000000 0.000000 0.000000 0.000000 0.462260 0.000000 0.000000 0.000000 0.000000 0.073402 0.000000 0.000000 0.000000 0.000000 0.464337
 0.000000 0.000000 0.000000 0.000000 0.500000 0.500000 0.000000 0.000000 0.000000 0.000000 0.000000 0.000000 0.000000 0.000000 0.000000 0.000000 0.000000 0.000000 0.000000 0.000000
 0.000000 0.000000 0.055985 0.000000 0.000000 0.001528 0.000000 0.470277 0.000000 0.000000 0.000000 0.000000 0.472209 0.000000 0.000000 0.000000 0.000000 0.000000 0.000000 0.000000
 0.000000 0.000000 0.000000 0.000000 0.000000 0.000000 0.000000 0.000000 0.000000 0.000000 0.000000 0.500000 0.000000 0.000000 0.000000 0.000000 0.500000 0.000000 0.000000 0.000000
 0.000097 0.001175 0.000000 0.474109 0.000000 0.000000 0.000051 0.000000 0.000000 0.000000 0.474256 0.000000 0.000000 0.000000 0.000000 0.000017 0.000000 0.000000 0.050295 0.000000
 0.000000 0.000000 0.000000 0.000000 0.000000 0.500095 0.000000 0.000000 0.000000 0.499903 0.000000 0.000000 0.000000 0.000000 0.000000 0.000002 0.000000 0.000000 0.000000 0.000000
 0.000000 0.000000 0.000000 0.500000 0.500000 0.000000 0.000000 0.000000 0.000000 0.000000 0.000000 0.000000 0.000000 0.000000 0.000000 0.000000 0.000000 0.000000 0.000000 0.000000
 0.000000 0.000000 0.466926 0.000000 0.000000 0.000000 0.000000 0.073812 0.000000 0.000000 0.000000 0.000000 0.000000 0.000000 0.000000 0.000000 0.000000 0.459243 0.000020 0.000000
 0.475958 0.000004 0.000062 0.018459 0.000000 0.000000 0.477594 0.000000 0.000000 0.000000 0.000000 0.000018 0.000002 0.000000 0.000000 0.000000 0.000000 0.000000 0.027904 0.000000
 0.000000 0.499998 0.000000 0.000000 0.000000 0.000000 0.000000 0.000000 0.000000 0.000000 0.500002 0.000000 0.000000 0.000000 0.000000 0.000000 0.000000 0.000000 0.000000 0.000000
 0.059738 0.000000 0.000000 0.000000 0.000000 0.000000 0.000000 0.000000 0.000000 0.000000 0.000000 0.000000 0.000000 0.000000 0.461256 0.000000 0.000000 0.000000 0.010128 0.468877
 0.017492 0.000000 0.448276 0.000000 0.000000 0.000000 0.450391 0.000000 0.000000 0.000000 0.000000 0.047773 0.000000 0.000000 0.000019 0.026319 0.000000 0.009729 0.000000 0.000000
 0.000057 0.000000 0.000000 0.000000 0.000000 0.000000 0.000000 0.500023 0.000000 0.000000 0.000000 0.000000 0.000000 0.000000 0.000000 0.000000 0.000000 0.499920 0.000000 0.000000
the mean of prob-rank is 1.4736842105263157
the number of false negetive edges is 0
the number of probability greater than 0 is 3.9/edge
