20
 0.000000 0.000000 0.500000 0.000000 0.000000 0.000000 0.000000 0.000000 0.000000 0.000000 0.000000 0.000000 0.000000 0.000000 0.000000 0.500000 0.000000 0.000000 0.000000 0.000000
 0.000000 0.000000 0.000000 0.000000 0.000000 0.000000 0.000000 0.000000 0.000000 0.500000 0.000000 0.000000 0.000000 0.500000 0.000000 0.000000 0.000000 0.000000 0.000000 0.000000
 0.500000 0.000000 0.000000 0.000000 0.000000 0.000000 0.000000 0.000000 0.500000 0.000000 0.000000 0.000000 0.000000 0.000000 0.000000 0.000000 0.000000 0.000000 0.000000 0.000000
 0.000000 0.000000 0.000000 0.000000 0.259232 0.235292 0.284096 0.000000 0.000000 0.000000 0.000000 0.000000 0.173614 0.000000 0.000000 0.000000 0.000000 0.047766 0.000000 0.000000
 0.000000 0.000000 0.000000 0.317316 0.000000 0.000000 0.326361 0.000000 0.000000 0.000000 0.000000 0.000000 0.004918 0.000000 0.000000 0.000000 0.000000 0.000000 0.000000 0.351405
 0.000000 0.000000 0.000000 0.292518 0.000000 0.000000 0.336207 0.000000 0.000000 0.000000 0.000000 0.000000 0.014256 0.000000 0.000000 0.000000 0.000000 0.357019 0.000000 0.000000
 0.000000 0.000000 0.000000 0.270816 0.254158 0.257792 0.000000 0.000000 0.000000 0.000000 0.000000 0.000002 0.000000 0.000000 0.000000 0.000000 0.000000 0.217180 0.000000 0.000053
 0.000000 0.000000 0.000000 0.000000 0.000000 0.000000 0.000000 0.000000 0.000000 0.000000 0.000000 0.010468 0.000000 0.000000 0.492523 0.000000 0.492919 0.004090 0.000000 0.000000
 0.000000 0.000000 0.490924 0.000000 0.000000 0.000000 0.000000 0.000000 0.000000 0.000000 0.000000 0.000000 0.000000 0.000000 0.018344 0.000000 0.490733 0.000000 0.000000 0.000000
 0.000000 0.500000 0.000000 0.000000 0.000000 0.000000 0.000000 0.000000 0.000000 0.000000 0.000000 0.000000 0.000000 0.000000 0.000000 0.500000 0.000000 0.000000 0.000000 0.000000
 0.000000 0.000000 0.000000 0.000000 0.000000 0.000000 0.000000 0.000000 0.000000 0.000000 0.000000 0.000000 0.500013 0.499987 0.000000 0.000000 0.000000 0.000000 0.000000 0.000000
 0.000000 0.000000 0.000000 0.000000 0.000000 0.000000 0.000003 0.010507 0.000000 0.000000 0.000000 0.000000 0.000000 0.000000 0.494739 0.000000 0.000000 0.000000 0.494752 0.000000
 0.000000 0.000000 0.000000 0.227994 0.005276 0.015059 0.000000 0.000000 0.000000 0.000000 0.377127 0.000000 0.000000 0.000000 0.000000 0.000000 0.000000 0.368750 0.000000 0.005795
 0.000000 0.500013 0.000000 0.000000 0.000000 0.000000 0.000000 0.000000 0.000000 0.000000 0.499987 0.000000 0.000000 0.000000 0.000000 0.000000 0.000000 0.000000 0.000000 0.000000
 0.000000 0.000000 0.000000 0.000000 0.000000 0.000000 0.000000 0.455322 0.017027 0.000000 0.000000 0.455669 0.000000 0.000000 0.000000 0.000000 0.071982 0.000000 0.000000 0.000000
 0.500000 0.000000 0.000000 0.000000 0.000000 0.000000 0.000000 0.000000 0.000000 0.500000 0.000000 0.000000 0.000000 0.000000 0.000000 0.000000 0.000000 0.000000 0.000000 0.000000
 0.000000 0.000000 0.000000 0.000000 0.000000 0.000000 0.000000 0.463484 0.463303 0.000000 0.000000 0.000000 0.000000 0.000000 0.073213 0.000000 0.000000 0.000000 0.000000 0.000000
 0.000000 0.000000 0.000000 0.056464 0.000000 0.339470 0.269319 0.002817 0.000000 0.000000 0.000000 0.000000 0.331931 0.000000 0.000000 0.000000 0.000000 0.000000 0.000000 0.000000
 0.000000 0.000000 0.000000 0.000000 0.000000 0.000000 0.000000 0.000000 0.000000 0.000000 0.000000 0.499997 0.000000 0.000000 0.000000 0.000000 0.000000 0.000000 0.000000 0.500003
 0.000000 0.000000 0.000000 0.000000 0.496058 0.000000 0.000096 0.000000 0.000000 0.000000 0.000000 0.000000 0.007624 0.000000 0.000000 0.000000 0.000000 0.000000 0.496222 0.000000
the mean of prob-rank is 1.6842105263157894
the number of false negetive edges is 0
the number of probability greater than 0 is 3.4/edge
