20
 0.000000 0.000000 0.000000 0.000000 0.000000 0.500000 0.000000 0.500000 0.000000 0.000000 0.000000 0.000000 0.000000 0.000000 0.000000 0.000000 0.000000 0.000000 0.000000 0.000000
 0.000000 0.000000 0.000000 0.000000 0.000000 0.000000 0.000000 0.000000 0.500001 0.000000 0.000000 0.000000 0.000000 0.000000 0.499999 0.000000 0.000000 0.000000 0.000000 0.000000
 0.000000 0.000000 0.000000 0.000000 0.253443 0.000000 0.000036 0.000000 0.000000 0.000000 0.000000 0.069543 0.000000 0.000000 0.000000 0.331153 0.000000 0.000000 0.000000 0.345825
 0.000000 0.000000 0.000000 0.000000 0.000000 0.000000 0.000189 0.000000 0.000000 0.327545 0.000000 0.000000 0.317254 0.355012 0.000000 0.000000 0.000000 0.000000 0.000000 0.000000
 0.000000 0.000000 0.204369 0.000000 0.000000 0.269672 0.000000 0.000005 0.000000 0.000000 0.000000 0.000000 0.252788 0.000000 0.000000 0.000000 0.272937 0.000000 0.000229 0.000000
 0.382680 0.000000 0.000000 0.000000 0.369656 0.000000 0.000000 0.000000 0.000000 0.000000 0.036637 0.000000 0.000000 0.000000 0.000000 0.000000 0.211027 0.000000 0.000000 0.000000
 0.000000 0.000000 0.000037 0.000192 0.000000 0.000000 0.000000 0.000000 0.000000 0.000000 0.000000 0.000000 0.000000 0.323854 0.000000 0.315988 0.000000 0.000000 0.000000 0.359929
 0.500030 0.000000 0.000000 0.000000 0.000008 0.000000 0.000000 0.000000 0.000000 0.000000 0.000000 0.000000 0.000000 0.000000 0.000000 0.000000 0.000000 0.000000 0.499962 0.000000
 0.000000 0.500002 0.000000 0.000000 0.000000 0.000000 0.000000 0.000000 0.000000 0.000000 0.000000 0.000000 0.000000 0.000000 0.000000 0.000000 0.000000 0.499998 0.000000 0.000000
 0.000000 0.000000 0.000000 0.328914 0.000000 0.000000 0.000000 0.000000 0.000000 0.000000 0.354305 0.000000 0.316275 0.000000 0.000000 0.000000 0.000506 0.000000 0.000000 0.000000
 0.000000 0.000000 0.000000 0.000000 0.000000 0.045806 0.000000 0.000000 0.000000 0.475514 0.000000 0.000000 0.000225 0.000000 0.000000 0.000000 0.478455 0.000000 0.000000 0.000000
 0.000000 0.000000 0.091360 0.000000 0.000001 0.000000 0.000000 0.000000 0.000000 0.000000 0.000000 0.000000 0.000000 0.000000 0.000000 0.453817 0.000000 0.454822 0.000000 0.000000
 0.000000 0.000000 0.000000 0.244410 0.247651 0.000000 0.000000 0.000000 0.000000 0.242641 0.000129 0.000000 0.000000 0.238255 0.000000 0.000000 0.026914 0.000000 0.000000 0.000000
 0.000000 0.000000 0.000000 0.360892 0.000000 0.000000 0.324721 0.000000 0.000000 0.000000 0.000000 0.000000 0.314387 0.000000 0.000000 0.000000 0.000000 0.000000 0.000000 0.000000
 0.000000 0.499999 0.000000 0.000000 0.000000 0.000000 0.000000 0.000000 0.000000 0.000000 0.000000 0.000000 0.000000 0.000000 0.000000 0.000000 0.000000 0.000000 0.500001 0.000000
 0.000000 0.000000 0.336014 0.000000 0.000000 0.000000 0.308404 0.000000 0.000000 0.000000 0.000000 0.350513 0.000000 0.000000 0.000000 0.000000 0.000000 0.000000 0.000000 0.005069
 0.000000 0.000000 0.000000 0.000000 0.371886 0.209760 0.000000 0.000000 0.000000 0.000540 0.380382 0.000000 0.037432 0.000000 0.000000 0.000000 0.000000 0.000000 0.000000 0.000000
 0.000000 0.000000 0.000000 0.000000 0.000000 0.000000 0.000000 0.000000 0.500000 0.000000 0.000000 0.500000 0.000000 0.000000 0.000000 0.000000 0.000000 0.000000 0.000000 0.000000
 0.000000 0.000000 0.000000 0.000000 0.000410 0.000000 0.000000 0.499761 0.000000 0.000000 0.000000 0.000000 0.000000 0.000000 0.499829 0.000000 0.000000 0.000000 0.000000 0.000000
 0.000000 0.000000 0.496141 0.000000 0.000000 0.000000 0.496692 0.000000 0.000000 0.000000 0.000000 0.000000 0.000000 0.000000 0.000000 0.007167 0.000000 0.000000 0.000000 0.000000
the mean of prob-rank is 2.0
the number of false negetive edges is 0
the number of probability greater than 0 is 3.6/edge
