20
 0.000000 0.500000 0.500000 0.000000 0.000000 0.000000 0.000000 0.000000 0.000000 0.000000 0.000000 0.000000 0.000000 0.000000 0.000000 0.000000 0.000000 0.000000 0.000000 0.000000
 0.496619 0.000000 0.000000 0.000450 0.000000 0.000000 0.000000 0.000000 0.000000 0.496522 0.000000 0.006409 0.000000 0.000000 0.000000 0.000000 0.000000 0.000000 0.000000 0.000000
 0.369077 0.000000 0.000000 0.005908 0.000000 0.000000 0.000000 0.000000 0.000000 0.000000 0.000000 0.347185 0.000000 0.128102 0.000000 0.000000 0.000000 0.000000 0.149728 0.000000
 0.000000 0.000324 0.005717 0.000000 0.000000 0.000000 0.000000 0.000000 0.000000 0.000000 0.000000 0.282071 0.000000 0.356165 0.000000 0.000000 0.000000 0.000000 0.355724 0.000000
 0.000000 0.000000 0.000000 0.000000 0.000000 0.000000 0.000000 0.000000 0.000000 0.000000 0.000000 0.000000 0.000000 0.000000 0.000000 0.000000 0.000000 0.500000 0.000000 0.500000
 0.000000 0.000000 0.000000 0.000000 0.000000 0.000000 0.000000 0.475412 0.000000 0.000000 0.000000 0.000000 0.000000 0.000000 0.000000 0.049941 0.000000 0.000000 0.474647 0.000000
 0.000000 0.000000 0.000000 0.000000 0.000000 0.000000 0.000000 0.000000 0.000000 0.000000 0.500000 0.000000 0.500000 0.000000 0.000000 0.000000 0.000000 0.000000 0.000000 0.000000
 0.000000 0.000000 0.000000 0.000000 0.000000 0.499837 0.000000 0.000000 0.000000 0.000000 0.000000 0.000000 0.000000 0.000000 0.000000 0.499708 0.000000 0.000000 0.000455 0.000000
 0.000000 0.000000 0.000000 0.000000 0.000000 0.000000 0.000000 0.000000 0.000000 0.000000 0.000000 0.000000 0.000000 0.000000 0.000000 0.499998 0.500002 0.000000 0.000000 0.000000
 0.000000 0.472601 0.000000 0.000000 0.000000 0.000000 0.000000 0.000000 0.000000 0.000000 0.000000 0.001362 0.000000 0.053592 0.000000 0.000000 0.000000 0.472445 0.000000 0.000000
 0.000000 0.000000 0.000000 0.000000 0.000000 0.000000 0.500000 0.000000 0.000000 0.000000 0.000000 0.000000 0.000000 0.000000 0.000000 0.000000 0.000000 0.000000 0.000000 0.500000
 0.000000 0.004700 0.342627 0.287675 0.000000 0.000000 0.000000 0.000000 0.000000 0.001050 0.000000 0.000000 0.000000 0.363948 0.000000 0.000000 0.000000 0.000000 0.000000 0.000000
 0.000000 0.000000 0.000000 0.000000 0.000000 0.000000 0.500000 0.000000 0.000000 0.000000 0.000000 0.000000 0.000000 0.000000 0.500000 0.000000 0.000000 0.000000 0.000000 0.000000
 0.000000 0.000000 0.140944 0.404971 0.000000 0.000000 0.000000 0.000000 0.000000 0.046039 0.000000 0.405759 0.000000 0.000000 0.000000 0.000000 0.000000 0.002287 0.000000 0.000000
 0.000000 0.000000 0.000000 0.000000 0.000000 0.000000 0.000000 0.000000 0.000000 0.000000 0.000000 0.000000 0.500000 0.000000 0.000000 0.000000 0.500000 0.000000 0.000000 0.000000
 0.000000 0.000000 0.000000 0.000000 0.000000 0.049908 0.000000 0.474975 0.475098 0.000000 0.000000 0.000000 0.000000 0.000000 0.000000 0.000000 0.000000 0.000000 0.000018 0.000000
 0.000000 0.000000 0.000000 0.000000 0.000000 0.000000 0.000000 0.000000 0.500000 0.000000 0.000000 0.000000 0.000000 0.000000 0.500000 0.000000 0.000000 0.000000 0.000000 0.000000
 0.000000 0.000000 0.000000 0.000000 0.498727 0.000000 0.000000 0.000000 0.000000 0.498464 0.000000 0.000000 0.000000 0.002809 0.000000 0.000000 0.000000 0.000000 0.000000 0.000000
 0.000000 0.000000 0.168960 0.414836 0.000000 0.415809 0.000000 0.000379 0.000000 0.000000 0.000000 0.000000 0.000000 0.000000 0.000000 0.000016 0.000000 0.000000 0.000000 0.000000
 0.000000 0.000000 0.000000 0.000000 0.500000 0.000000 0.000000 0.000000 0.000000 0.000000 0.500000 0.000000 0.000000 0.000000 0.000000 0.000000 0.000000 0.000000 0.000000 0.000000
the mean of prob-rank is 1.7894736842105263
the number of false negetive edges is 0
the number of probability greater than 0 is 3.2/edge
