20
 0.000000 0.000000 0.000000 0.500002 0.000000 0.000000 0.000000 0.000001 0.000000 0.000000 0.000000 0.000000 0.000000 0.000000 0.000000 0.000000 0.499997 0.000000 0.000000 0.000000
 0.000000 0.000000 0.001228 0.000000 0.498946 0.000000 0.000000 0.000000 0.000000 0.000000 0.000000 0.000000 0.000000 0.499003 0.000000 0.000822 0.000000 0.000000 0.000000 0.000000
 0.000000 0.001189 0.000000 0.000000 0.032552 0.000000 0.000000 0.483137 0.000000 0.000000 0.000000 0.000000 0.000000 0.483122 0.000000 0.000000 0.000000 0.000000 0.000000 0.000000
 0.499568 0.000000 0.000000 0.000000 0.000000 0.000000 0.000000 0.499568 0.000000 0.000000 0.000000 0.000000 0.000000 0.000864 0.000000 0.000000 0.000000 0.000000 0.000000 0.000000
 0.000000 0.483677 0.032590 0.000000 0.000000 0.000000 0.000000 0.000000 0.000000 0.000000 0.000000 0.000000 0.483733 0.000000 0.000000 0.000000 0.000000 0.000000 0.000000 0.000000
 0.000000 0.000000 0.000000 0.000000 0.000000 0.000000 0.000000 0.000000 0.413653 0.413948 0.017425 0.000000 0.000000 0.000000 0.154796 0.000179 0.000000 0.000000 0.000000 0.000000
 0.000000 0.000000 0.000000 0.000000 0.000000 0.000000 0.000000 0.000000 0.000000 0.000000 0.000000 0.500001 0.000000 0.000000 0.000000 0.000000 0.000000 0.000000 0.499999 0.000000
 0.000001 0.000000 0.481130 0.481160 0.000000 0.000000 0.000000 0.000000 0.000000 0.000000 0.000000 0.000000 0.000185 0.002712 0.034812 0.000000 0.000000 0.000000 0.000000 0.000000
 0.000000 0.000000 0.000000 0.000000 0.000000 0.455667 0.000000 0.000000 0.000000 0.017101 0.455992 0.000000 0.000000 0.000000 0.000000 0.071239 0.000000 0.000000 0.000000 0.000000
 0.000000 0.000000 0.000000 0.000000 0.000000 0.488494 0.000000 0.000000 0.018320 0.000000 0.003244 0.000000 0.000000 0.000000 0.001707 0.488234 0.000000 0.000000 0.000000 0.000000
 0.000000 0.000000 0.000000 0.000000 0.000000 0.017542 0.000000 0.000000 0.416721 0.002767 0.000000 0.000000 0.000000 0.000000 0.000000 0.152677 0.000000 0.410293 0.000000 0.000000
 0.000000 0.000000 0.000000 0.000000 0.000000 0.000000 0.500000 0.000000 0.000000 0.000000 0.000000 0.000000 0.000000 0.000000 0.000000 0.000000 0.000000 0.000000 0.000000 0.500000
 0.000000 0.000000 0.000000 0.000000 0.499904 0.000000 0.000000 0.000192 0.000000 0.000000 0.000000 0.000000 0.000000 0.000000 0.499904 0.000000 0.000000 0.000000 0.000000 0.000000
 0.000000 0.498188 0.498142 0.000861 0.000000 0.000000 0.000000 0.002808 0.000000 0.000000 0.000000 0.000000 0.000000 0.000000 0.000000 0.000000 0.000000 0.000000 0.000000 0.000000
 0.000000 0.000000 0.000000 0.000000 0.000000 0.156621 0.000000 0.030302 0.000000 0.001464 0.000000 0.000000 0.418830 0.000000 0.000000 0.392783 0.000000 0.000000 0.000000 0.000000
 0.000000 0.000597 0.000000 0.000000 0.000000 0.000156 0.000000 0.000000 0.056594 0.362057 0.132720 0.000000 0.000000 0.000000 0.339722 0.000000 0.000000 0.108155 0.000000 0.000000
 0.499997 0.000000 0.000000 0.000000 0.000000 0.000000 0.000000 0.000000 0.000000 0.000000 0.000000 0.000000 0.000000 0.000000 0.000000 0.000000 0.000000 0.000000 0.500003 0.000000
 0.000000 0.000000 0.000000 0.000000 0.000000 0.000000 0.000000 0.000000 0.000000 0.000000 0.431237 0.000000 0.000000 0.000000 0.000000 0.130769 0.000000 0.000000 0.000000 0.437994
 0.000000 0.000000 0.000000 0.000000 0.000000 0.000000 0.499999 0.000000 0.000000 0.000000 0.000000 0.000000 0.000000 0.000000 0.000000 0.000000 0.500001 0.000000 0.000000 0.000000
 0.000000 0.000000 0.000000 0.000000 0.000000 0.000000 0.000000 0.000000 0.000000 0.000000 0.000000 0.500000 0.000000 0.000000 0.000000 0.000000 0.000000 0.500000 0.000000 0.000000
the mean of prob-rank is 1.4736842105263157
the number of false negetive edges is 0
the number of probability greater than 0 is 3.7/edge
