20
 0.000000 0.000000 0.000000 0.000000 0.033944 0.000000 0.000000 0.482453 0.000000 0.000000 0.000000 0.000000 0.000000 0.000000 0.000000 0.000000 0.000721 0.482882 0.000000 0.000000
 0.000000 0.000000 0.357930 0.000000 0.000000 0.000000 0.302887 0.000000 0.000000 0.000000 0.000000 0.000000 0.000000 0.000000 0.000000 0.339183 0.000000 0.000000 0.000000 0.000000
 0.000000 0.343279 0.000000 0.000000 0.000000 0.000000 0.328013 0.000000 0.000000 0.000000 0.000000 0.000000 0.000000 0.000000 0.000000 0.328708 0.000000 0.000000 0.000000 0.000000
 0.000000 0.000000 0.000000 0.000000 0.000000 0.000000 0.000000 0.000000 0.481871 0.000000 0.000000 0.034003 0.000000 0.001818 0.000000 0.000000 0.000000 0.000000 0.000000 0.482308
 0.031365 0.000000 0.000000 0.000000 0.000000 0.000000 0.000000 0.000000 0.000000 0.446191 0.000000 0.076763 0.000000 0.000000 0.000000 0.000000 0.000000 0.445681 0.000000 0.000000
 0.000000 0.000000 0.000000 0.000000 0.000000 0.000000 0.000000 0.000000 0.000000 0.000000 0.000000 0.000000 0.000000 0.500001 0.000000 0.000000 0.000000 0.000000 0.499999 0.000000
 0.000000 0.302033 0.341047 0.000000 0.000000 0.000000 0.000000 0.000000 0.000000 0.000000 0.000000 0.000000 0.000000 0.000000 0.356920 0.000000 0.000000 0.000000 0.000000 0.000000
 0.440011 0.000000 0.000000 0.000000 0.000000 0.000000 0.000000 0.000000 0.000000 0.000000 0.050992 0.000000 0.000000 0.000000 0.000000 0.000000 0.440370 0.068627 0.000000 0.000000
 0.000000 0.000000 0.000000 0.426417 0.000000 0.000000 0.000000 0.000000 0.000000 0.146772 0.000000 0.426812 0.000000 0.000000 0.000000 0.000000 0.000000 0.000000 0.000000 0.000000
 0.000000 0.000000 0.000000 0.000000 0.429306 0.000000 0.000000 0.000000 0.147630 0.000000 0.000000 0.423064 0.000000 0.000000 0.000000 0.000000 0.000000 0.000000 0.000000 0.000000
 0.000000 0.000000 0.000000 0.000000 0.000000 0.000000 0.000000 0.054747 0.000000 0.000000 0.000000 0.000000 0.000000 0.000000 0.000000 0.472413 0.472840 0.000000 0.000000 0.000000
 0.000000 0.000000 0.000000 0.031642 0.077218 0.000000 0.000000 0.000000 0.448834 0.442307 0.000000 0.000000 0.000000 0.000000 0.000000 0.000000 0.000000 0.000000 0.000000 0.000000
 0.000000 0.000000 0.000000 0.000000 0.000000 0.000000 0.000000 0.000000 0.000000 0.000000 0.000000 0.000000 0.000000 0.000000 0.500000 0.000000 0.000000 0.000000 0.500000 0.000000
 0.000000 0.000000 0.000000 0.001881 0.000000 0.499080 0.000000 0.000000 0.000000 0.000000 0.000000 0.000000 0.000000 0.000000 0.000000 0.000000 0.000000 0.000000 0.000000 0.499039
 0.000000 0.000000 0.000000 0.000000 0.000000 0.000000 0.500000 0.000000 0.000000 0.000000 0.000000 0.000000 0.500000 0.000000 0.000000 0.000000 0.000000 0.000000 0.000000 0.000000
 0.000000 0.325843 0.329256 0.000000 0.000000 0.000000 0.000000 0.000000 0.000000 0.000000 0.343542 0.000000 0.000000 0.000000 0.000000 0.000000 0.001359 0.000000 0.000000 0.000000
 0.000744 0.000000 0.000000 0.000000 0.000000 0.000000 0.000000 0.498625 0.000000 0.000000 0.498660 0.000000 0.000000 0.000000 0.000000 0.001970 0.000000 0.000000 0.000000 0.000000
 0.464105 0.000000 0.000000 0.000000 0.463574 0.000000 0.000000 0.072321 0.000000 0.000000 0.000000 0.000000 0.000000 0.000000 0.000000 0.000000 0.000000 0.000000 0.000000 0.000000
 0.000000 0.000000 0.000000 0.000000 0.000000 0.499999 0.000000 0.000000 0.000000 0.000000 0.000000 0.000000 0.500001 0.000000 0.000000 0.000000 0.000000 0.000000 0.000000 0.000000
 0.000000 0.000000 0.000000 0.500016 0.000000 0.000000 0.000000 0.000000 0.000000 0.000000 0.000000 0.000000 0.000000 0.499984 0.000000 0.000000 0.000000 0.000000 0.000000 0.000000
the mean of prob-rank is 1.631578947368421
the number of false negetive edges is 0
the number of probability greater than 0 is 3.1/edge
