20
 0.000000 0.499999 0.000000 0.000000 0.000000 0.000000 0.000000 0.000000 0.000000 0.000000 0.000000 0.000002 0.000000 0.000000 0.000000 0.000000 0.000000 0.499999 0.000000 0.000000
 0.500008 0.000000 0.000000 0.000000 0.000000 0.000000 0.000000 0.000000 0.000000 0.000000 0.000000 0.499991 0.000000 0.000000 0.000000 0.000000 0.000000 0.000001 0.000000 0.000000
 0.000000 0.000000 0.000000 0.000000 0.163748 0.000000 0.000000 0.000000 0.000000 0.289799 0.000327 0.000000 0.000000 0.283652 0.000002 0.262471 0.000000 0.000000 0.000000 0.000000
 0.000000 0.000000 0.000000 0.000000 0.008654 0.000000 0.000000 0.000000 0.000000 0.000000 0.000000 0.000000 0.495074 0.000000 0.000000 0.000000 0.000000 0.000000 0.496039 0.000233
 0.000000 0.000000 0.240516 0.007430 0.000000 0.000000 0.000000 0.000006 0.000000 0.000000 0.000000 0.000000 0.000000 0.326236 0.425812 0.000000 0.000000 0.000000 0.000000 0.000000
 0.000000 0.000000 0.000000 0.000000 0.000000 0.000000 0.500010 0.000000 0.000000 0.000000 0.000000 0.000000 0.000000 0.000000 0.000000 0.000000 0.499990 0.000000 0.000000 0.000000
 0.000000 0.000000 0.000000 0.000000 0.000000 0.500000 0.000000 0.000000 0.000000 0.000000 0.000000 0.000000 0.000000 0.000000 0.000000 0.500000 0.000000 0.000000 0.000000 0.000000
 0.000000 0.000000 0.000000 0.000000 0.000007 0.000000 0.000000 0.000000 0.000000 0.000000 0.000000 0.000000 0.499997 0.000000 0.499997 0.000000 0.000000 0.000000 0.000000 0.000000
 0.000000 0.000000 0.000000 0.000000 0.000000 0.000000 0.000000 0.000000 0.000000 0.003773 0.000000 0.376014 0.000000 0.368855 0.000000 0.000000 0.251358 0.000000 0.000000 0.000000
 0.000000 0.000000 0.472541 0.000000 0.000000 0.000000 0.000000 0.000000 0.004744 0.000000 0.472749 0.000000 0.000000 0.046624 0.000000 0.000023 0.003319 0.000000 0.000000 0.000000
 0.000000 0.000000 0.000395 0.000000 0.000000 0.000000 0.000000 0.000000 0.000000 0.349400 0.000000 0.000000 0.000000 0.000000 0.000000 0.308056 0.342149 0.000000 0.000000 0.000000
 0.000002 0.499992 0.000000 0.000000 0.000000 0.000000 0.000000 0.000000 0.500006 0.000000 0.000000 0.000000 0.000000 0.000000 0.000000 0.000000 0.000000 0.000000 0.000000 0.000000
 0.000000 0.000000 0.000000 0.425914 0.000000 0.000000 0.000000 0.426744 0.000000 0.000000 0.000000 0.000000 0.000000 0.000000 0.000000 0.147342 0.000000 0.000000 0.000000 0.000000
 0.000000 0.000000 0.346438 0.000000 0.271271 0.000000 0.000000 0.000000 0.347363 0.034923 0.000000 0.000000 0.000000 0.000000 0.000000 0.000000 0.000006 0.000000 0.000000 0.000000
 0.000000 0.000000 0.000004 0.000000 0.499972 0.000000 0.000000 0.500024 0.000000 0.000000 0.000000 0.000000 0.000000 0.000000 0.000000 0.000000 0.000000 0.000000 0.000000 0.000000
 0.000000 0.000000 0.289020 0.000000 0.000000 0.000000 0.319257 0.000000 0.000000 0.000016 0.281477 0.000000 0.110230 0.000000 0.000000 0.000000 0.000000 0.000000 0.000000 0.000000
 0.000000 0.000000 0.000000 0.000000 0.000000 0.376674 0.000000 0.000000 0.251808 0.002645 0.368867 0.000000 0.000000 0.000006 0.000000 0.000000 0.000000 0.000000 0.000000 0.000000
 0.499999 0.000001 0.000000 0.000000 0.000000 0.000000 0.000000 0.000000 0.000000 0.000000 0.000000 0.000000 0.000000 0.000000 0.000000 0.000000 0.000000 0.000000 0.000000 0.500000
 0.000000 0.000000 0.000000 0.500002 0.000000 0.000000 0.000000 0.000000 0.000000 0.000000 0.000000 0.000000 0.000000 0.000000 0.000000 0.000000 0.000000 0.000000 0.000000 0.499998
 0.000000 0.000000 0.000000 0.000234 0.000000 0.000000 0.000000 0.000000 0.000000 0.000000 0.000000 0.000000 0.000000 0.000000 0.000000 0.000000 0.000000 0.499885 0.499881 0.000000
the mean of prob-rank is 1.631578947368421
the number of false negetive edges is 0
the number of probability greater than 0 is 3.6/edge
