20
 0.000000 0.000000 0.304259 0.000000 0.325702 0.275921 0.000000 0.000000 0.000000 0.000000 0.000000 0.000000 0.000000 0.000000 0.000000 0.093147 0.000971 0.000000 0.000000 0.000000
 0.000000 0.000000 0.000000 0.000000 0.036764 0.000000 0.000000 0.000000 0.100527 0.000000 0.000000 0.000000 0.000000 0.000000 0.285904 0.000022 0.061370 0.000000 0.262678 0.252735
 0.246287 0.000000 0.000000 0.000000 0.000000 0.245813 0.253644 0.000000 0.007649 0.000016 0.000000 0.000000 0.000000 0.000000 0.000000 0.000003 0.000000 0.246589 0.000000 0.000000
 0.000000 0.000000 0.000000 0.000000 0.000000 0.000000 0.000000 0.000000 0.000000 0.000000 0.500001 0.000000 0.499999 0.000000 0.000000 0.000000 0.000000 0.000000 0.000000 0.000000
 0.458549 0.060964 0.000000 0.000000 0.000000 0.000000 0.000000 0.000000 0.000000 0.000000 0.000000 0.000000 0.000000 0.000000 0.000000 0.476078 0.004408 0.000000 0.000001 0.000000
 0.300661 0.000000 0.330902 0.000000 0.000000 0.000000 0.000000 0.000000 0.000000 0.000000 0.000000 0.000000 0.000000 0.000000 0.000000 0.000000 0.000000 0.368438 0.000000 0.000000
 0.000000 0.000000 0.275722 0.000000 0.000000 0.000000 0.000000 0.000000 0.297578 0.201367 0.000000 0.000000 0.000000 0.000000 0.000011 0.000000 0.000123 0.000000 0.225198 0.000000
 0.000000 0.000000 0.000000 0.000000 0.000000 0.000000 0.000000 0.000000 0.000000 0.000000 0.000000 0.500000 0.000000 0.500000 0.000000 0.000000 0.000000 0.000000 0.000000 0.000000
 0.000000 0.091502 0.007303 0.000000 0.000000 0.000000 0.261347 0.000000 0.000000 0.216575 0.000000 0.000000 0.000000 0.000000 0.225553 0.000000 0.001193 0.000000 0.196528 0.000000
 0.000000 0.000000 0.000017 0.000000 0.000000 0.000000 0.202838 0.000000 0.248401 0.000000 0.299752 0.000000 0.000000 0.000000 0.000000 0.000000 0.000000 0.248993 0.000000 0.000000
 0.000000 0.000000 0.000000 0.500001 0.000000 0.000000 0.000000 0.000000 0.000000 0.499999 0.000000 0.000000 0.000000 0.000000 0.000000 0.000000 0.000000 0.000000 0.000000 0.000000
 0.000000 0.000000 0.000000 0.000000 0.000000 0.000000 0.000000 0.500001 0.000000 0.000000 0.000000 0.000000 0.499999 0.000000 0.000000 0.000000 0.000000 0.000000 0.000000 0.000000
 0.000000 0.000000 0.000000 0.500000 0.000000 0.000000 0.000000 0.000000 0.000000 0.000000 0.000000 0.500000 0.000000 0.000000 0.000000 0.000000 0.000000 0.000000 0.000000 0.000000
 0.000000 0.000000 0.000000 0.000000 0.000000 0.000000 0.000000 0.500001 0.000000 0.000000 0.000000 0.000000 0.000000 0.000000 0.000000 0.000000 0.000000 0.000000 0.000000 0.499999
 0.000000 0.352037 0.000000 0.000000 0.000000 0.000000 0.000013 0.000000 0.305120 0.000000 0.000000 0.000000 0.000000 0.000000 0.000000 0.000000 0.000002 0.000000 0.011979 0.330849
 0.121725 0.000034 0.000004 0.000000 0.441899 0.000000 0.000000 0.000000 0.000000 0.000000 0.000000 0.000000 0.000000 0.000000 0.000000 0.000000 0.433053 0.000000 0.003284 0.000000
 0.001299 0.096682 0.000000 0.000000 0.004188 0.000000 0.000187 0.000000 0.002064 0.000000 0.000000 0.000000 0.000000 0.000000 0.000003 0.443238 0.000000 0.000000 0.452338 0.000000
 0.000000 0.000000 0.329805 0.000000 0.000000 0.366062 0.000000 0.000000 0.000000 0.304133 0.000000 0.000000 0.000000 0.000000 0.000000 0.000000 0.000000 0.000000 0.000000 0.000000
 0.000000 0.264034 0.000000 0.000000 0.000001 0.000000 0.218409 0.000000 0.217026 0.000000 0.000000 0.000000 0.000000 0.000000 0.009779 0.002145 0.288607 0.000000 0.000000 0.000000
 0.000000 0.312576 0.000000 0.000000 0.000000 0.000000 0.000000 0.000000 0.000000 0.000000 0.000000 0.000000 0.000000 0.355108 0.332316 0.000000 0.000000 0.000000 0.000000 0.000000
the mean of prob-rank is 1.8421052631578947
the number of false negetive edges is 0
the number of probability greater than 0 is 4.45/edge
