20
 0.000000 0.000000 0.000000 0.000000 0.000000 0.000000 0.000000 0.000000 0.000000 0.000000 0.000000 0.000000 0.500006 0.000000 0.499992 0.000000 0.000000 0.000000 0.000002 0.000000
 0.000000 0.000000 0.000000 0.000000 0.000000 0.000000 0.000000 0.000000 0.356289 0.001246 0.000000 0.000000 0.000000 0.000000 0.000000 0.357598 0.084742 0.000000 0.200125 0.000000
 0.000000 0.000000 0.000000 0.000000 0.000000 0.000000 0.000000 0.000029 0.000000 0.000000 0.499532 0.000000 0.000000 0.000906 0.000000 0.000000 0.000000 0.000000 0.000000 0.499533
 0.000000 0.000000 0.000000 0.000000 0.000000 0.499701 0.000000 0.000000 0.000000 0.000000 0.000000 0.000000 0.000000 0.000000 0.000000 0.000000 0.000000 0.499701 0.000598 0.000000
 0.000000 0.000000 0.000000 0.000000 0.000000 0.000000 0.000000 0.000000 0.000000 0.000000 0.000000 0.000000 0.000000 0.000000 0.500006 0.000000 0.000000 0.000000 0.000000 0.499994
 0.000000 0.000000 0.000000 0.499674 0.000000 0.000000 0.000000 0.000000 0.000000 0.000000 0.000000 0.499674 0.000000 0.000000 0.000000 0.000000 0.000000 0.000000 0.000652 0.000000
 0.000000 0.000000 0.000000 0.000000 0.000000 0.000000 0.000000 0.000000 0.000000 0.500000 0.000000 0.000000 0.000000 0.000000 0.000000 0.000000 0.000000 0.500000 0.000000 0.000000
 0.000000 0.000000 0.000029 0.000000 0.000000 0.000000 0.000000 0.000000 0.000000 0.000000 0.499990 0.000000 0.000000 0.499981 0.000000 0.000000 0.000000 0.000000 0.000000 0.000000
 0.000000 0.416108 0.000000 0.000000 0.000000 0.000000 0.000000 0.000000 0.000000 0.000000 0.000000 0.000000 0.000000 0.000000 0.000000 0.166344 0.000000 0.000000 0.417547 0.000000
 0.000000 0.001741 0.000000 0.000000 0.000000 0.000000 0.499760 0.000000 0.000000 0.000000 0.000000 0.000000 0.000000 0.000000 0.000000 0.000000 0.000001 0.000002 0.498496 0.000000
 0.000000 0.000000 0.500000 0.000000 0.000000 0.000000 0.000000 0.500000 0.000000 0.000000 0.000000 0.000000 0.000000 0.000000 0.000000 0.000000 0.000000 0.000000 0.000000 0.000000
 0.000000 0.000000 0.000000 0.000000 0.000000 0.500013 0.000000 0.000000 0.000000 0.000000 0.000000 0.000000 0.000000 0.499987 0.000000 0.000000 0.000000 0.000000 0.000000 0.000000
 0.500001 0.000000 0.000000 0.000000 0.000000 0.000000 0.000000 0.000000 0.000000 0.000000 0.000000 0.000000 0.000000 0.000000 0.000000 0.000000 0.499999 0.000000 0.000000 0.000000
 0.000000 0.000000 0.000906 0.000000 0.000000 0.000000 0.000000 0.499553 0.000000 0.000000 0.000000 0.499534 0.000000 0.000000 0.000000 0.000000 0.000000 0.000000 0.000000 0.000007
 0.499993 0.000000 0.000000 0.000000 0.500007 0.000000 0.000000 0.000000 0.000000 0.000000 0.000000 0.000000 0.000000 0.000000 0.000000 0.000000 0.000000 0.000000 0.000000 0.000000
 0.000000 0.416883 0.000000 0.000000 0.000000 0.000000 0.000000 0.000000 0.166044 0.000000 0.000000 0.000000 0.000000 0.000000 0.000000 0.000000 0.415560 0.000000 0.001514 0.000000
 0.000000 0.106086 0.000000 0.000000 0.000000 0.000000 0.000000 0.000000 0.000000 0.000001 0.000000 0.000000 0.447666 0.000000 0.000000 0.446247 0.000000 0.000000 0.000000 0.000000
 0.000000 0.000000 0.000000 0.499998 0.000000 0.000000 0.499999 0.000000 0.000000 0.000002 0.000000 0.000000 0.000000 0.000000 0.000000 0.000000 0.000000 0.000000 0.000000 0.000000
 0.000002 0.218350 0.000000 0.000467 0.000000 0.000509 0.000000 0.000000 0.390079 0.389176 0.000000 0.000000 0.000000 0.000000 0.000000 0.001417 0.000000 0.000000 0.000000 0.000000
 0.000000 0.000000 0.500003 0.000000 0.499991 0.000000 0.000000 0.000000 0.000000 0.000000 0.000000 0.000000 0.000000 0.000007 0.000000 0.000000 0.000000 0.000000 0.000000 0.000000
the mean of prob-rank is 1.5263157894736843
the number of false negetive edges is 0
the number of probability greater than 0 is 3.2/edge
