20
 0.000000 0.000000 0.000000 0.098474 0.000000 0.000000 0.000000 0.000000 0.000000 0.000000 0.000000 0.450957 0.000000 0.000000 0.450569 0.000000 0.000000 0.000000 0.000000 0.000000
 0.000000 0.000000 0.034345 0.000000 0.000000 0.000000 0.000000 0.000000 0.000000 0.293945 0.200995 0.000000 0.000000 0.000000 0.000000 0.000000 0.000000 0.000000 0.171186 0.299530
 0.000000 0.052027 0.000000 0.000000 0.000000 0.000000 0.000000 0.000060 0.000000 0.456967 0.000000 0.000000 0.000000 0.000003 0.000000 0.000000 0.000000 0.000000 0.460396 0.030548
 0.098452 0.000000 0.000000 0.000000 0.000000 0.000000 0.000000 0.000000 0.450876 0.000000 0.000000 0.450672 0.000000 0.000000 0.000000 0.000000 0.000000 0.000000 0.000000 0.000000
 0.000000 0.000000 0.000000 0.000000 0.000000 0.333182 0.000000 0.006250 0.318934 0.000000 0.000000 0.000000 0.000000 0.000000 0.000000 0.000000 0.341635 0.000000 0.000000 0.000000
 0.000000 0.000000 0.000000 0.000000 0.284556 0.000000 0.282757 0.144978 0.000000 0.000000 0.000000 0.000000 0.000002 0.000000 0.000000 0.000000 0.287707 0.000000 0.000000 0.000000
 0.000000 0.000000 0.000000 0.000000 0.000000 0.351355 0.000000 0.003550 0.000000 0.000000 0.362561 0.000000 0.282533 0.000000 0.000000 0.000000 0.000000 0.000000 0.000000 0.000000
 0.000000 0.000000 0.000042 0.000000 0.005925 0.160927 0.003171 0.000000 0.000000 0.000000 0.000000 0.000000 0.299005 0.323857 0.000000 0.000000 0.000062 0.000000 0.207011 0.000000
 0.000000 0.000000 0.000000 0.302608 0.282501 0.000000 0.000000 0.000000 0.000000 0.000000 0.000000 0.002664 0.000000 0.000000 0.163020 0.000000 0.249206 0.000000 0.000000 0.000000
 0.000000 0.327185 0.335773 0.000000 0.000000 0.000000 0.000000 0.000000 0.000000 0.000000 0.000000 0.000000 0.000000 0.000000 0.000000 0.000000 0.000000 0.000000 0.118250 0.218792
 0.000000 0.249448 0.000000 0.000000 0.000000 0.000000 0.377195 0.000000 0.000000 0.000000 0.000000 0.000000 0.373352 0.000000 0.000000 0.000000 0.000000 0.000000 0.000005 0.000000
 0.489633 0.000000 0.000000 0.489429 0.000000 0.000000 0.000000 0.000000 0.004311 0.000000 0.000000 0.000000 0.000000 0.000000 0.000000 0.000000 0.016626 0.000000 0.000000 0.000000
 0.000000 0.000000 0.000000 0.000000 0.000000 0.000002 0.215791 0.255653 0.000000 0.000000 0.274093 0.000000 0.000000 0.254461 0.000000 0.000000 0.000000 0.000000 0.000000 0.000000
 0.000000 0.000000 0.000002 0.000000 0.000000 0.000000 0.000000 0.349040 0.000000 0.000000 0.000000 0.000000 0.320753 0.000000 0.000000 0.000000 0.000000 0.000000 0.330205 0.000000
 0.393685 0.000000 0.000000 0.000000 0.000000 0.000000 0.000000 0.000000 0.212276 0.000000 0.000000 0.000000 0.000000 0.000000 0.000000 0.000000 0.000000 0.394039 0.000000 0.000000
 0.000000 0.000000 0.000000 0.000000 0.000000 0.000000 0.000000 0.000000 0.000000 0.000000 0.000000 0.000000 0.000000 0.000000 0.000000 0.000000 0.000000 0.500000 0.000000 0.500000
 0.000000 0.000000 0.000000 0.000000 0.351651 0.346748 0.000000 0.000067 0.289594 0.000000 0.000000 0.011940 0.000000 0.000000 0.000000 0.000000 0.000000 0.000000 0.000000 0.000000
 0.000000 0.000000 0.000000 0.000000 0.000000 0.000000 0.000000 0.000000 0.000000 0.000000 0.000000 0.000000 0.000000 0.000000 0.500000 0.500000 0.000000 0.000000 0.000000 0.000000
 0.000000 0.158845 0.282014 0.000000 0.000000 0.000000 0.000000 0.180259 0.000000 0.098578 0.000004 0.000000 0.000000 0.266788 0.000000 0.000000 0.000000 0.000000 0.000000 0.013513
 0.000000 0.358826 0.024158 0.000000 0.000000 0.000000 0.000000 0.000000 0.000000 0.235475 0.000000 0.000000 0.000000 0.000000 0.000000 0.364095 0.000000 0.000000 0.017446 0.000000
the mean of prob-rank is 2.1052631578947367
the number of false negetive edges is 0
the number of probability greater than 0 is 4.4/edge
