20
 0.000000 0.000000 0.464701 0.000000 0.000000 0.000000 0.000000 0.000000 0.000000 0.000000 0.000000 0.000000 0.000000 0.000000 0.000000 0.465034 0.000000 0.000000 0.070265 0.000000
 0.000000 0.000000 0.000073 0.000000 0.000000 0.000000 0.484716 0.000000 0.000000 0.000000 0.006414 0.015428 0.000000 0.485290 0.000000 0.000000 0.008079 0.000000 0.000000 0.000000
 0.493845 0.000075 0.000000 0.000000 0.000000 0.000000 0.011802 0.000000 0.000000 0.000000 0.000000 0.000080 0.000000 0.000001 0.000000 0.000000 0.000000 0.000000 0.494198 0.000000
 0.000000 0.000000 0.000000 0.000000 0.000000 0.000000 0.000000 0.000000 0.000000 0.500000 0.500000 0.000000 0.000000 0.000000 0.000000 0.000000 0.000000 0.000000 0.000000 0.000000
 0.000000 0.000000 0.000000 0.000000 0.000000 0.000000 0.000000 0.500000 0.000000 0.000000 0.000000 0.000000 0.000000 0.000000 0.500000 0.000000 0.000000 0.000000 0.000000 0.000000
 0.000000 0.000000 0.000000 0.000000 0.000000 0.000000 0.000000 0.000000 0.000000 0.499950 0.000000 0.000000 0.000000 0.000000 0.000000 0.000000 0.000000 0.500050 0.000000 0.000000
 0.000000 0.411430 0.009837 0.000000 0.000000 0.000000 0.000000 0.000000 0.000000 0.000000 0.000000 0.152318 0.000000 0.000021 0.000000 0.000000 0.407497 0.000000 0.018898 0.000000
 0.000000 0.000000 0.000000 0.000000 0.500000 0.000000 0.000000 0.000000 0.000000 0.000000 0.000000 0.000000 0.500000 0.000000 0.000000 0.000000 0.000000 0.000000 0.000000 0.000000
 0.000000 0.000000 0.000000 0.000000 0.000000 0.000000 0.000000 0.000000 0.000000 0.000000 0.000000 0.000000 0.500000 0.000000 0.000000 0.000000 0.000000 0.000000 0.000000 0.500000
 0.000000 0.000000 0.000000 0.500050 0.000000 0.499950 0.000000 0.000000 0.000000 0.000000 0.000000 0.000000 0.000000 0.000000 0.000000 0.000000 0.000000 0.000000 0.000000 0.000000
 0.000000 0.006565 0.000000 0.496739 0.000000 0.000000 0.000000 0.000000 0.000000 0.000000 0.000000 0.000000 0.000000 0.496695 0.000000 0.000000 0.000000 0.000000 0.000000 0.000000
 0.000000 0.013292 0.000068 0.000000 0.000000 0.000000 0.154597 0.000000 0.000000 0.000000 0.000000 0.000000 0.000000 0.000000 0.000000 0.000000 0.418079 0.000000 0.413965 0.000000
 0.000000 0.000000 0.000000 0.000000 0.000000 0.000000 0.000000 0.500000 0.500000 0.000000 0.000000 0.000000 0.000000 0.000000 0.000000 0.000000 0.000000 0.000000 0.000000 0.000000
 0.000000 0.500006 0.000001 0.000000 0.000000 0.000000 0.000025 0.000000 0.000000 0.000000 0.499962 0.000000 0.000000 0.000000 0.000000 0.000000 0.000007 0.000000 0.000000 0.000000
 0.000000 0.000000 0.000000 0.000000 0.500000 0.000000 0.000000 0.000000 0.000000 0.000000 0.000000 0.000000 0.000000 0.000000 0.000000 0.000000 0.000000 0.500000 0.000000 0.000000
 0.500000 0.000000 0.000000 0.000000 0.000000 0.000000 0.000000 0.000000 0.000000 0.000000 0.000000 0.000000 0.000000 0.000000 0.000000 0.000000 0.000000 0.000000 0.000000 0.500000
 0.000000 0.008300 0.000000 0.000000 0.000000 0.000000 0.493174 0.000000 0.000000 0.000000 0.000000 0.498520 0.000000 0.000007 0.000000 0.000000 0.000000 0.000000 0.000000 0.000000
 0.000000 0.000000 0.000000 0.000000 0.000000 0.500000 0.000000 0.000000 0.000000 0.000000 0.000000 0.000000 0.000000 0.000000 0.500000 0.000000 0.000000 0.000000 0.000000 0.000000
 0.069085 0.000000 0.457220 0.000000 0.000000 0.000000 0.020977 0.000000 0.000000 0.000000 0.000000 0.452719 0.000000 0.000000 0.000000 0.000000 0.000000 0.000000 0.000000 0.000000
 0.000000 0.000000 0.000000 0.000000 0.000000 0.000000 0.000000 0.000000 0.500000 0.000000 0.000000 0.000000 0.000000 0.000000 0.000000 0.500000 0.000000 0.000000 0.000000 0.000000
the mean of prob-rank is 1.4736842105263157
the number of false negetive edges is 0
the number of probability greater than 0 is 3.1/edge
