20
 0.000000 0.000000 0.264706 0.000000 0.000000 0.000000 0.000000 0.131409 0.000000 0.000000 0.000000 0.003070 0.000000 0.084791 0.290140 0.000000 0.000000 0.000000 0.225884 0.000000
 0.000000 0.000000 0.000000 0.000000 0.499791 0.000000 0.000000 0.000000 0.000000 0.000000 0.000000 0.000000 0.499865 0.000000 0.000000 0.000000 0.000344 0.000000 0.000000 0.000000
 0.315623 0.000000 0.000000 0.000000 0.000000 0.000000 0.000000 0.333253 0.001512 0.000000 0.000000 0.345950 0.000000 0.003571 0.000000 0.000090 0.000000 0.000000 0.000000 0.000000
 0.000000 0.000000 0.000000 0.000000 0.000000 0.000000 0.000000 0.000000 0.000000 0.000000 0.000000 0.000000 0.500000 0.000000 0.000000 0.000000 0.000000 0.500000 0.000000 0.000000
 0.000000 0.498410 0.000000 0.000000 0.000000 0.000000 0.000000 0.000000 0.000000 0.000000 0.000000 0.000000 0.000000 0.000000 0.000000 0.003106 0.498484 0.000000 0.000000 0.000000
 0.000000 0.000000 0.000000 0.000000 0.000000 0.000000 0.500000 0.000000 0.000000 0.000000 0.000000 0.000000 0.000000 0.000000 0.000000 0.000000 0.000000 0.000000 0.000000 0.500000
 0.000000 0.000000 0.000000 0.000000 0.000000 0.500000 0.000000 0.000000 0.000000 0.500000 0.000000 0.000000 0.000000 0.000000 0.000000 0.000000 0.000000 0.000000 0.000000 0.000000
 0.137885 0.000000 0.293266 0.000000 0.000000 0.000000 0.000000 0.000000 0.000000 0.000000 0.000000 0.270510 0.000000 0.298339 0.000000 0.000000 0.000000 0.000000 0.000000 0.000000
 0.000000 0.000000 0.001561 0.000000 0.000000 0.000000 0.000000 0.000000 0.000000 0.000000 0.000000 0.326469 0.000000 0.000000 0.000000 0.000000 0.000000 0.000000 0.314753 0.357216
 0.000000 0.000000 0.000000 0.000000 0.000000 0.000000 0.500000 0.000000 0.000000 0.000000 0.500000 0.000000 0.000000 0.000000 0.000000 0.000000 0.000000 0.000000 0.000000 0.000000
 0.000000 0.000000 0.000000 0.000000 0.000000 0.000000 0.000000 0.000000 0.000000 0.500000 0.000000 0.000000 0.000000 0.000000 0.000000 0.500000 0.000000 0.000000 0.000000 0.000000
 0.003486 0.000000 0.329467 0.000000 0.000000 0.000000 0.000000 0.292747 0.301108 0.000000 0.000000 0.000000 0.000000 0.073192 0.000000 0.000000 0.000000 0.000000 0.000000 0.000000
 0.000000 0.500000 0.000000 0.500000 0.000000 0.000000 0.000000 0.000000 0.000000 0.000000 0.000000 0.000000 0.000000 0.000000 0.000000 0.000000 0.000000 0.000000 0.000000 0.000000
 0.116824 0.000000 0.004127 0.000000 0.000000 0.000000 0.000000 0.391739 0.000000 0.000000 0.000000 0.088805 0.000000 0.000000 0.000000 0.000000 0.000000 0.000000 0.398505 0.000000
 0.499522 0.000000 0.000000 0.000000 0.000000 0.000000 0.000000 0.000000 0.000000 0.000000 0.000000 0.000000 0.000000 0.000000 0.000000 0.000000 0.000000 0.499523 0.000955 0.000000
 0.000000 0.000000 0.000130 0.000000 0.003106 0.000000 0.000000 0.000000 0.000000 0.000000 0.498483 0.000000 0.000000 0.000000 0.000000 0.000000 0.498281 0.000000 0.000000 0.000000
 0.000000 0.000344 0.000000 0.000000 0.499929 0.000000 0.000000 0.000000 0.000000 0.000000 0.000000 0.000000 0.000000 0.000000 0.000000 0.499727 0.000000 0.000000 0.000000 0.000000
 0.000000 0.000000 0.000000 0.500000 0.000000 0.000000 0.000000 0.000000 0.000000 0.000000 0.000000 0.000000 0.000000 0.000000 0.500000 0.000000 0.000000 0.000000 0.000001 0.000000
 0.292851 0.000000 0.000000 0.000000 0.000000 0.000000 0.000000 0.000000 0.331443 0.000000 0.000000 0.000000 0.000000 0.374987 0.000719 0.000000 0.000000 0.000000 0.000000 0.000000
 0.000000 0.000000 0.000000 0.000000 0.000000 0.500000 0.000000 0.000000 0.500000 0.000000 0.000000 0.000000 0.000000 0.000000 0.000000 0.000000 0.000000 0.000000 0.000000 0.000000
the mean of prob-rank is 1.631578947368421
the number of false negetive edges is 0
the number of probability greater than 0 is 3.3/edge
