20
 0.000000 0.000000 0.000000 0.000000 0.000000 0.000000 0.000000 0.000000 0.000000 0.371328 0.001605 0.000000 0.000000 0.254141 0.000000 0.372926 0.000000 0.000000 0.000000 0.000000
 0.000000 0.000000 0.044331 0.000000 0.000000 0.270049 0.000000 0.000000 0.000000 0.171025 0.000000 0.000000 0.000000 0.000000 0.255463 0.000000 0.000000 0.000000 0.000000 0.259133
 0.000000 0.069501 0.000000 0.000000 0.000000 0.435816 0.000000 0.000000 0.000000 0.057655 0.000000 0.000000 0.000000 0.000000 0.437028 0.000000 0.000000 0.000000 0.000000 0.000000
 0.000000 0.000000 0.000000 0.000000 0.000000 0.000002 0.000000 0.499931 0.000000 0.000000 0.000000 0.000000 0.000000 0.000000 0.000000 0.000000 0.000129 0.000000 0.499938 0.000000
 0.000000 0.000000 0.000000 0.000000 0.000000 0.000000 0.000000 0.000001 0.500000 0.000000 0.000000 0.000000 0.499999 0.000000 0.000000 0.000000 0.000000 0.000000 0.000000 0.000000
 0.000000 0.378963 0.390095 0.000002 0.000000 0.000000 0.000000 0.000000 0.000000 0.000000 0.000000 0.000000 0.000000 0.000000 0.000007 0.000000 0.000000 0.000000 0.000000 0.230934
 0.000000 0.000000 0.000000 0.000000 0.000000 0.000000 0.000000 0.002289 0.000000 0.000000 0.000000 0.000000 0.000000 0.000000 0.000000 0.000000 0.498856 0.000000 0.000000 0.498855
 0.000000 0.000000 0.000000 0.498852 0.000001 0.000000 0.002289 0.000000 0.000000 0.000000 0.000000 0.000000 0.000000 0.000000 0.000000 0.000000 0.498858 0.000000 0.000001 0.000000
 0.000000 0.000000 0.000000 0.000000 0.500000 0.000000 0.000000 0.000000 0.000000 0.000000 0.000000 0.000000 0.000000 0.000000 0.000000 0.000000 0.000000 0.500000 0.000000 0.000000
 0.290661 0.179096 0.038510 0.000000 0.000000 0.000000 0.000000 0.000000 0.000000 0.000000 0.000000 0.000000 0.000000 0.000000 0.273059 0.218659 0.000000 0.000000 0.000000 0.000015
 0.002148 0.000000 0.000000 0.000000 0.000000 0.000000 0.000000 0.000000 0.000000 0.000000 0.000000 0.000000 0.498748 0.499104 0.000000 0.000000 0.000000 0.000000 0.000000 0.000000
 0.000000 0.000000 0.000000 0.000000 0.000000 0.000000 0.000000 0.000000 0.000000 0.000000 0.000000 0.000000 0.000000 0.000000 0.000000 0.000000 0.000000 0.500003 0.499997 0.000000
 0.000000 0.000000 0.000000 0.000000 0.490668 0.000000 0.000000 0.000000 0.000000 0.000000 0.490318 0.000000 0.000000 0.019014 0.000000 0.000000 0.000000 0.000000 0.000000 0.000000
 0.252603 0.000000 0.000000 0.000000 0.000000 0.000000 0.000000 0.000000 0.000000 0.000000 0.370669 0.000000 0.014364 0.000000 0.000000 0.362364 0.000000 0.000000 0.000000 0.000000
 0.000000 0.321346 0.350646 0.000000 0.000000 0.000007 0.000000 0.000000 0.000000 0.328001 0.000000 0.000000 0.000000 0.000000 0.000000 0.000000 0.000000 0.000000 0.000000 0.000000
 0.366750 0.000000 0.000000 0.000000 0.000000 0.000000 0.000000 0.000000 0.000000 0.274718 0.000000 0.000000 0.000000 0.358532 0.000000 0.000000 0.000000 0.000000 0.000000 0.000000
 0.000000 0.000000 0.000000 0.000129 0.000000 0.000000 0.499936 0.499936 0.000000 0.000000 0.000000 0.000000 0.000000 0.000000 0.000000 0.000000 0.000000 0.000000 0.000000 0.000000
 0.000000 0.000000 0.000000 0.000000 0.000000 0.000000 0.000000 0.000000 0.500000 0.000000 0.000000 0.500000 0.000000 0.000000 0.000000 0.000000 0.000000 0.000000 0.000000 0.000000
 0.000000 0.000000 0.000000 0.500003 0.000000 0.000000 0.000000 0.000001 0.000000 0.000000 0.000000 0.499997 0.000000 0.000000 0.000000 0.000000 0.000000 0.000000 0.000000 0.000000
 0.000000 0.368891 0.000000 0.000000 0.000000 0.234266 0.396823 0.000000 0.000000 0.000021 0.000000 0.000000 0.000000 0.000000 0.000000 0.000000 0.000000 0.000000 0.000000 0.000000
the mean of prob-rank is 1.6842105263157894
the number of false negetive edges is 0
the number of probability greater than 0 is 3.4/edge
