20
 0.000000 0.000000 0.000000 0.000000 0.000000 0.000000 0.000000 0.016554 0.000000 0.000000 0.000000 0.000000 0.000000 0.000000 0.491716 0.000000 0.000000 0.491731 0.000000 0.000000
 0.000000 0.000000 0.498715 0.000000 0.000000 0.002560 0.000000 0.000000 0.498725 0.000000 0.000000 0.000000 0.000000 0.000000 0.000000 0.000000 0.000000 0.000000 0.000000 0.000000
 0.000000 0.398735 0.000000 0.000000 0.000000 0.012255 0.000000 0.000000 0.000000 0.000000 0.000000 0.000000 0.000000 0.000000 0.000000 0.000000 0.391899 0.000000 0.197111 0.000000
 0.000000 0.000000 0.000000 0.000000 0.000000 0.000000 0.000000 0.000000 0.499997 0.000000 0.000000 0.000000 0.000000 0.000000 0.000000 0.000001 0.000000 0.000000 0.000000 0.500002
 0.000000 0.000000 0.000000 0.000000 0.000000 0.000000 0.000000 0.000000 0.000000 0.000000 0.003055 0.000000 0.000000 0.000000 0.000000 0.417842 0.026332 0.000000 0.134679 0.418092
 0.000000 0.001732 0.010368 0.000000 0.000000 0.000000 0.000000 0.000000 0.000000 0.000000 0.336098 0.319530 0.320912 0.000000 0.000000 0.000000 0.010837 0.000000 0.000524 0.000000
 0.000000 0.000000 0.000000 0.000000 0.000000 0.000000 0.000000 0.000000 0.000000 0.500000 0.000000 0.000000 0.000000 0.000000 0.000000 0.500000 0.000000 0.000000 0.000000 0.000000
 0.011891 0.000000 0.000000 0.000000 0.000000 0.000000 0.000000 0.000000 0.000000 0.000000 0.003990 0.337284 0.306033 0.000000 0.000000 0.000000 0.000000 0.340803 0.000000 0.000000
 0.000000 0.499005 0.000000 0.498985 0.000000 0.000000 0.000000 0.000000 0.000000 0.000000 0.000000 0.000000 0.002010 0.000000 0.000000 0.000000 0.000000 0.000000 0.000000 0.000000
 0.000000 0.000000 0.000000 0.000000 0.000000 0.000000 0.499736 0.000000 0.000000 0.000000 0.000527 0.000000 0.000000 0.499737 0.000000 0.000000 0.000000 0.000000 0.000000 0.000000
 0.000000 0.000000 0.000000 0.000000 0.002498 0.340645 0.000000 0.003862 0.000000 0.000361 0.000000 0.000000 0.000000 0.000000 0.000000 0.000000 0.318316 0.000000 0.334318 0.000000
 0.000000 0.000000 0.000000 0.000000 0.000000 0.326382 0.000000 0.329039 0.000000 0.000000 0.000000 0.000000 0.344579 0.000000 0.000000 0.000000 0.000000 0.000000 0.000000 0.000000
 0.000000 0.000000 0.000000 0.000000 0.000000 0.337128 0.000000 0.307053 0.001427 0.000000 0.000000 0.354392 0.000000 0.000000 0.000000 0.000000 0.000000 0.000000 0.000000 0.000000
 0.000000 0.000000 0.000000 0.000000 0.000000 0.000000 0.000000 0.000000 0.000000 0.500000 0.000000 0.000000 0.000000 0.000000 0.500000 0.000000 0.000000 0.000000 0.000000 0.000000
 0.474239 0.000000 0.000000 0.000000 0.000000 0.000000 0.000000 0.000000 0.000000 0.000000 0.000000 0.000000 0.000000 0.474254 0.000000 0.000000 0.000000 0.051507 0.000000 0.000000
 0.000000 0.000000 0.000000 0.000001 0.499827 0.000000 0.500126 0.000000 0.000000 0.000000 0.000000 0.000000 0.000000 0.000000 0.000000 0.000000 0.000000 0.000000 0.000000 0.000046
 0.000000 0.000000 0.326677 0.000000 0.020934 0.010678 0.000000 0.000000 0.000000 0.000000 0.309446 0.000000 0.000000 0.000000 0.000000 0.000000 0.000000 0.000000 0.332265 0.000000
 0.482284 0.000000 0.000000 0.000000 0.000000 0.000000 0.000000 0.465337 0.000000 0.000000 0.000000 0.000000 0.000000 0.000000 0.052379 0.000000 0.000000 0.000000 0.000000 0.000000
 0.000000 0.000000 0.176601 0.000000 0.115081 0.000555 0.000000 0.000000 0.000000 0.000000 0.349321 0.000000 0.000000 0.000000 0.000000 0.000000 0.357127 0.000000 0.000000 0.001316
 0.000000 0.000000 0.000000 0.499051 0.499065 0.000000 0.000000 0.000000 0.000000 0.000000 0.000000 0.000000 0.000000 0.000000 0.000000 0.000045 0.000000 0.000000 0.001839 0.000000
the mean of prob-rank is 1.4210526315789473
the number of false negetive edges is 0
the number of probability greater than 0 is 3.9/edge
