20
 0.000000 0.000000 0.000000 0.000000 0.000000 0.306438 0.000000 0.000000 0.000000 0.000000 0.000000 0.317034 0.000000 0.000000 0.000000 0.000000 0.000000 0.373592 0.000000 0.002936
 0.000000 0.000000 0.000464 0.000000 0.219158 0.313108 0.000000 0.000000 0.000000 0.138576 0.000000 0.000000 0.000000 0.000000 0.000000 0.000000 0.328692 0.000000 0.000000 0.000000
 0.000000 0.000701 0.000000 0.000000 0.000000 0.000000 0.000000 0.000000 0.495835 0.007643 0.000000 0.000000 0.000000 0.000000 0.000000 0.495821 0.000000 0.000000 0.000000 0.000000
 0.000000 0.000000 0.000000 0.000000 0.000000 0.000000 0.000000 0.001510 0.499353 0.000000 0.499137 0.000000 0.000000 0.000000 0.000000 0.000000 0.000000 0.000000 0.000000 0.000000
 0.000000 0.192284 0.000000 0.000000 0.000000 0.287085 0.000000 0.000000 0.000000 0.000000 0.000000 0.000000 0.258697 0.000000 0.000000 0.000000 0.261934 0.000000 0.000000 0.000000
 0.269307 0.312760 0.000000 0.000000 0.326844 0.000000 0.000000 0.000000 0.000000 0.000000 0.000000 0.000000 0.004214 0.000000 0.000000 0.000000 0.000134 0.086741 0.000000 0.000000
 0.000000 0.000000 0.000000 0.000000 0.000000 0.000000 0.000000 0.000199 0.000000 0.355551 0.000000 0.000001 0.000000 0.368031 0.001707 0.001469 0.000000 0.181503 0.091534 0.000005
 0.000000 0.000000 0.000000 0.001509 0.000000 0.000000 0.000270 0.000000 0.000000 0.000000 0.498964 0.000000 0.000000 0.000000 0.499254 0.000002 0.000000 0.000000 0.000000 0.000000
 0.000000 0.000000 0.467851 0.467862 0.000000 0.000000 0.000000 0.000000 0.000000 0.000000 0.064287 0.000000 0.000000 0.000000 0.000000 0.000000 0.000000 0.000000 0.000000 0.000000
 0.000000 0.175109 0.006402 0.000000 0.000000 0.000000 0.401260 0.000000 0.000000 0.000000 0.000000 0.000000 0.000000 0.001682 0.000000 0.415343 0.000000 0.000000 0.000204 0.000000
 0.000000 0.000000 0.000000 0.467883 0.000000 0.000000 0.000000 0.467799 0.064317 0.000000 0.000000 0.000000 0.000000 0.000000 0.000000 0.000000 0.000000 0.000000 0.000000 0.000000
 0.312047 0.000000 0.000000 0.000000 0.000000 0.000000 0.000001 0.000000 0.000000 0.000000 0.000000 0.000000 0.000000 0.000004 0.000000 0.000000 0.000000 0.320236 0.000001 0.367711
 0.000000 0.000000 0.000000 0.000000 0.313497 0.004486 0.000000 0.000000 0.000000 0.000000 0.000000 0.000000 0.000000 0.000000 0.000000 0.000000 0.333705 0.000000 0.348313 0.000000
 0.000000 0.000000 0.000000 0.000000 0.000000 0.000000 0.441895 0.000000 0.000000 0.001790 0.000000 0.000005 0.000000 0.000000 0.001182 0.000000 0.000000 0.114292 0.440835 0.000000
 0.000000 0.000000 0.000000 0.000000 0.000000 0.000000 0.002310 0.498170 0.000000 0.000000 0.000000 0.000000 0.000000 0.001333 0.000000 0.000000 0.000000 0.000000 0.000000 0.498186
 0.000000 0.000000 0.498991 0.000000 0.000000 0.000000 0.001992 0.000002 0.000000 0.499014 0.000000 0.000000 0.000000 0.000000 0.000000 0.000000 0.000000 0.000000 0.000000 0.000000
 0.000000 0.349216 0.000000 0.000000 0.317183 0.000142 0.000000 0.000000 0.000000 0.000000 0.000000 0.000000 0.333458 0.000000 0.000000 0.000000 0.000000 0.000000 0.000000 0.000000
 0.345402 0.000000 0.000000 0.000000 0.000000 0.091253 0.170344 0.000000 0.000000 0.000000 0.000000 0.300803 0.000000 0.089336 0.000000 0.000000 0.000000 0.000000 0.002852 0.000010
 0.000000 0.000000 0.000000 0.000000 0.000000 0.000000 0.110454 0.000000 0.000000 0.000218 0.000000 0.000001 0.442624 0.443036 0.000000 0.000000 0.000000 0.003667 0.000000 0.000000
 0.003914 0.000000 0.000000 0.000000 0.000000 0.000000 0.000007 0.000000 0.000000 0.000000 0.000000 0.498027 0.000000 0.000000 0.498037 0.000000 0.000000 0.000014 0.000000 0.000000
the mean of prob-rank is 1.5789473684210527
the number of false negetive edges is 0
the number of probability greater than 0 is 4.75/edge
