20
 0.000000 0.000000 0.000000 0.000000 0.000000 0.000000 0.000000 0.000000 0.000000 0.000000 0.000011 0.000000 0.416114 0.417738 0.000000 0.149157 0.000000 0.000000 0.000000 0.016978
 0.000000 0.000000 0.000000 0.000000 0.000000 0.000000 0.000000 0.000000 0.000000 0.000000 0.000000 0.000000 0.000000 0.000000 0.500000 0.000000 0.000000 0.000000 0.500000 0.000000
 0.000000 0.000000 0.000000 0.000000 0.000000 0.000000 0.000000 0.000000 0.000000 0.000000 0.000000 0.000000 0.000000 0.000000 0.000000 0.000000 0.000000 0.500000 0.000000 0.500000
 0.000000 0.000000 0.000000 0.000000 0.000000 0.499999 0.000000 0.000000 0.000000 0.500000 0.000000 0.000000 0.000000 0.000000 0.000001 0.000000 0.000000 0.000000 0.000000 0.000000
 0.000000 0.000000 0.000000 0.000000 0.000000 0.000000 0.499890 0.000000 0.499890 0.000000 0.000000 0.000000 0.000000 0.000000 0.000000 0.000219 0.000000 0.000000 0.000000 0.000000
 0.000000 0.000000 0.000000 0.492176 0.000000 0.000000 0.000000 0.000000 0.000000 0.000000 0.015724 0.000022 0.000000 0.000000 0.000000 0.000000 0.000000 0.000000 0.000000 0.492078
 0.000000 0.000000 0.000000 0.000000 0.500000 0.000000 0.000000 0.000000 0.000000 0.000000 0.000000 0.000000 0.000000 0.000000 0.000000 0.000000 0.500000 0.000000 0.000000 0.000000
 0.000000 0.000000 0.000000 0.000000 0.000000 0.000000 0.000000 0.000000 0.000000 0.000000 0.000000 0.053123 0.000000 0.000000 0.000000 0.000000 0.473715 0.000000 0.473161 0.000000
 0.000000 0.000000 0.000000 0.000000 0.456301 0.000000 0.000000 0.000000 0.000000 0.000000 0.005118 0.455849 0.000000 0.000000 0.000000 0.082733 0.000000 0.000000 0.000000 0.000000
 0.000000 0.000000 0.000000 0.500000 0.000000 0.000000 0.000000 0.000000 0.000000 0.000000 0.000000 0.000000 0.000000 0.000000 0.500000 0.000000 0.000000 0.000000 0.000000 0.000000
 0.000013 0.000000 0.000000 0.000000 0.000000 0.015643 0.000000 0.000000 0.005492 0.000000 0.000000 0.489208 0.000000 0.489644 0.000000 0.000000 0.000000 0.000000 0.000000 0.000000
 0.000000 0.000000 0.000000 0.000000 0.000000 0.000020 0.000000 0.050688 0.451550 0.000000 0.451596 0.000000 0.000000 0.000000 0.000000 0.000000 0.000000 0.000000 0.046145 0.000000
 0.449845 0.000000 0.000000 0.000000 0.000000 0.000000 0.000000 0.000000 0.000000 0.000000 0.000000 0.000000 0.000000 0.000000 0.000000 0.451601 0.000000 0.098554 0.000000 0.000000
 0.500000 0.000000 0.000000 0.000000 0.000000 0.000000 0.000000 0.000000 0.000000 0.000000 0.500000 0.000000 0.000000 0.000000 0.000000 0.000000 0.000000 0.000000 0.000000 0.000000
 0.000000 0.499999 0.000000 0.000001 0.000000 0.000000 0.000000 0.000000 0.000000 0.500000 0.000000 0.000000 0.000000 0.000000 0.000000 0.000000 0.000000 0.000000 0.000000 0.000000
 0.140847 0.000000 0.000000 0.000000 0.000173 0.000000 0.000000 0.000000 0.071521 0.000000 0.000000 0.000000 0.394464 0.000000 0.000000 0.000000 0.000000 0.392994 0.000000 0.000000
 0.000000 0.000000 0.000000 0.000000 0.000000 0.000000 0.500000 0.500000 0.000000 0.000000 0.000000 0.000000 0.000000 0.000000 0.000000 0.000000 0.000000 0.000000 0.000000 0.000000
 0.000000 0.000000 0.451568 0.000000 0.000000 0.000000 0.000000 0.000000 0.000000 0.000000 0.000000 0.000000 0.098547 0.000000 0.000000 0.449885 0.000000 0.000000 0.000000 0.000000
 0.000000 0.475982 0.000000 0.000000 0.000000 0.000000 0.000000 0.475424 0.000000 0.000000 0.000000 0.048594 0.000000 0.000000 0.000000 0.000000 0.000000 0.000000 0.000000 0.000000
 0.019919 0.000000 0.490090 0.000000 0.000000 0.489991 0.000000 0.000000 0.000000 0.000000 0.000000 0.000000 0.000000 0.000000 0.000000 0.000000 0.000000 0.000000 0.000000 0.000000
the mean of prob-rank is 1.631578947368421
the number of false negetive edges is 0
the number of probability greater than 0 is 3.2/edge
