20
 0.000000 0.000000 0.237064 0.000000 0.231385 0.007043 0.000000 0.000000 0.000000 0.000000 0.012296 0.000000 0.000000 0.000000 0.204377 0.209883 0.000000 0.097952 0.000000 0.000000
 0.000000 0.000000 0.000000 0.000000 0.000000 0.000000 0.000000 0.000000 0.000000 0.000000 0.000000 0.000000 0.000000 0.500000 0.000000 0.000000 0.500000 0.000000 0.000000 0.000000
 0.312917 0.000000 0.000000 0.000000 0.000000 0.000000 0.000000 0.000000 0.000000 0.000000 0.341266 0.000000 0.000000 0.000000 0.000000 0.000000 0.000000 0.345816 0.000000 0.000000
 0.000000 0.000000 0.000000 0.000000 0.000000 0.000000 0.000000 0.344338 0.000000 0.329159 0.000000 0.000000 0.000000 0.000000 0.000000 0.000000 0.000000 0.000000 0.326503 0.000000
 0.323792 0.000000 0.000000 0.000000 0.000000 0.000000 0.000000 0.000000 0.370702 0.000000 0.000000 0.000000 0.000000 0.000000 0.303471 0.002034 0.000000 0.000000 0.000000 0.000000
 0.013019 0.000000 0.000000 0.000000 0.000000 0.000000 0.000000 0.000000 0.000000 0.000000 0.008634 0.488507 0.000000 0.000000 0.489839 0.000000 0.000000 0.000000 0.000000 0.000000
 0.000000 0.000000 0.000000 0.000000 0.000000 0.000000 0.000000 0.000000 0.000000 0.000000 0.000000 0.000000 0.500000 0.000000 0.000000 0.000000 0.000000 0.000000 0.000000 0.500000
 0.000000 0.000000 0.000000 0.500000 0.000000 0.000000 0.000000 0.000000 0.000000 0.000001 0.000000 0.000000 0.000000 0.000000 0.000000 0.000000 0.000000 0.499999 0.000000 0.000000
 0.000000 0.000000 0.000000 0.000000 0.434722 0.000000 0.000000 0.000000 0.000000 0.000000 0.000000 0.000000 0.000000 0.000000 0.208125 0.357152 0.000000 0.000000 0.000000 0.000000
 0.000000 0.000000 0.000000 0.334841 0.000000 0.000000 0.000000 0.000000 0.000000 0.000000 0.000000 0.000000 0.000000 0.000000 0.000000 0.000000 0.314878 0.000000 0.350281 0.000000
 0.020595 0.000000 0.433049 0.000000 0.000000 0.007823 0.000000 0.000000 0.000000 0.000000 0.000000 0.443783 0.000000 0.000000 0.000000 0.000000 0.000000 0.094750 0.000000 0.000000
 0.000000 0.000000 0.000000 0.000000 0.000000 0.499307 0.000000 0.000000 0.000000 0.000000 0.500619 0.000000 0.000000 0.000000 0.000000 0.000000 0.000000 0.000074 0.000000 0.000000
 0.000000 0.000000 0.000000 0.000000 0.000000 0.000000 0.500000 0.000000 0.000000 0.000000 0.000000 0.000000 0.000000 0.000000 0.000000 0.500000 0.000000 0.000000 0.000000 0.000000
 0.000000 0.500000 0.000000 0.000000 0.000000 0.000000 0.000000 0.000000 0.000000 0.000000 0.000000 0.000000 0.000000 0.000000 0.000000 0.000000 0.000000 0.000000 0.000000 0.500000
 0.251373 0.000000 0.000000 0.000000 0.266731 0.325907 0.000000 0.000000 0.155989 0.000000 0.000000 0.000000 0.000000 0.000000 0.000000 0.000000 0.000000 0.000000 0.000000 0.000000
 0.302446 0.000000 0.000000 0.000000 0.002095 0.000000 0.000000 0.000000 0.313622 0.000000 0.000000 0.000000 0.381837 0.000000 0.000000 0.000000 0.000000 0.000000 0.000000 0.000000
 0.000000 0.352995 0.000000 0.000000 0.000000 0.000000 0.000000 0.000000 0.000000 0.317317 0.000000 0.000000 0.000000 0.000000 0.000000 0.000000 0.000000 0.000000 0.329688 0.000000
 0.143726 0.000000 0.384416 0.000000 0.000000 0.000000 0.000000 0.388799 0.000000 0.000000 0.083002 0.000057 0.000000 0.000000 0.000000 0.000000 0.000000 0.000000 0.000000 0.000000
 0.000000 0.000000 0.000000 0.328989 0.000000 0.000000 0.000000 0.000000 0.000000 0.346959 0.000000 0.000000 0.000000 0.000000 0.000000 0.000000 0.324052 0.000000 0.000000 0.000000
 0.000000 0.000000 0.000000 0.000000 0.000000 0.000000 0.500000 0.000000 0.000000 0.000000 0.000000 0.000000 0.000000 0.500000 0.000000 0.000000 0.000000 0.000000 0.000000 0.000000
the mean of prob-rank is 1.631578947368421
the number of false negetive edges is 0
the number of probability greater than 0 is 3.3/edge
