20
 0.000000 0.000000 0.000000 0.000000 0.000002 0.002034 0.000000 0.000000 0.000000 0.370787 0.001253 0.000000 0.000000 0.258838 0.366204 0.000000 0.000655 0.000000 0.000227 0.000000
 0.000000 0.000000 0.498363 0.000000 0.000000 0.000000 0.000000 0.000000 0.003270 0.000000 0.000000 0.000000 0.000000 0.000000 0.000000 0.498367 0.000000 0.000000 0.000000 0.000000
 0.000000 0.499999 0.000000 0.000000 0.000000 0.000000 0.000000 0.000000 0.000000 0.000000 0.000000 0.000000 0.500001 0.000000 0.000000 0.000000 0.000000 0.000000 0.000000 0.000000
 0.000000 0.000000 0.000000 0.000000 0.000000 0.000000 0.000000 0.000000 0.000000 0.000000 0.000000 0.000000 0.500000 0.000000 0.000000 0.000000 0.500000 0.000000 0.000000 0.000000
 0.000002 0.000000 0.000000 0.000000 0.000000 0.000000 0.000000 0.078405 0.000000 0.000000 0.000000 0.271646 0.000000 0.321327 0.328620 0.000000 0.000000 0.000000 0.000000 0.000000
 0.002697 0.000000 0.000000 0.000000 0.000000 0.000000 0.000000 0.000000 0.000000 0.000002 0.491411 0.000000 0.000000 0.000000 0.000000 0.000000 0.000000 0.000000 0.492019 0.013870
 0.000000 0.000000 0.000000 0.000000 0.000000 0.000000 0.000000 0.256459 0.000000 0.000000 0.000000 0.257537 0.000000 0.000000 0.000000 0.000089 0.000000 0.287114 0.000000 0.198801
 0.000000 0.000000 0.000000 0.000000 0.067176 0.000000 0.251491 0.000000 0.000000 0.000000 0.081334 0.281557 0.000000 0.098162 0.000000 0.000000 0.000000 0.220279 0.000000 0.000000
 0.000000 0.003271 0.000000 0.000000 0.000000 0.000000 0.000000 0.000000 0.000000 0.000000 0.000000 0.000000 0.000000 0.000000 0.000000 0.498399 0.000000 0.000000 0.000000 0.498330
 0.409924 0.000000 0.000000 0.000000 0.000000 0.000002 0.000000 0.000000 0.000000 0.000000 0.409995 0.000000 0.000000 0.180079 0.000000 0.000000 0.000000 0.000000 0.000000 0.000000
 0.001200 0.000000 0.000000 0.000000 0.000000 0.354991 0.000000 0.102677 0.000000 0.355312 0.000000 0.000035 0.000000 0.172223 0.000000 0.000000 0.000000 0.013460 0.000000 0.000101
 0.000000 0.000000 0.000000 0.000000 0.278594 0.000000 0.302303 0.337026 0.000000 0.000000 0.000033 0.000000 0.000000 0.019259 0.000000 0.000000 0.000000 0.062784 0.000000 0.000000
 0.000000 0.000000 0.499999 0.500001 0.000000 0.000000 0.000000 0.000000 0.000000 0.000000 0.000000 0.000000 0.000000 0.000000 0.000000 0.000000 0.000000 0.000000 0.000000 0.000000
 0.180030 0.000000 0.000000 0.000000 0.252303 0.000000 0.000000 0.089959 0.000000 0.113292 0.125025 0.014745 0.000000 0.000000 0.224645 0.000000 0.000000 0.000000 0.000000 0.000000
 0.345420 0.000000 0.000000 0.000000 0.349927 0.000000 0.000000 0.000000 0.000000 0.000000 0.000000 0.000000 0.000000 0.304653 0.000000 0.000000 0.000000 0.000000 0.000000 0.000000
 0.000000 0.499923 0.000000 0.000000 0.000000 0.000000 0.000155 0.000000 0.499922 0.000000 0.000000 0.000000 0.000000 0.000000 0.000000 0.000000 0.000000 0.000000 0.000000 0.000000
 0.000882 0.000000 0.000000 0.499559 0.000000 0.000000 0.000000 0.000000 0.000000 0.000000 0.000000 0.000000 0.000000 0.000000 0.000000 0.000000 0.000000 0.000000 0.499559 0.000000
 0.000000 0.000000 0.000000 0.000000 0.000000 0.000000 0.334493 0.261699 0.000000 0.000000 0.012667 0.062314 0.000000 0.000000 0.000000 0.000000 0.000000 0.000000 0.000000 0.328828
 0.000306 0.000000 0.000000 0.000000 0.000000 0.499841 0.000000 0.000000 0.000000 0.000000 0.000000 0.000000 0.000000 0.000000 0.000000 0.000000 0.499852 0.000000 0.000000 0.000000
 0.000000 0.000000 0.000000 0.000000 0.000000 0.010426 0.256086 0.000000 0.369800 0.000000 0.000106 0.000000 0.000000 0.000000 0.000000 0.000000 0.000000 0.363582 0.000000 0.000000
the mean of prob-rank is 1.6842105263157894
the number of false negetive edges is 0
the number of probability greater than 0 is 4.4/edge
