20
 0.000000 0.435644 0.057428 0.020884 0.000000 0.439098 0.000000 0.000000 0.000000 0.000000 0.000000 0.000000 0.027943 0.000000 0.000000 0.000000 0.019003 0.000000 0.000000 0.000000
 0.380693 0.000000 0.000000 0.000000 0.000000 0.000000 0.235551 0.000000 0.383711 0.000000 0.000000 0.000000 0.000044 0.000000 0.000000 0.000000 0.000000 0.000000 0.000000 0.000000
 0.053692 0.000000 0.000000 0.000000 0.000000 0.392068 0.000000 0.000000 0.000000 0.000000 0.000000 0.000683 0.000000 0.000000 0.000000 0.410523 0.143006 0.000000 0.000028 0.000000
 0.017411 0.000000 0.000000 0.000000 0.000000 0.263497 0.353006 0.000000 0.366086 0.000000 0.000000 0.000000 0.000000 0.000000 0.000000 0.000000 0.000000 0.000000 0.000000 0.000000
 0.000000 0.000000 0.000000 0.000000 0.000000 0.000000 0.000000 0.000000 0.000000 0.000000 0.471122 0.000000 0.467350 0.000000 0.061528 0.000000 0.000000 0.000000 0.000000 0.000000
 0.373853 0.000000 0.357040 0.269086 0.000000 0.000000 0.000000 0.000000 0.000000 0.000000 0.000000 0.000000 0.000000 0.000000 0.000000 0.000000 0.000021 0.000000 0.000000 0.000000
 0.000000 0.226160 0.000000 0.355249 0.000000 0.000000 0.000000 0.000000 0.049309 0.000000 0.000000 0.000000 0.000000 0.000000 0.000000 0.000000 0.000000 0.000872 0.000000 0.368411
 0.000000 0.000000 0.000000 0.000000 0.000000 0.000000 0.000000 0.000000 0.000000 0.000000 0.000000 0.000000 0.000000 0.000001 0.000000 0.000000 0.000000 0.499997 0.000000 0.500002
 0.000000 0.468640 0.000000 0.468637 0.000000 0.000000 0.062723 0.000000 0.000000 0.000000 0.000000 0.000000 0.000000 0.000000 0.000000 0.000000 0.000000 0.000000 0.000000 0.000000
 0.000000 0.000000 0.000000 0.000000 0.000000 0.000000 0.000000 0.000000 0.000000 0.000000 0.500000 0.000000 0.000000 0.500000 0.000000 0.000000 0.000000 0.000000 0.000000 0.000000
 0.000000 0.000000 0.000000 0.000000 0.500000 0.000000 0.000000 0.000000 0.000000 0.500000 0.000000 0.000000 0.000000 0.000000 0.000000 0.000000 0.000000 0.000000 0.000000 0.000001
 0.000000 0.000000 0.000780 0.000000 0.000000 0.000000 0.000000 0.000000 0.000000 0.000000 0.000000 0.000000 0.062728 0.000000 0.000000 0.000000 0.468275 0.000000 0.468217 0.000000
 0.028377 0.000051 0.000000 0.000000 0.442350 0.000000 0.000000 0.000000 0.000000 0.000000 0.000000 0.059709 0.000000 0.000000 0.000000 0.000000 0.444918 0.000000 0.024594 0.000000
 0.000000 0.000000 0.000000 0.000000 0.000000 0.000000 0.000000 0.000001 0.000000 0.500000 0.000000 0.000000 0.000000 0.000000 0.000000 0.000000 0.000000 0.499999 0.000000 0.000000
 0.000000 0.000000 0.000000 0.000000 0.061339 0.000000 0.000000 0.000000 0.000000 0.000000 0.000000 0.000000 0.000000 0.000000 0.000000 0.469291 0.000000 0.000000 0.469371 0.000000
 0.000000 0.000000 0.491330 0.000000 0.000000 0.000000 0.000000 0.000000 0.000000 0.000000 0.000000 0.000000 0.000000 0.000000 0.490938 0.000000 0.000000 0.000000 0.017732 0.000000
 0.018099 0.000000 0.145681 0.000000 0.000000 0.000023 0.000000 0.000000 0.000000 0.000000 0.000000 0.418038 0.417269 0.000000 0.000000 0.000000 0.000000 0.000000 0.000890 0.000000
 0.000000 0.000000 0.000000 0.000000 0.000000 0.000000 0.001182 0.499407 0.000000 0.000000 0.000000 0.000000 0.000000 0.499411 0.000000 0.000000 0.000000 0.000000 0.000000 0.000000
 0.000000 0.000000 0.000033 0.000000 0.000000 0.000000 0.000000 0.000000 0.000000 0.000000 0.000000 0.477697 0.026361 0.000000 0.477643 0.017249 0.001017 0.000000 0.000000 0.000000
 0.000000 0.000000 0.000000 0.000000 0.000000 0.000000 0.499998 0.500002 0.000000 0.000000 0.000001 0.000000 0.000000 0.000000 0.000000 0.000000 0.000000 0.000000 0.000000 0.000000
the mean of prob-rank is 1.5263157894736843
the number of false negetive edges is 0
the number of probability greater than 0 is 3.8/edge
