20
 0.000000 0.000000 0.000000 0.000000 0.000000 0.000000 0.000000 0.000000 0.000032 0.000000 0.499135 0.000000 0.000000 0.000000 0.499025 0.000000 0.001807 0.000000 0.000000 0.000000
 0.000000 0.000000 0.000000 0.000000 0.000000 0.499795 0.000000 0.000439 0.000000 0.000000 0.000000 0.000000 0.000000 0.499766 0.000000 0.000000 0.000000 0.000000 0.000000 0.000000
 0.000000 0.000000 0.000000 0.000000 0.000000 0.000000 0.000000 0.000000 0.000000 0.000000 0.000000 0.000000 0.000000 0.000000 0.000000 0.000000 0.000000 0.499999 0.000000 0.500001
 0.000000 0.000000 0.000000 0.000000 0.000000 0.000000 0.499707 0.500293 0.000000 0.000000 0.000000 0.000000 0.000000 0.000000 0.000000 0.000000 0.000000 0.000000 0.000000 0.000000
 0.000000 0.000000 0.000000 0.000000 0.000000 0.000000 0.000000 0.000000 0.401767 0.000000 0.000000 0.000000 0.015111 0.000000 0.179856 0.000009 0.403257 0.000000 0.000000 0.000000
 0.000000 0.497046 0.000000 0.000000 0.000000 0.000000 0.000000 0.496960 0.000000 0.000000 0.000000 0.005221 0.000000 0.000774 0.000000 0.000000 0.000000 0.000000 0.000000 0.000000
 0.000000 0.000000 0.000000 0.491255 0.000000 0.000000 0.000000 0.000000 0.000000 0.000000 0.006191 0.491832 0.000000 0.000000 0.010721 0.000000 0.000000 0.000000 0.000000 0.000000
 0.000000 0.000439 0.000000 0.499820 0.000000 0.499734 0.000000 0.000000 0.000000 0.000000 0.000000 0.000000 0.000000 0.000008 0.000000 0.000000 0.000000 0.000000 0.000000 0.000000
 0.000027 0.000000 0.000000 0.000000 0.410677 0.000000 0.000000 0.000000 0.000000 0.000000 0.000000 0.000000 0.412208 0.000000 0.000000 0.000000 0.177088 0.000000 0.000000 0.000000
 0.000000 0.000000 0.000000 0.000000 0.000000 0.000000 0.000000 0.000000 0.000000 0.000000 0.000000 0.000000 0.000000 0.000000 0.000000 0.499999 0.000000 0.000000 0.500001 0.000000
 0.496330 0.000000 0.000000 0.000000 0.000000 0.000000 0.006248 0.000000 0.000000 0.000000 0.000000 0.495435 0.000000 0.000000 0.001987 0.000000 0.000000 0.000000 0.000000 0.000000
 0.000000 0.000000 0.000000 0.000000 0.000000 0.005229 0.497834 0.000000 0.000000 0.000000 0.496937 0.000000 0.000000 0.000000 0.000000 0.000000 0.000000 0.000000 0.000000 0.000000
 0.000000 0.000000 0.000000 0.000000 0.018392 0.000000 0.000000 0.000000 0.490807 0.000000 0.000000 0.000000 0.000000 0.000000 0.000000 0.490801 0.000000 0.000000 0.000000 0.000000
 0.000000 0.499594 0.000000 0.000000 0.000000 0.000778 0.000000 0.000008 0.000000 0.000000 0.000000 0.000000 0.000000 0.000000 0.000000 0.000000 0.000000 0.000000 0.000000 0.499621
 0.405256 0.000000 0.000000 0.000000 0.180784 0.000000 0.008836 0.000000 0.000000 0.000000 0.001623 0.000000 0.000000 0.000000 0.000000 0.000000 0.403500 0.000000 0.000000 0.000000
 0.000000 0.000000 0.000000 0.000000 0.000011 0.000000 0.000000 0.000000 0.000000 0.499996 0.000000 0.000000 0.499993 0.000000 0.000000 0.000000 0.000000 0.000000 0.000000 0.000000
 0.001491 0.000000 0.000000 0.000000 0.411743 0.000000 0.000000 0.000000 0.176891 0.000000 0.000000 0.000000 0.000000 0.000000 0.409875 0.000000 0.000000 0.000000 0.000000 0.000000
 0.000000 0.000000 0.499999 0.000000 0.000000 0.000000 0.000000 0.000000 0.000000 0.000000 0.000000 0.000000 0.000000 0.000000 0.000000 0.000000 0.000000 0.000000 0.500001 0.000000
 0.000000 0.000000 0.000000 0.000000 0.000000 0.000000 0.000000 0.000000 0.000000 0.500000 0.000000 0.000000 0.000000 0.000000 0.000000 0.000000 0.000000 0.500000 0.000000 0.000000
 0.000000 0.000000 0.500001 0.000000 0.000000 0.000000 0.000000 0.000000 0.000000 0.000000 0.000000 0.000000 0.000000 0.499999 0.000000 0.000000 0.000000 0.000000 0.000000 0.000000
the mean of prob-rank is 1.6842105263157894
the number of false negetive edges is 0
the number of probability greater than 0 is 3.3/edge
