20
 0.000000 0.000000 0.000005 0.000000 0.000000 0.000000 0.000000 0.500069 0.000000 0.000000 0.000000 0.000000 0.499926 0.000000 0.000000 0.000000 0.000000 0.000000 0.000000 0.000000
 0.000000 0.000000 0.000000 0.000000 0.297273 0.000000 0.354042 0.000000 0.000000 0.000000 0.000000 0.000000 0.000000 0.000000 0.000000 0.000000 0.000000 0.348685 0.000000 0.000000
 0.000005 0.000000 0.000000 0.000000 0.000000 0.000000 0.000000 0.500101 0.000000 0.000000 0.000000 0.000000 0.000000 0.000000 0.000000 0.000000 0.499894 0.000000 0.000000 0.000000
 0.000000 0.000000 0.000000 0.000000 0.000000 0.000000 0.000000 0.000000 0.000000 0.000000 0.000000 0.000000 0.247950 0.250189 0.000000 0.000000 0.000000 0.000000 0.256549 0.245312
 0.000000 0.302223 0.000000 0.000000 0.000000 0.000000 0.000000 0.000000 0.000000 0.000000 0.000000 0.337954 0.000000 0.000000 0.000000 0.000000 0.000000 0.359823 0.000000 0.000000
 0.000000 0.000000 0.000000 0.000000 0.000000 0.000000 0.000000 0.000000 0.000000 0.000000 0.500000 0.000000 0.000000 0.000000 0.500000 0.000000 0.000000 0.000000 0.000000 0.000000
 0.000000 0.500000 0.000000 0.000000 0.000000 0.000000 0.000000 0.000000 0.500000 0.000000 0.000000 0.000000 0.000000 0.000000 0.000000 0.000000 0.000000 0.000000 0.000000 0.000000
 0.494057 0.000000 0.494105 0.000000 0.000000 0.000000 0.000000 0.000000 0.000000 0.000000 0.000000 0.000000 0.000000 0.000000 0.000000 0.000000 0.011838 0.000000 0.000000 0.000000
 0.000000 0.000000 0.000000 0.000000 0.000000 0.000000 0.500001 0.000000 0.000000 0.000000 0.499999 0.000000 0.000000 0.000000 0.000000 0.000000 0.000000 0.000000 0.000000 0.000000
 0.000000 0.000000 0.000000 0.000000 0.000000 0.000000 0.000000 0.000000 0.000000 0.000000 0.000000 0.000000 0.000000 0.000000 0.000000 0.500000 0.500000 0.000000 0.000000 0.000000
 0.000000 0.000000 0.000000 0.000000 0.000000 0.500001 0.000000 0.000000 0.499999 0.000000 0.000000 0.000000 0.000000 0.000000 0.000000 0.000000 0.000000 0.000000 0.000000 0.000000
 0.000000 0.000000 0.000000 0.000000 0.339180 0.000000 0.000000 0.000000 0.000000 0.000000 0.000000 0.000000 0.000000 0.000000 0.000000 0.361243 0.000000 0.299578 0.000000 0.000000
 0.367856 0.000000 0.000000 0.329970 0.000000 0.000000 0.000000 0.000000 0.000000 0.000000 0.000000 0.000000 0.000000 0.000000 0.000000 0.000000 0.000000 0.000000 0.288169 0.014006
 0.000000 0.000000 0.000000 0.319469 0.000000 0.000000 0.000000 0.000000 0.000000 0.000000 0.000000 0.000000 0.000000 0.000000 0.353096 0.000000 0.000000 0.000000 0.000003 0.327433
 0.000000 0.000000 0.000000 0.000000 0.000000 0.500000 0.000000 0.000000 0.000000 0.000000 0.000000 0.000000 0.000000 0.500000 0.000000 0.000000 0.000000 0.000000 0.000000 0.000000
 0.000000 0.000000 0.000000 0.000000 0.000000 0.000000 0.000000 0.000000 0.000000 0.500000 0.000000 0.500000 0.000000 0.000000 0.000000 0.000000 0.000000 0.000000 0.000000 0.000000
 0.000000 0.000000 0.493977 0.000000 0.000000 0.000000 0.000000 0.011840 0.000000 0.494182 0.000000 0.000000 0.000000 0.000000 0.000000 0.000000 0.000000 0.000000 0.000000 0.000000
 0.000000 0.350007 0.000000 0.000000 0.355272 0.000000 0.000000 0.000000 0.000000 0.000000 0.000000 0.294720 0.000000 0.000000 0.000000 0.000000 0.000000 0.000000 0.000000 0.000000
 0.000000 0.000000 0.000000 0.342241 0.000000 0.000000 0.000000 0.000000 0.000000 0.000000 0.000000 0.000000 0.288867 0.000003 0.000000 0.000000 0.000000 0.000000 0.000000 0.368888
 0.000000 0.000000 0.000000 0.310999 0.000000 0.000000 0.000000 0.000000 0.000000 0.000000 0.000000 0.000000 0.013343 0.325089 0.000000 0.000000 0.000000 0.000000 0.350569 0.000000
the mean of prob-rank is 1.5789473684210527
the number of false negetive edges is 0
the number of probability greater than 0 is 2.9/edge
