20
 0.000000 0.000000 0.000000 0.000000 0.000000 0.000000 0.000000 0.000000 0.000000 0.000000 0.000000 0.000000 0.500000 0.000000 0.000000 0.000000 0.500000 0.000000 0.000000 0.000000
 0.000000 0.000000 0.000000 0.000000 0.000000 0.000000 0.000000 0.000000 0.000000 0.000000 0.500000 0.000000 0.000000 0.000000 0.000000 0.000000 0.000000 0.000000 0.000000 0.500000
 0.000000 0.000000 0.000000 0.018707 0.000000 0.490966 0.000000 0.000000 0.000000 0.000000 0.000000 0.000063 0.000000 0.000000 0.000000 0.000000 0.000000 0.490264 0.000000 0.000000
 0.000000 0.000000 0.018651 0.000000 0.000000 0.003364 0.000000 0.000000 0.000000 0.000000 0.000000 0.489479 0.000000 0.488506 0.000000 0.000000 0.000000 0.000000 0.000000 0.000000
 0.000000 0.000000 0.000000 0.000000 0.000000 0.000000 0.500155 0.000000 0.000000 0.000000 0.000000 0.000000 0.000000 0.000000 0.000000 0.499845 0.000000 0.000000 0.000000 0.000000
 0.000000 0.000000 0.497504 0.003420 0.000000 0.000000 0.000000 0.000000 0.000000 0.000000 0.000000 0.000000 0.000000 0.497361 0.000000 0.000000 0.000000 0.001715 0.000000 0.000000
 0.000000 0.000000 0.000000 0.000000 0.500000 0.000000 0.000000 0.000000 0.000000 0.000000 0.000000 0.000000 0.000000 0.000000 0.000000 0.000000 0.000000 0.500000 0.000000 0.000000
 0.000000 0.000000 0.000000 0.000000 0.000000 0.000000 0.000000 0.000000 0.000000 0.421168 0.000000 0.000000 0.000000 0.000000 0.000000 0.158204 0.000000 0.000000 0.420628 0.000000
 0.000000 0.000000 0.000000 0.000000 0.000000 0.000000 0.000000 0.000000 0.000000 0.003273 0.000000 0.000000 0.000000 0.000000 0.476845 0.000000 0.475124 0.000137 0.043627 0.000994
 0.000000 0.000000 0.000000 0.000000 0.000000 0.000000 0.000000 0.500418 0.003435 0.000000 0.000000 0.000000 0.000000 0.000000 0.000000 0.496147 0.000000 0.000000 0.000000 0.000000
 0.000000 0.499999 0.000000 0.000000 0.000000 0.000000 0.000000 0.000000 0.000000 0.000000 0.000000 0.500001 0.000000 0.000000 0.000000 0.000000 0.000000 0.000000 0.000000 0.000000
 0.000000 0.000000 0.000064 0.499967 0.000000 0.000000 0.000000 0.000000 0.000000 0.000000 0.499969 0.000000 0.000000 0.000000 0.000000 0.000000 0.000000 0.000000 0.000000 0.000000
 0.500000 0.000000 0.000000 0.000000 0.000000 0.000000 0.000000 0.000000 0.000000 0.000000 0.000000 0.000000 0.000000 0.000000 0.000000 0.000000 0.000000 0.000000 0.500000 0.000000
 0.000000 0.000000 0.000000 0.446128 0.000000 0.446891 0.000000 0.000000 0.000000 0.000000 0.000000 0.000000 0.000000 0.000000 0.106980 0.000000 0.000000 0.000000 0.000000 0.000000
 0.000000 0.000000 0.000000 0.000000 0.000000 0.000000 0.000000 0.000000 0.446748 0.000000 0.000000 0.000000 0.000000 0.106925 0.000000 0.000000 0.000001 0.000000 0.000000 0.446326
 0.000000 0.000000 0.000000 0.000000 0.422323 0.000000 0.000000 0.158726 0.000000 0.418951 0.000000 0.000000 0.000000 0.000000 0.000000 0.000000 0.000000 0.000000 0.000000 0.000000
 0.478504 0.000000 0.000000 0.000000 0.000000 0.000000 0.000000 0.000000 0.476735 0.000000 0.000000 0.000000 0.000000 0.000000 0.000001 0.000000 0.000000 0.000000 0.000000 0.044760
 0.000000 0.000000 0.498710 0.000000 0.000000 0.001722 0.499425 0.000000 0.000143 0.000000 0.000000 0.000000 0.000000 0.000000 0.000000 0.000000 0.000000 0.000000 0.000000 0.000000
 0.000000 0.000000 0.000000 0.000000 0.000000 0.000000 0.000000 0.477794 0.043769 0.000000 0.000000 0.000000 0.478437 0.000000 0.000000 0.000000 0.000000 0.000000 0.000000 0.000000
 0.000000 0.477419 0.000000 0.000000 0.000000 0.000000 0.000000 0.000000 0.000995 0.000000 0.000000 0.000000 0.000000 0.000000 0.476928 0.000000 0.044658 0.000000 0.000000 0.000000
the mean of prob-rank is 1.5263157894736843
the number of false negetive edges is 0
the number of probability greater than 0 is 3.1/edge
