20
 0.000000 0.000000 0.000000 0.000000 0.500000 0.000000 0.000000 0.000000 0.000000 0.000000 0.000000 0.000000 0.000000 0.000000 0.000000 0.500000 0.000000 0.000000 0.000000 0.000000
 0.000000 0.000000 0.000000 0.000000 0.000000 0.000000 0.000000 0.000000 0.000000 0.022309 0.000000 0.321316 0.370382 0.000000 0.000000 0.000000 0.000000 0.000000 0.285973 0.000021
 0.000000 0.000000 0.000000 0.000000 0.000000 0.000020 0.000002 0.000000 0.000000 0.000000 0.000000 0.378529 0.000000 0.000000 0.003462 0.000000 0.372574 0.000000 0.002316 0.243098
 0.000000 0.000000 0.000000 0.000000 0.500000 0.000000 0.500000 0.000000 0.000000 0.000000 0.000000 0.000000 0.000000 0.000000 0.000000 0.000000 0.000000 0.000000 0.000000 0.000000
 0.500000 0.000000 0.000000 0.500000 0.000000 0.000000 0.000000 0.000000 0.000000 0.000000 0.000000 0.000000 0.000000 0.000000 0.000000 0.000000 0.000000 0.000000 0.000000 0.000000
 0.000000 0.000000 0.000026 0.000000 0.000000 0.000000 0.499988 0.000000 0.000000 0.000000 0.000000 0.000000 0.000000 0.000000 0.000000 0.000000 0.000000 0.499986 0.000000 0.000000
 0.000000 0.000000 0.000002 0.499993 0.000000 0.499992 0.000000 0.000000 0.000000 0.000000 0.000002 0.000000 0.000000 0.000000 0.000000 0.000000 0.000000 0.000000 0.000000 0.000010
 0.000000 0.000000 0.000000 0.000000 0.000000 0.000000 0.000000 0.000000 0.000039 0.203824 0.204566 0.000000 0.085957 0.000000 0.267955 0.000000 0.000000 0.000000 0.000000 0.237658
 0.000000 0.000000 0.000000 0.000000 0.000000 0.000000 0.000000 0.000071 0.000000 0.488503 0.024016 0.000000 0.000000 0.487410 0.000000 0.000000 0.000000 0.000000 0.000000 0.000000
 0.000000 0.020838 0.000000 0.000000 0.000000 0.000000 0.000000 0.259351 0.345731 0.000000 0.323827 0.000000 0.050253 0.000000 0.000000 0.000000 0.000000 0.000000 0.000000 0.000000
 0.000000 0.000000 0.000000 0.000000 0.000000 0.000000 0.000001 0.270491 0.017662 0.336510 0.000000 0.000000 0.000000 0.015771 0.359512 0.000000 0.000000 0.000000 0.000000 0.000052
 0.000000 0.251322 0.288735 0.000000 0.000000 0.000000 0.000000 0.000000 0.000000 0.000000 0.000000 0.000000 0.000000 0.000000 0.000000 0.000000 0.100754 0.000000 0.179576 0.179612
 0.000000 0.305876 0.000000 0.000000 0.000000 0.000000 0.000000 0.096701 0.000000 0.044430 0.000000 0.000000 0.000000 0.000000 0.000000 0.000000 0.000000 0.000000 0.272320 0.280672
 0.000000 0.000000 0.000000 0.000000 0.000000 0.000000 0.000000 0.000000 0.488541 0.000000 0.021494 0.000000 0.000000 0.000000 0.000000 0.489965 0.000000 0.000000 0.000000 0.000000
 0.000000 0.000000 0.003703 0.000000 0.000000 0.000000 0.000000 0.400349 0.000000 0.000000 0.406229 0.000000 0.000000 0.000000 0.000000 0.000000 0.000000 0.000000 0.000000 0.189718
 0.500000 0.000000 0.000000 0.000000 0.000000 0.000000 0.000000 0.000000 0.000000 0.000000 0.000000 0.000000 0.000000 0.500000 0.000000 0.000000 0.000000 0.000000 0.000000 0.000000
 0.000000 0.000000 0.421247 0.000000 0.000000 0.000000 0.000000 0.000000 0.000000 0.000000 0.000000 0.149343 0.000000 0.000000 0.000000 0.000000 0.000000 0.429410 0.000000 0.000000
 0.000000 0.000000 0.000000 0.000000 0.000000 0.499999 0.000000 0.000000 0.000000 0.000000 0.000000 0.000000 0.000000 0.000000 0.000000 0.000000 0.500001 0.000000 0.000000 0.000000
 0.000000 0.235135 0.001857 0.000000 0.000000 0.000000 0.000000 0.000000 0.000000 0.000000 0.000000 0.188774 0.271130 0.000000 0.000000 0.000000 0.000000 0.000000 0.000000 0.303104
 0.000000 0.000012 0.141789 0.000000 0.000000 0.000000 0.000004 0.193628 0.000000 0.000000 0.000032 0.137340 0.203266 0.000000 0.103454 0.000000 0.000000 0.000000 0.220475 0.000000
the mean of prob-rank is 1.631578947368421
the number of false negetive edges is 0
the number of probability greater than 0 is 4.3/edge
