20
 0.000000 0.000000 0.262351 0.314830 0.000000 0.000000 0.000000 0.244375 0.000000 0.000000 0.000000 0.000000 0.000000 0.000000 0.000000 0.000000 0.178444 0.000000 0.000000 0.000000
 0.000000 0.000000 0.000000 0.000000 0.000000 0.000000 0.000000 0.000000 0.000000 0.500000 0.000000 0.000000 0.000000 0.000000 0.000000 0.500000 0.000000 0.000000 0.000000 0.000000
 0.206070 0.000000 0.000000 0.106433 0.000000 0.247296 0.000000 0.000000 0.000000 0.000000 0.000000 0.000000 0.000000 0.063389 0.237401 0.000000 0.139411 0.000000 0.000000 0.000000
 0.412282 0.000000 0.177444 0.000000 0.000000 0.000000 0.000000 0.000000 0.000000 0.000000 0.000000 0.000000 0.000000 0.000000 0.003425 0.000000 0.406848 0.000000 0.000000 0.000000
 0.000000 0.000000 0.000000 0.000000 0.000000 0.317442 0.000000 0.000000 0.000000 0.000000 0.000000 0.284047 0.000014 0.132952 0.265544 0.000000 0.000000 0.000000 0.000000 0.000000
 0.000000 0.000000 0.499439 0.000000 0.499314 0.000000 0.000000 0.000000 0.000000 0.000000 0.000000 0.000000 0.000000 0.000000 0.001247 0.000000 0.000000 0.000000 0.000000 0.000000
 0.000000 0.000000 0.000000 0.000000 0.000000 0.000000 0.000000 0.000000 0.000000 0.000000 0.500000 0.000000 0.000000 0.000000 0.000000 0.000000 0.000000 0.000000 0.500000 0.000000
 0.230632 0.000000 0.000000 0.000000 0.000000 0.000000 0.000000 0.000000 0.000000 0.000000 0.000000 0.000000 0.000000 0.255814 0.000002 0.000000 0.216423 0.297129 0.000000 0.000000
 0.000000 0.000000 0.000000 0.000000 0.000000 0.000000 0.000000 0.000000 0.000000 0.499718 0.000000 0.000000 0.000000 0.000564 0.000000 0.000000 0.000000 0.000000 0.000000 0.499718
 0.000000 0.500000 0.000000 0.000000 0.000000 0.000000 0.000000 0.000000 0.500000 0.000000 0.000000 0.000000 0.000000 0.000000 0.000000 0.000000 0.000000 0.000000 0.000000 0.000000
 0.000000 0.000000 0.000000 0.000000 0.000000 0.000000 0.500000 0.000000 0.000000 0.000000 0.000000 0.000000 0.000000 0.000000 0.000000 0.000000 0.000000 0.500000 0.000000 0.000000
 0.000000 0.000000 0.000000 0.000000 0.317089 0.000000 0.000000 0.000000 0.000000 0.000000 0.000000 0.000000 0.354457 0.327617 0.000000 0.000000 0.000000 0.000000 0.000000 0.000837
 0.000000 0.000000 0.000000 0.000000 0.000022 0.000000 0.000000 0.000000 0.000000 0.000000 0.000000 0.499990 0.000000 0.000000 0.000000 0.000000 0.000000 0.000000 0.000000 0.499988
 0.000000 0.000000 0.073722 0.000000 0.120427 0.000000 0.000000 0.247615 0.000325 0.000000 0.000000 0.265830 0.000000 0.000000 0.287608 0.000000 0.004473 0.000000 0.000000 0.000000
 0.000000 0.000000 0.255780 0.002214 0.222826 0.000665 0.000000 0.000002 0.000000 0.000000 0.000000 0.000000 0.000000 0.266442 0.000000 0.000000 0.252071 0.000000 0.000000 0.000000
 0.000000 0.500000 0.000000 0.000000 0.000000 0.000000 0.000000 0.000000 0.000000 0.000000 0.000000 0.000000 0.000000 0.000000 0.000000 0.000000 0.000000 0.000000 0.500000 0.000000
 0.148867 0.000000 0.148068 0.259185 0.000000 0.000000 0.000000 0.191309 0.000000 0.000000 0.000000 0.000000 0.000000 0.004085 0.248486 0.000000 0.000000 0.000000 0.000000 0.000000
 0.000000 0.000000 0.000000 0.000000 0.000000 0.000000 0.000000 0.499999 0.000000 0.000000 0.500001 0.000000 0.000000 0.000000 0.000000 0.000000 0.000000 0.000000 0.000000 0.000000
 0.000000 0.000000 0.000000 0.000000 0.000000 0.000000 0.500000 0.000000 0.000000 0.000000 0.000000 0.000000 0.000000 0.000000 0.000000 0.500000 0.000000 0.000000 0.000000 0.000000
 0.000000 0.000000 0.000000 0.000000 0.000000 0.000000 0.000000 0.000000 0.499411 0.000000 0.000000 0.001180 0.499410 0.000000 0.000000 0.000000 0.000000 0.000000 0.000000 0.000000
the mean of prob-rank is 1.7894736842105263
the number of false negetive edges is 0
the number of probability greater than 0 is 3.7/edge
