20
 0.000000 0.000000 0.009454 0.000000 0.000000 0.000000 0.303798 0.000000 0.000822 0.000000 0.345601 0.338041 0.000000 0.000000 0.000000 0.000000 0.002284 0.000000 0.000000 0.000000
 0.000000 0.000000 0.000000 0.000000 0.000000 0.500000 0.000000 0.000000 0.000000 0.500000 0.000000 0.000000 0.000000 0.000000 0.000000 0.000000 0.000000 0.000000 0.000000 0.000000
 0.012816 0.000000 0.000000 0.000000 0.000000 0.000000 0.468417 0.000000 0.000000 0.000000 0.007500 0.000000 0.000000 0.000000 0.000000 0.000000 0.042776 0.000000 0.000000 0.468492
 0.000000 0.000000 0.000000 0.000000 0.000000 0.000000 0.000000 0.499998 0.000000 0.000000 0.000000 0.000000 0.000000 0.500002 0.000000 0.000000 0.000000 0.000000 0.000000 0.000000
 0.000000 0.000000 0.000000 0.000000 0.000000 0.000000 0.000000 0.000000 0.000000 0.500000 0.000000 0.000000 0.000000 0.000000 0.000000 0.000000 0.000000 0.500000 0.000000 0.000000
 0.000000 0.500000 0.000000 0.000000 0.000000 0.000000 0.000000 0.000000 0.000000 0.000000 0.000000 0.000000 0.000000 0.000000 0.500000 0.000000 0.000000 0.000000 0.000000 0.000000
 0.320342 0.000000 0.364346 0.000000 0.000000 0.000000 0.000000 0.000000 0.006917 0.000000 0.304445 0.000000 0.000000 0.000000 0.000000 0.000000 0.000000 0.000000 0.000000 0.003950
 0.000000 0.000000 0.000000 0.499999 0.000000 0.000000 0.000000 0.000000 0.000000 0.000000 0.000000 0.000000 0.000000 0.000000 0.000000 0.000000 0.000000 0.500001 0.000000 0.000000
 0.000940 0.000000 0.000000 0.000000 0.000000 0.000000 0.007504 0.000000 0.000000 0.000000 0.205419 0.390806 0.000000 0.000000 0.395331 0.000000 0.000000 0.000000 0.000000 0.000000
 0.000000 0.500000 0.000000 0.000000 0.500000 0.000000 0.000000 0.000000 0.000000 0.000000 0.000000 0.000000 0.000000 0.000000 0.000000 0.000000 0.000000 0.000000 0.000000 0.000000
 0.314557 0.000000 0.005036 0.000000 0.000000 0.000000 0.262788 0.000000 0.163455 0.000000 0.000000 0.253750 0.000000 0.000000 0.000000 0.000000 0.000414 0.000000 0.000000 0.000000
 0.352413 0.000000 0.000000 0.000000 0.000000 0.000000 0.000000 0.000000 0.356185 0.000000 0.290645 0.000000 0.000755 0.000000 0.000000 0.000002 0.000000 0.000000 0.000000 0.000000
 0.000000 0.000000 0.000000 0.000000 0.000000 0.000000 0.000000 0.000000 0.000000 0.000000 0.000000 0.001046 0.000000 0.000000 0.000000 0.499078 0.498968 0.000000 0.000909 0.000000
 0.000000 0.000000 0.000000 0.500000 0.000000 0.000000 0.000000 0.000000 0.000000 0.000000 0.000000 0.000000 0.000000 0.000000 0.000000 0.000000 0.000000 0.000000 0.500000 0.000000
 0.000000 0.000000 0.000000 0.000000 0.000000 0.500000 0.000000 0.000000 0.500000 0.000000 0.000000 0.000000 0.000000 0.000000 0.000000 0.000000 0.000000 0.000000 0.000000 0.000000
 0.000000 0.000000 0.000000 0.000000 0.000000 0.000000 0.000000 0.000000 0.000000 0.000000 0.000000 0.000003 0.500001 0.000000 0.000000 0.000000 0.000000 0.000000 0.499996 0.000000
 0.003149 0.000000 0.043495 0.000000 0.000000 0.000000 0.000000 0.000000 0.000000 0.000000 0.000627 0.000000 0.476312 0.000000 0.000000 0.000000 0.000000 0.000000 0.000000 0.476417
 0.000000 0.000000 0.000000 0.000000 0.500000 0.000000 0.000000 0.500000 0.000000 0.000000 0.000000 0.000000 0.000000 0.000000 0.000000 0.000000 0.000000 0.000000 0.000000 0.000000
 0.000000 0.000000 0.000000 0.000000 0.000000 0.000000 0.000000 0.000000 0.000000 0.000000 0.000000 0.000000 0.000909 0.499548 0.000000 0.499543 0.000000 0.000000 0.000000 0.000000
 0.000000 0.000000 0.497283 0.000000 0.000000 0.000000 0.005390 0.000000 0.000000 0.000000 0.000000 0.000000 0.000000 0.000000 0.000000 0.000000 0.497326 0.000000 0.000000 0.000000
the mean of prob-rank is 1.4210526315789473
the number of false negetive edges is 0
the number of probability greater than 0 is 3.4/edge
