20
 0.000000 0.000000 0.000000 0.000000 0.000000 0.000000 0.000000 0.500000 0.000000 0.000000 0.000000 0.000000 0.000000 0.000000 0.500000 0.000000 0.000000 0.000000 0.000000 0.000000
 0.000000 0.000000 0.026549 0.000000 0.000000 0.000000 0.000000 0.000000 0.000000 0.000000 0.000000 0.000000 0.000000 0.000000 0.486610 0.486840 0.000000 0.000000 0.000000 0.000000
 0.000000 0.026546 0.000000 0.000000 0.000000 0.000000 0.000000 0.000000 0.000000 0.486776 0.000000 0.000000 0.000000 0.000000 0.000000 0.486678 0.000000 0.000000 0.000000 0.000000
 0.000000 0.000000 0.000000 0.000000 0.000000 0.000000 0.000000 0.500000 0.000000 0.000000 0.000000 0.000000 0.000000 0.000000 0.000000 0.000000 0.000000 0.000000 0.500000 0.000000
 0.000000 0.000000 0.000000 0.000000 0.000000 0.000000 0.000000 0.000000 0.000000 0.000000 0.000000 0.334923 0.248709 0.327378 0.000000 0.000000 0.000000 0.000000 0.000000 0.088990
 0.000000 0.000000 0.000000 0.000000 0.000000 0.000000 0.000000 0.000000 0.325264 0.000000 0.179650 0.000000 0.324146 0.000000 0.000000 0.000000 0.000000 0.000000 0.170939 0.000000
 0.000000 0.000000 0.000000 0.000000 0.000000 0.000000 0.000000 0.000000 0.000000 0.500000 0.000000 0.000000 0.000000 0.000000 0.000000 0.000000 0.000000 0.500000 0.000000 0.000000
 0.500000 0.000000 0.000000 0.500000 0.000000 0.000000 0.000000 0.000000 0.000000 0.000000 0.000000 0.000000 0.000000 0.000000 0.000000 0.000000 0.000000 0.000000 0.000000 0.000000
 0.000000 0.000000 0.000000 0.000000 0.000000 0.377652 0.000000 0.000000 0.000000 0.000000 0.385918 0.236430 0.000000 0.000000 0.000000 0.000000 0.000000 0.000000 0.000000 0.000000
 0.000000 0.000000 0.499999 0.000000 0.000000 0.000000 0.500001 0.000000 0.000000 0.000000 0.000000 0.000000 0.000000 0.000000 0.000000 0.000000 0.000000 0.000000 0.000000 0.000000
 0.000000 0.000000 0.000000 0.000000 0.000000 0.213836 0.000000 0.000000 0.395634 0.000000 0.000000 0.000000 0.000000 0.000000 0.000000 0.000000 0.000000 0.000000 0.390530 0.000000
 0.000000 0.000000 0.000000 0.000000 0.362013 0.000000 0.000000 0.000000 0.221787 0.000000 0.000000 0.000000 0.022033 0.050841 0.000000 0.000000 0.000000 0.000000 0.000000 0.343326
 0.000000 0.000000 0.000000 0.000000 0.267521 0.351331 0.000000 0.000000 0.000000 0.000000 0.000000 0.021926 0.000000 0.359221 0.000000 0.000000 0.000000 0.000000 0.000000 0.000000
 0.000000 0.000000 0.000000 0.000000 0.361141 0.000000 0.000000 0.000000 0.000000 0.000000 0.000000 0.051887 0.368402 0.000000 0.000000 0.000000 0.000000 0.000000 0.000000 0.218571
 0.489386 0.489155 0.000000 0.000000 0.000000 0.000000 0.000000 0.000000 0.000000 0.000000 0.000000 0.000000 0.000000 0.000000 0.000000 0.021458 0.000000 0.000000 0.000000 0.000000
 0.000000 0.489323 0.489221 0.000000 0.000000 0.000000 0.000000 0.000000 0.000000 0.000000 0.000000 0.000000 0.000000 0.000000 0.021456 0.000000 0.000000 0.000000 0.000000 0.000000
 0.000000 0.000000 0.000000 0.000000 0.000000 0.000000 0.000000 0.000000 0.000000 0.000000 0.000000 0.000000 0.000000 0.000000 0.000000 0.000000 0.000000 0.500000 0.000000 0.500000
 0.000000 0.000000 0.000000 0.000000 0.000000 0.000000 0.500000 0.000000 0.000000 0.000000 0.000000 0.000000 0.000000 0.000000 0.000000 0.000000 0.500000 0.000000 0.000000 0.000000
 0.000000 0.000000 0.000000 0.399779 0.000000 0.205599 0.000000 0.000000 0.000000 0.000000 0.394622 0.000000 0.000000 0.000000 0.000000 0.000000 0.000000 0.000000 0.000000 0.000000
 0.000000 0.000000 0.000000 0.000000 0.094702 0.000000 0.000000 0.000000 0.000000 0.000000 0.000000 0.338021 0.000000 0.210854 0.000000 0.000000 0.356423 0.000000 0.000000 0.000000
the mean of prob-rank is 1.6842105263157894
the number of false negetive edges is 0
the number of probability greater than 0 is 3.0/edge
