20
 0.000000 0.000000 0.000000 0.000000 0.000000 0.000000 0.000000 0.000000 0.495877 0.495977 0.000000 0.000001 0.000000 0.000000 0.000000 0.000000 0.008145 0.000000 0.000000 0.000000
 0.000000 0.000000 0.000000 0.000000 0.000000 0.000000 0.499995 0.000000 0.000000 0.000000 0.000000 0.000000 0.000000 0.000000 0.499995 0.000000 0.000000 0.000009 0.000000 0.000000
 0.000000 0.000000 0.000000 0.000000 0.412758 0.000000 0.000000 0.000000 0.000000 0.000000 0.000000 0.000000 0.000000 0.178111 0.000000 0.000000 0.000000 0.000000 0.409131 0.000000
 0.000000 0.000000 0.000000 0.000000 0.000000 0.000000 0.000000 0.000000 0.000000 0.000000 0.000000 0.500000 0.000000 0.000000 0.000000 0.000000 0.500000 0.000000 0.000000 0.000000
 0.000000 0.000000 0.396119 0.000000 0.000000 0.000000 0.000000 0.096332 0.000000 0.000000 0.016685 0.000000 0.392650 0.000000 0.000000 0.000000 0.000000 0.000000 0.098213 0.000000
 0.000000 0.000000 0.000000 0.000000 0.000000 0.000000 0.000000 0.000000 0.000000 0.000000 0.000000 0.000000 0.000000 0.500000 0.000000 0.000000 0.000000 0.000000 0.000000 0.500000
 0.000000 0.500000 0.000000 0.000000 0.000000 0.000000 0.000000 0.000000 0.500000 0.000000 0.000000 0.000000 0.000000 0.000000 0.000000 0.000000 0.000000 0.000000 0.000000 0.000000
 0.000000 0.000000 0.000000 0.000000 0.108526 0.000000 0.000000 0.000000 0.000000 0.000000 0.000204 0.000817 0.446262 0.444191 0.000000 0.000000 0.000000 0.000000 0.000000 0.000000
 0.499565 0.000000 0.000000 0.000000 0.000000 0.000000 0.499700 0.000000 0.000000 0.000735 0.000000 0.000000 0.000000 0.000000 0.000000 0.000000 0.000000 0.000000 0.000000 0.000000
 0.499616 0.000000 0.000000 0.000000 0.000000 0.000000 0.000000 0.000000 0.000735 0.000000 0.000000 0.000000 0.000000 0.000000 0.000000 0.499649 0.000000 0.000000 0.000000 0.000000
 0.000000 0.000000 0.000000 0.000000 0.015526 0.000000 0.000000 0.000168 0.000000 0.000000 0.000000 0.000000 0.200413 0.000000 0.367913 0.000000 0.000000 0.367784 0.048196 0.000000
 0.000001 0.000000 0.000000 0.499543 0.000000 0.000000 0.000000 0.000914 0.000000 0.000000 0.000000 0.000000 0.000001 0.000000 0.000000 0.000000 0.000000 0.000000 0.000000 0.499541
 0.000000 0.000000 0.000000 0.000000 0.391034 0.000000 0.000000 0.394489 0.000000 0.000000 0.214476 0.000001 0.000000 0.000000 0.000000 0.000000 0.000000 0.000000 0.000000 0.000000
 0.000000 0.000000 0.177807 0.000000 0.000000 0.412052 0.000000 0.410141 0.000000 0.000000 0.000000 0.000000 0.000000 0.000000 0.000000 0.000000 0.000000 0.000000 0.000000 0.000000
 0.000000 0.467976 0.000000 0.000000 0.000000 0.000000 0.000000 0.000000 0.000000 0.000000 0.467076 0.000000 0.000000 0.000000 0.000000 0.000000 0.000000 0.064948 0.000000 0.000000
 0.000000 0.000000 0.000000 0.000000 0.000000 0.000000 0.000000 0.000000 0.000000 0.500002 0.000000 0.000000 0.000000 0.000000 0.000000 0.000000 0.499998 0.000000 0.000000 0.000000
 0.008144 0.000000 0.000000 0.495930 0.000000 0.000000 0.000000 0.000000 0.000000 0.000000 0.000000 0.000000 0.000000 0.000000 0.000000 0.495926 0.000000 0.000000 0.000000 0.000000
 0.000000 0.000009 0.000000 0.000000 0.000000 0.000000 0.000000 0.000000 0.000000 0.000000 0.466986 0.000000 0.000000 0.000000 0.064958 0.000000 0.000000 0.000000 0.468048 0.000000
 0.000000 0.000000 0.418252 0.000000 0.104620 0.000000 0.000000 0.000000 0.000000 0.000000 0.055169 0.000000 0.000000 0.000000 0.000000 0.000000 0.000000 0.421959 0.000000 0.000000
 0.000000 0.000000 0.000000 0.000000 0.000000 0.500001 0.000000 0.000000 0.000000 0.000000 0.000000 0.499999 0.000000 0.000000 0.000000 0.000000 0.000000 0.000000 0.000000 0.000000
the mean of prob-rank is 1.4736842105263157
the number of false negetive edges is 0
the number of probability greater than 0 is 3.3/edge
