20
 0.000000 0.000000 0.000000 0.000000 0.000000 0.000000 0.000000 0.000000 0.000000 0.000000 0.000000 0.000000 0.493570 0.000000 0.000000 0.493519 0.012911 0.000000 0.000000 0.000000
 0.000000 0.000000 0.000000 0.000000 0.000000 0.000000 0.000000 0.000000 0.000000 0.000000 0.000000 0.000000 0.481951 0.000000 0.000000 0.036083 0.000000 0.000000 0.000000 0.481966
 0.000000 0.000000 0.000000 0.000000 0.500000 0.000000 0.000000 0.500000 0.000000 0.000000 0.000000 0.000000 0.000000 0.000000 0.000000 0.000000 0.000000 0.000000 0.000000 0.000000
 0.000000 0.000000 0.000000 0.000000 0.000000 0.329246 0.000000 0.000000 0.000000 0.000000 0.000000 0.341574 0.000000 0.000000 0.000000 0.000000 0.329180 0.000000 0.000000 0.000000
 0.000000 0.000000 0.500000 0.000000 0.000000 0.000000 0.000000 0.000000 0.000000 0.000000 0.000000 0.000000 0.000000 0.500000 0.000000 0.000000 0.000000 0.000000 0.000000 0.000000
 0.000000 0.000000 0.000000 0.365774 0.000000 0.000000 0.000438 0.000000 0.000000 0.000000 0.000000 0.000000 0.003024 0.000000 0.000000 0.000000 0.251243 0.000000 0.379521 0.000000
 0.000000 0.000000 0.000000 0.000000 0.000000 0.000577 0.000000 0.000000 0.000000 0.000000 0.000000 0.000000 0.000000 0.000000 0.000000 0.000000 0.000000 0.000000 0.499722 0.499701
 0.000000 0.000000 0.500001 0.000000 0.000000 0.000000 0.000000 0.000000 0.499999 0.000000 0.000000 0.000000 0.000000 0.000000 0.000000 0.000000 0.000000 0.000000 0.000000 0.000000
 0.000000 0.000000 0.000000 0.000000 0.000000 0.000000 0.000000 0.499999 0.000000 0.500001 0.000000 0.000000 0.000000 0.000000 0.000000 0.000000 0.000000 0.000000 0.000000 0.000000
 0.000000 0.000000 0.000000 0.000000 0.000000 0.000000 0.000000 0.000000 0.487311 0.000000 0.487250 0.000000 0.000000 0.000000 0.000000 0.000000 0.000000 0.025439 0.000000 0.000000
 0.000000 0.000000 0.000000 0.000000 0.000000 0.000000 0.000000 0.000000 0.000000 0.483029 0.000000 0.033880 0.000000 0.000000 0.000000 0.000000 0.000000 0.483090 0.000000 0.000000
 0.000000 0.000000 0.000000 0.483176 0.000000 0.000000 0.000000 0.000000 0.000000 0.000000 0.033891 0.000000 0.000000 0.000000 0.000000 0.000000 0.000000 0.482933 0.000000 0.000000
 0.498024 0.498009 0.000000 0.000000 0.000000 0.003968 0.000000 0.000000 0.000000 0.000000 0.000000 0.000000 0.000000 0.000000 0.000000 0.000000 0.000000 0.000000 0.000000 0.000000
 0.000000 0.000000 0.000000 0.000000 0.500014 0.000000 0.000000 0.000000 0.000000 0.000000 0.000000 0.000000 0.000000 0.000000 0.499986 0.000000 0.000000 0.000000 0.000000 0.000000
 0.000000 0.000000 0.000000 0.000000 0.000000 0.000000 0.000000 0.000000 0.000000 0.000000 0.000000 0.000000 0.000000 0.399908 0.000000 0.201796 0.398296 0.000000 0.000000 0.000000
 0.418371 0.031325 0.000000 0.000000 0.000000 0.000000 0.000000 0.000000 0.000000 0.000000 0.000000 0.000000 0.000000 0.000000 0.211122 0.000000 0.339182 0.000000 0.000000 0.000000
 0.007564 0.000000 0.000000 0.278630 0.000000 0.191423 0.000000 0.000000 0.000000 0.000000 0.000000 0.000000 0.000000 0.000000 0.287978 0.234405 0.000000 0.000000 0.000000 0.000000
 0.000000 0.000000 0.000000 0.000000 0.000000 0.000000 0.000000 0.000000 0.000000 0.025445 0.487434 0.487120 0.000000 0.000000 0.000000 0.000000 0.000000 0.000000 0.000000 0.000000
 0.000000 0.000000 0.000000 0.000000 0.000000 0.497035 0.497039 0.000000 0.000000 0.000000 0.000000 0.000000 0.000000 0.000000 0.000000 0.000000 0.000000 0.000000 0.000000 0.005926
 0.000000 0.497047 0.000000 0.000000 0.000000 0.000000 0.497027 0.000000 0.000000 0.000000 0.000000 0.000000 0.000000 0.000000 0.000000 0.000000 0.000000 0.000000 0.005926 0.000000
the mean of prob-rank is 1.6842105263157894
the number of false negetive edges is 0
the number of probability greater than 0 is 3.0/edge
