20
 0.000000 0.029526 0.000000 0.000000 0.000000 0.000000 0.000000 0.000000 0.000000 0.000000 0.000000 0.485135 0.000012 0.000180 0.000000 0.485147 0.000000 0.000000 0.000000 0.000000
 0.028425 0.000000 0.000000 0.000000 0.467069 0.000000 0.000000 0.000000 0.000000 0.062146 0.000000 0.000000 0.000000 0.000000 0.000000 0.000088 0.000000 0.000000 0.000000 0.442272
 0.000000 0.000000 0.000000 0.249423 0.000000 0.000001 0.000005 0.000000 0.000000 0.000000 0.000000 0.000000 0.000003 0.001027 0.376078 0.000000 0.000000 0.373464 0.000000 0.000000
 0.000000 0.000000 0.201247 0.000000 0.000000 0.000000 0.000000 0.000000 0.000000 0.000000 0.000000 0.000000 0.222286 0.272878 0.303589 0.000000 0.000000 0.000000 0.000000 0.000000
 0.000000 0.354199 0.000000 0.000000 0.000000 0.000000 0.000000 0.000000 0.000000 0.348758 0.000000 0.000000 0.000000 0.000000 0.000000 0.000000 0.000000 0.000000 0.000000 0.297042
 0.000000 0.000000 0.000001 0.000000 0.000000 0.000000 0.000000 0.499193 0.000000 0.000000 0.000000 0.001612 0.000000 0.000000 0.000000 0.000000 0.000000 0.499194 0.000000 0.000000
 0.000000 0.000000 0.000005 0.000000 0.000000 0.000000 0.000000 0.000000 0.000000 0.000000 0.000000 0.366703 0.350640 0.282651 0.000001 0.000000 0.000000 0.000000 0.000000 0.000000
 0.000000 0.000000 0.000000 0.000000 0.000000 0.499999 0.000000 0.000000 0.000000 0.000000 0.000000 0.000000 0.000000 0.000000 0.000000 0.000000 0.000000 0.000000 0.500001 0.000000
 0.000000 0.000000 0.000000 0.000000 0.000000 0.000000 0.000000 0.000000 0.000000 0.000000 0.500000 0.000000 0.000000 0.000000 0.000000 0.000000 0.500000 0.000000 0.000000 0.000000
 0.000000 0.062613 0.000000 0.000000 0.463351 0.000000 0.000000 0.000000 0.000000 0.000000 0.000000 0.000000 0.000000 0.000000 0.000000 0.000000 0.470583 0.000000 0.000000 0.003453
 0.000000 0.000000 0.000000 0.000000 0.000000 0.000000 0.000000 0.000000 0.500000 0.000000 0.000000 0.000000 0.000000 0.000000 0.000000 0.000000 0.000000 0.000000 0.500000 0.000000
 0.499185 0.000000 0.000000 0.000000 0.000000 0.001612 0.499202 0.000000 0.000000 0.000000 0.000000 0.000000 0.000000 0.000000 0.000000 0.000000 0.000000 0.000000 0.000000 0.000000
 0.000008 0.000000 0.000002 0.226863 0.000000 0.000000 0.296308 0.000000 0.000000 0.000000 0.000000 0.000000 0.000000 0.308898 0.167920 0.000000 0.000000 0.000000 0.000000 0.000000
 0.000106 0.000000 0.000781 0.257371 0.000000 0.000000 0.220735 0.000000 0.000000 0.000000 0.000000 0.000000 0.285465 0.000000 0.235541 0.000000 0.000000 0.000000 0.000000 0.000000
 0.000000 0.000000 0.297113 0.297260 0.000000 0.000000 0.000001 0.000000 0.000000 0.000000 0.000000 0.000000 0.161102 0.244526 0.000000 0.000000 0.000000 0.000000 0.000000 0.000000
 0.499966 0.000095 0.000000 0.000000 0.000000 0.000000 0.000000 0.000000 0.000000 0.000000 0.000000 0.000000 0.000000 0.000000 0.000000 0.000000 0.000000 0.000000 0.000000 0.499939
 0.000000 0.000000 0.000000 0.000000 0.000000 0.000000 0.000000 0.000000 0.500000 0.500000 0.000000 0.000000 0.000000 0.000000 0.000000 0.000000 0.000000 0.000000 0.000000 0.000000
 0.000000 0.000000 0.498099 0.000000 0.000000 0.501901 0.000000 0.000000 0.000000 0.000000 0.000000 0.000000 0.000000 0.000000 0.000000 0.000000 0.000000 0.000000 0.000000 0.000000
 0.000000 0.000000 0.000000 0.000000 0.000000 0.000000 0.000000 0.500000 0.000000 0.000000 0.500000 0.000000 0.000000 0.000000 0.000000 0.000000 0.000000 0.000000 0.000000 0.000000
 0.000000 0.339052 0.000000 0.000000 0.300281 0.000000 0.000000 0.000000 0.000000 0.002627 0.000000 0.000000 0.000000 0.000000 0.000000 0.358039 0.000000 0.000000 0.000000 0.000000
the mean of prob-rank is 1.5263157894736843
the number of false negetive edges is 0
the number of probability greater than 0 is 3.7/edge
