20
 0.000000 0.012420 0.000000 0.000000 0.001230 0.000000 0.000000 0.455213 0.000000 0.000000 0.000000 0.000000 0.000000 0.000000 0.000000 0.074151 0.000000 0.456986 0.000000 0.000000
 0.012281 0.000000 0.000000 0.000000 0.000000 0.000000 0.000000 0.084441 0.000000 0.451932 0.000000 0.000000 0.000000 0.000000 0.000000 0.451345 0.000000 0.000000 0.000000 0.000000
 0.000000 0.000000 0.000000 0.000000 0.000000 0.000000 0.000000 0.000000 0.000000 0.000000 0.000000 0.500000 0.000000 0.000000 0.000000 0.000000 0.000000 0.000000 0.000000 0.500000
 0.000000 0.000000 0.000000 0.000000 0.000000 0.000000 0.000000 0.000000 0.000000 0.000800 0.499622 0.000000 0.499578 0.000000 0.000000 0.000000 0.000000 0.000000 0.000000 0.000000
 0.001344 0.000000 0.000000 0.000000 0.000000 0.000000 0.499340 0.000000 0.000000 0.000000 0.000000 0.000000 0.000000 0.000000 0.000000 0.000000 0.000000 0.499316 0.000000 0.000000
 0.000000 0.000000 0.000000 0.000000 0.000000 0.000000 0.000000 0.000000 0.000000 0.000008 0.000000 0.000000 0.499996 0.000000 0.000000 0.000000 0.499996 0.000000 0.000000 0.000000
 0.000000 0.000000 0.000000 0.000000 0.500000 0.000000 0.000000 0.000000 0.000000 0.000000 0.000000 0.500000 0.000000 0.000000 0.000000 0.000000 0.000000 0.000000 0.000000 0.000000
 0.454984 0.085348 0.000000 0.000000 0.000000 0.000000 0.000000 0.000000 0.000000 0.000000 0.000000 0.000000 0.000000 0.000000 0.000000 0.456779 0.000000 0.002888 0.000000 0.000000
 0.000000 0.000000 0.000000 0.000000 0.000000 0.000000 0.000000 0.000000 0.000000 0.000000 0.000000 0.000000 0.000000 0.500000 0.500000 0.000000 0.000000 0.000000 0.000000 0.000000
 0.000000 0.499482 0.000000 0.000800 0.000000 0.000008 0.000000 0.000000 0.000000 0.000000 0.000000 0.000000 0.000340 0.000000 0.000000 0.000000 0.499371 0.000000 0.000000 0.000000
 0.000000 0.000000 0.000000 0.500003 0.000000 0.000000 0.000000 0.000000 0.000000 0.000000 0.000000 0.000000 0.000000 0.000000 0.000000 0.000000 0.000000 0.000000 0.499997 0.000000
 0.000000 0.000000 0.500000 0.000000 0.000000 0.000000 0.500000 0.000000 0.000000 0.000000 0.000000 0.000000 0.000000 0.000000 0.000000 0.000000 0.000000 0.000000 0.000000 0.000000
 0.000000 0.000000 0.000000 0.499548 0.000000 0.499591 0.000000 0.000000 0.000000 0.000340 0.000000 0.000000 0.000000 0.000000 0.000000 0.000000 0.000521 0.000000 0.000000 0.000000
 0.000000 0.000000 0.000000 0.000000 0.000000 0.000000 0.000000 0.000000 0.500000 0.000000 0.000000 0.000000 0.000000 0.000000 0.000000 0.000000 0.000000 0.000000 0.500000 0.000000
 0.000000 0.000000 0.000000 0.000000 0.000000 0.000000 0.000000 0.000000 0.500001 0.000000 0.000000 0.000000 0.000000 0.000000 0.000000 0.000000 0.000000 0.000000 0.000000 0.499999
 0.075083 0.462162 0.000000 0.000000 0.000000 0.000000 0.000000 0.462753 0.000000 0.000000 0.000000 0.000000 0.000000 0.000000 0.000000 0.000000 0.000000 0.000002 0.000000 0.000000
 0.000000 0.000000 0.000000 0.000000 0.000000 0.498998 0.000000 0.000000 0.000000 0.498887 0.000000 0.000000 0.000521 0.000000 0.000000 0.000000 0.000000 0.001594 0.000000 0.000000
 0.497624 0.000000 0.000000 0.000000 0.497637 0.000000 0.000000 0.003146 0.000000 0.000000 0.000000 0.000000 0.000000 0.000000 0.000000 0.000002 0.001590 0.000000 0.000000 0.000000
 0.000000 0.000000 0.000000 0.000000 0.000000 0.000000 0.000000 0.000000 0.000000 0.000000 0.499997 0.000000 0.000000 0.500003 0.000000 0.000000 0.000000 0.000000 0.000000 0.000000
 0.000000 0.000000 0.500001 0.000000 0.000000 0.000000 0.000000 0.000000 0.000000 0.000000 0.000000 0.000000 0.000000 0.000000 0.499999 0.000000 0.000000 0.000000 0.000000 0.000000
the mean of prob-rank is 1.4736842105263157
the number of false negetive edges is 0
the number of probability greater than 0 is 3.1/edge
