20
 0.000000 0.000000 0.000000 0.000000 0.264834 0.041219 0.002143 0.392736 0.000000 0.000000 0.000000 0.000000 0.000001 0.000000 0.299067 0.000000 0.000000 0.000000 0.000000 0.000000
 0.000000 0.000000 0.000000 0.500000 0.000000 0.000000 0.000000 0.000000 0.500000 0.000000 0.000000 0.000000 0.000000 0.000000 0.000000 0.000000 0.000000 0.000000 0.000000 0.000000
 0.000000 0.000000 0.000000 0.500000 0.000000 0.000000 0.500000 0.000000 0.000000 0.000000 0.000000 0.000000 0.000000 0.000000 0.000000 0.000000 0.000000 0.000000 0.000000 0.000000
 0.000000 0.500000 0.500000 0.000000 0.000000 0.000000 0.000000 0.000000 0.000000 0.000000 0.000000 0.000000 0.000000 0.000000 0.000000 0.000000 0.000000 0.000000 0.000000 0.000000
 0.233091 0.000000 0.000000 0.000000 0.000000 0.331788 0.000000 0.000000 0.000000 0.000000 0.000000 0.000000 0.044484 0.000000 0.346119 0.044518 0.000000 0.000000 0.000000 0.000000
 0.035551 0.000000 0.000000 0.000000 0.325137 0.000000 0.000000 0.000000 0.000000 0.000000 0.000000 0.000000 0.327655 0.000000 0.311657 0.000000 0.000000 0.000000 0.000000 0.000000
 0.002717 0.000000 0.498655 0.000000 0.000000 0.000000 0.000000 0.498628 0.000000 0.000000 0.000000 0.000000 0.000000 0.000000 0.000000 0.000000 0.000000 0.000000 0.000000 0.000000
 0.482444 0.000000 0.000000 0.000000 0.000000 0.000000 0.483056 0.000000 0.000000 0.000000 0.000000 0.000000 0.000001 0.000000 0.000000 0.000000 0.000000 0.017092 0.000000 0.017407
 0.000000 0.500001 0.000000 0.000000 0.000000 0.000000 0.000000 0.000000 0.000000 0.000000 0.000000 0.000000 0.000000 0.000000 0.000000 0.000000 0.000000 0.000000 0.499999 0.000000
 0.000000 0.000000 0.000000 0.000000 0.000000 0.000000 0.000000 0.000000 0.000000 0.000000 0.000697 0.000000 0.000000 0.000000 0.000000 0.000000 0.499651 0.000000 0.499653 0.000000
 0.000000 0.000000 0.000000 0.000000 0.000000 0.000000 0.000000 0.000000 0.000000 0.000697 0.000000 0.000000 0.000000 0.000000 0.000000 0.000000 0.499663 0.499640 0.000000 0.000000
 0.000000 0.000000 0.000000 0.000000 0.000000 0.000000 0.000000 0.000000 0.000000 0.000000 0.000000 0.000000 0.000000 0.500000 0.000000 0.000000 0.000000 0.000000 0.000000 0.500000
 0.000001 0.000000 0.000000 0.000000 0.048546 0.364892 0.000000 0.000001 0.000000 0.000000 0.000000 0.000000 0.000000 0.005080 0.204076 0.377405 0.000000 0.000000 0.000000 0.000000
 0.000000 0.000000 0.000000 0.000000 0.000000 0.000000 0.000000 0.000000 0.000000 0.000000 0.000000 0.496667 0.006680 0.000000 0.000000 0.496653 0.000000 0.000000 0.000000 0.000000
 0.236206 0.000000 0.000000 0.000000 0.310596 0.285391 0.000000 0.000000 0.000000 0.000000 0.000000 0.000000 0.167806 0.000000 0.000000 0.000000 0.000000 0.000000 0.000000 0.000000
 0.000000 0.000000 0.000000 0.000000 0.060450 0.000000 0.000000 0.000000 0.000000 0.000000 0.000000 0.000000 0.469581 0.469969 0.000000 0.000000 0.000000 0.000000 0.000000 0.000000
 0.000000 0.000000 0.000000 0.000000 0.000000 0.000000 0.000000 0.000000 0.000000 0.499999 0.500001 0.000000 0.000000 0.000000 0.000000 0.000000 0.000000 0.000000 0.000000 0.000000
 0.000000 0.000000 0.000000 0.000000 0.000000 0.000000 0.000000 0.017384 0.000000 0.000000 0.491322 0.000000 0.000000 0.000000 0.000000 0.000000 0.000000 0.000000 0.000000 0.491294
 0.000000 0.000000 0.000000 0.000000 0.000000 0.000000 0.000000 0.000000 0.499999 0.500001 0.000000 0.000000 0.000000 0.000000 0.000000 0.000000 0.000000 0.000000 0.000000 0.000000
 0.000000 0.000000 0.000000 0.000000 0.000000 0.000000 0.000000 0.017699 0.000000 0.000000 0.000000 0.491176 0.000000 0.000000 0.000000 0.000000 0.000000 0.491125 0.000000 0.000000
the mean of prob-rank is 1.4736842105263157
the number of false negetive edges is 0
the number of probability greater than 0 is 3.1/edge
