20
 0.000000 0.000000 0.000000 0.000000 0.000000 0.000000 0.000000 0.000000 0.500025 0.000000 0.000000 0.000000 0.000000 0.000000 0.000000 0.000000 0.000000 0.000000 0.499975 0.000000
 0.000000 0.000000 0.000000 0.463872 0.000000 0.074705 0.000000 0.000000 0.000000 0.000000 0.000000 0.000000 0.000000 0.000000 0.000000 0.461423 0.000000 0.000000 0.000000 0.000000
 0.000000 0.000000 0.000000 0.012618 0.000001 0.492608 0.000000 0.001930 0.000000 0.000000 0.000000 0.000000 0.000000 0.000000 0.000000 0.000000 0.000000 0.000000 0.000000 0.492843
 0.000000 0.495384 0.012683 0.000000 0.000000 0.491933 0.000000 0.000000 0.000000 0.000000 0.000000 0.000000 0.000001 0.000000 0.000000 0.000000 0.000000 0.000000 0.000000 0.000000
 0.000000 0.000000 0.000001 0.000000 0.000000 0.000000 0.320383 0.000000 0.302107 0.000000 0.000000 0.000000 0.000000 0.000000 0.000000 0.000000 0.092341 0.285169 0.000000 0.000000
 0.000000 0.071372 0.442971 0.440091 0.000000 0.000000 0.000000 0.000000 0.000000 0.000000 0.000000 0.000000 0.000000 0.000000 0.000000 0.045567 0.000000 0.000000 0.000000 0.000000
 0.000000 0.000000 0.000000 0.000000 0.370643 0.000000 0.000000 0.000000 0.000000 0.000000 0.000000 0.000000 0.000000 0.000000 0.000000 0.000000 0.371722 0.257635 0.000000 0.000000
 0.000000 0.000000 0.001954 0.000000 0.000000 0.000000 0.000000 0.000000 0.000000 0.499023 0.000000 0.000000 0.000000 0.000000 0.000000 0.000000 0.000000 0.000000 0.000000 0.499023
 0.378485 0.000000 0.000000 0.000000 0.355860 0.000000 0.000000 0.000000 0.000000 0.000000 0.000000 0.000000 0.000000 0.000000 0.000000 0.000000 0.265655 0.000000 0.000000 0.000000
 0.000000 0.000000 0.000000 0.000000 0.000000 0.000000 0.000000 0.499043 0.000000 0.000000 0.000000 0.499043 0.000000 0.000000 0.000000 0.000000 0.000000 0.000000 0.000000 0.001913
 0.000000 0.000000 0.000000 0.000000 0.000000 0.000000 0.000000 0.000000 0.000000 0.000000 0.000000 0.019796 0.021697 0.479441 0.000000 0.000000 0.000000 0.000000 0.479066 0.000000
 0.000000 0.000000 0.000000 0.000000 0.000000 0.000000 0.000000 0.000000 0.000000 0.489970 0.020213 0.000000 0.489816 0.000000 0.000000 0.000000 0.000000 0.000000 0.000000 0.000000
 0.000000 0.000000 0.000000 0.000000 0.000000 0.000000 0.000000 0.000000 0.000000 0.000000 0.022112 0.488867 0.000000 0.489021 0.000000 0.000000 0.000000 0.000000 0.000000 0.000000
 0.000000 0.000000 0.000000 0.000000 0.000000 0.000000 0.000000 0.000000 0.000000 0.000000 0.495164 0.000000 0.495592 0.000000 0.000000 0.000000 0.000000 0.000000 0.009244 0.000000
 0.000000 0.000000 0.000000 0.000000 0.000000 0.000000 0.000000 0.000000 0.000000 0.000000 0.000000 0.000000 0.000000 0.000000 0.000000 0.469774 0.061685 0.468541 0.000000 0.000000
 0.000000 0.474231 0.000000 0.000000 0.000000 0.049018 0.000000 0.000000 0.000000 0.000000 0.000000 0.000000 0.000000 0.000000 0.476751 0.000000 0.000000 0.000000 0.000000 0.000000
 0.000000 0.000000 0.000000 0.000000 0.099622 0.000000 0.346649 0.000000 0.243309 0.000000 0.000000 0.000000 0.000000 0.000000 0.045518 0.000000 0.000000 0.264902 0.000000 0.000000
 0.000000 0.000000 0.000000 0.000000 0.265549 0.000000 0.207377 0.000000 0.000000 0.000000 0.000000 0.000000 0.000000 0.000000 0.298424 0.000000 0.228649 0.000000 0.000000 0.000000
 0.495759 0.000000 0.000000 0.000000 0.000000 0.000000 0.000000 0.000000 0.000000 0.000000 0.494993 0.000000 0.000000 0.009248 0.000000 0.000000 0.000000 0.000000 0.000000 0.000000
 0.000000 0.000000 0.499044 0.000000 0.000000 0.000000 0.000000 0.499043 0.000000 0.001913 0.000000 0.000000 0.000000 0.000000 0.000000 0.000000 0.000000 0.000000 0.000000 0.000000
the mean of prob-rank is 1.4736842105263157
the number of false negetive edges is 0
the number of probability greater than 0 is 3.35/edge
