20
 0.000000 0.000805 0.000000 0.000000 0.000000 0.000000 0.000000 0.000000 0.289445 0.000000 0.000000 0.000000 0.349702 0.000000 0.000000 0.000000 0.000000 0.000000 0.000000 0.360047
 0.000562 0.000000 0.202903 0.000000 0.000000 0.000000 0.000000 0.000000 0.000000 0.000000 0.000000 0.165973 0.184984 0.194218 0.000000 0.000000 0.251360 0.000000 0.000000 0.000000
 0.000000 0.234718 0.000000 0.187759 0.000000 0.000000 0.000000 0.000001 0.000000 0.000000 0.000000 0.000000 0.000000 0.287218 0.000480 0.000000 0.289824 0.000000 0.000000 0.000000
 0.000000 0.000000 0.215810 0.000000 0.000000 0.334260 0.000000 0.000000 0.000000 0.000000 0.000000 0.000000 0.000000 0.000013 0.315460 0.000000 0.134458 0.000000 0.000000 0.000000
 0.000000 0.000000 0.000000 0.000000 0.000000 0.000000 0.000000 0.000000 0.000000 0.000000 0.499739 0.000000 0.000000 0.000000 0.000000 0.000000 0.000000 0.000000 0.000566 0.499695
 0.000000 0.000000 0.000000 0.499982 0.000000 0.000000 0.000000 0.000000 0.000000 0.499995 0.000000 0.000000 0.000000 0.000000 0.000023 0.000000 0.000000 0.000000 0.000000 0.000000
 0.000000 0.000000 0.000000 0.000000 0.000000 0.000000 0.000000 0.471576 0.000000 0.000001 0.000000 0.000001 0.000000 0.056934 0.471488 0.000000 0.000000 0.000000 0.000000 0.000000
 0.000000 0.000000 0.000002 0.000000 0.000000 0.000000 0.377914 0.000000 0.008252 0.001884 0.000000 0.358567 0.003078 0.249138 0.001163 0.000000 0.000000 0.000000 0.000000 0.000000
 0.290367 0.000000 0.000000 0.000000 0.000000 0.000000 0.000000 0.007887 0.000000 0.000000 0.000000 0.358320 0.338993 0.000000 0.000000 0.000000 0.000000 0.000003 0.004430 0.000000
 0.000000 0.000000 0.000000 0.000000 0.000000 0.493220 0.000001 0.002459 0.000000 0.000000 0.000000 0.000000 0.000000 0.000000 0.000000 0.011135 0.000000 0.493185 0.000000 0.000000
 0.000000 0.000000 0.000000 0.000000 0.500001 0.000000 0.000000 0.000000 0.000000 0.000000 0.000000 0.000000 0.000000 0.000000 0.000000 0.000000 0.000000 0.000000 0.499999 0.000000
 0.000000 0.188101 0.000000 0.000000 0.000000 0.000000 0.000000 0.270332 0.282652 0.000000 0.000000 0.000000 0.253879 0.004860 0.000000 0.000000 0.000000 0.000176 0.000000 0.000000
 0.273994 0.207571 0.000000 0.000000 0.000000 0.000000 0.000000 0.002298 0.264760 0.000000 0.000000 0.251366 0.000000 0.000010 0.000000 0.000000 0.000000 0.000000 0.000000 0.000000
 0.000000 0.226812 0.289956 0.000011 0.000000 0.000000 0.035446 0.193549 0.000000 0.000000 0.000000 0.005008 0.000010 0.000000 0.248023 0.000000 0.001183 0.000000 0.000000 0.000000
 0.000000 0.000000 0.000591 0.337880 0.000000 0.000016 0.357957 0.001102 0.000000 0.000000 0.000000 0.000000 0.000000 0.302454 0.000000 0.000000 0.000000 0.000000 0.000000 0.000000
 0.000000 0.000000 0.000000 0.000000 0.000000 0.000000 0.000000 0.000000 0.000000 0.011163 0.000000 0.000000 0.000000 0.000000 0.000000 0.000000 0.000000 0.494437 0.494401 0.000000
 0.000000 0.416132 0.414775 0.167416 0.000000 0.000000 0.000000 0.000000 0.000000 0.000000 0.000000 0.000000 0.000000 0.001677 0.000000 0.000000 0.000000 0.000000 0.000000 0.000000
 0.000000 0.000000 0.000000 0.000000 0.000000 0.000000 0.000000 0.000000 0.000004 0.499826 0.000000 0.000308 0.000000 0.000000 0.000000 0.499862 0.000000 0.000000 0.000000 0.000000
 0.000000 0.000000 0.000000 0.000000 0.000563 0.000000 0.000000 0.000000 0.006091 0.000000 0.496691 0.000000 0.000000 0.000000 0.000000 0.496655 0.000000 0.000000 0.000000 0.000000
 0.500022 0.000000 0.000000 0.000000 0.499978 0.000000 0.000000 0.000000 0.000000 0.000000 0.000000 0.000000 0.000000 0.000000 0.000000 0.000000 0.000000 0.000000 0.000000 0.000000
the mean of prob-rank is 1.7894736842105263
the number of false negetive edges is 0
the number of probability greater than 0 is 4.8/edge
