20
 0.000000 0.313738 0.000000 0.000145 0.000055 0.000000 0.000000 0.000000 0.000000 0.350168 0.000000 0.000140 0.000000 0.000000 0.000000 0.000000 0.000000 0.335754 0.000000 0.000000
 0.241823 0.000000 0.269903 0.000000 0.000000 0.000000 0.000000 0.000000 0.000000 0.001171 0.000000 0.211499 0.000000 0.000000 0.000000 0.041712 0.000000 0.233828 0.000000 0.000063
 0.000000 0.489134 0.000000 0.000000 0.000000 0.024776 0.000000 0.000000 0.000000 0.000000 0.000000 0.486086 0.000000 0.000000 0.000000 0.000000 0.000003 0.000000 0.000000 0.000000
 0.000205 0.000000 0.000000 0.000000 0.000000 0.000000 0.000000 0.494314 0.000000 0.011139 0.000000 0.000000 0.000000 0.000000 0.000000 0.000000 0.494342 0.000000 0.000000 0.000000
 0.000071 0.000000 0.000000 0.000000 0.000000 0.000000 0.000000 0.000000 0.000000 0.447429 0.448231 0.000000 0.000000 0.000000 0.059097 0.000000 0.000000 0.045158 0.000000 0.000014
 0.000000 0.000000 0.024751 0.000000 0.000000 0.000000 0.000000 0.000000 0.000000 0.000000 0.000000 0.000001 0.000001 0.488623 0.000000 0.000000 0.486624 0.000000 0.000000 0.000000
 0.000000 0.000000 0.000000 0.000000 0.000000 0.000000 0.000000 0.000000 0.498010 0.000000 0.000000 0.000000 0.000000 0.000000 0.498006 0.000000 0.000000 0.000000 0.000000 0.003984
 0.000000 0.000000 0.000000 0.456142 0.000000 0.000000 0.000000 0.000000 0.000000 0.000000 0.000000 0.456132 0.000000 0.000000 0.000000 0.000000 0.087726 0.000000 0.000000 0.000000
 0.000000 0.000000 0.000000 0.000000 0.000000 0.000000 0.498338 0.000000 0.000000 0.000000 0.000000 0.000000 0.498334 0.000000 0.000000 0.000000 0.000000 0.000000 0.000000 0.003327
 0.468411 0.002033 0.000000 0.010554 0.467573 0.000000 0.000000 0.000000 0.000000 0.000000 0.000000 0.000000 0.000000 0.000000 0.000000 0.000000 0.000000 0.051429 0.000000 0.000000
 0.000000 0.000000 0.000000 0.000000 0.326337 0.000000 0.000000 0.000000 0.000000 0.000000 0.000000 0.000000 0.000000 0.000000 0.001613 0.263933 0.000000 0.249535 0.000000 0.158582
 0.000144 0.281928 0.357540 0.000000 0.000000 0.000001 0.000000 0.359754 0.000000 0.000000 0.000000 0.000000 0.000000 0.000000 0.000000 0.000000 0.000633 0.000000 0.000000 0.000000
 0.000000 0.000000 0.000000 0.000000 0.000000 0.000001 0.000000 0.000000 0.499998 0.000000 0.000000 0.000000 0.000000 0.000000 0.000000 0.000000 0.000000 0.000000 0.500001 0.000000
 0.000000 0.000000 0.000000 0.000000 0.000000 0.499997 0.000000 0.000000 0.000000 0.000000 0.000000 0.000000 0.000000 0.000000 0.000000 0.000000 0.000000 0.000000 0.500003 0.000000
 0.000000 0.000000 0.000000 0.000000 0.061761 0.000000 0.468428 0.000000 0.000000 0.000000 0.002316 0.000000 0.000000 0.000000 0.000000 0.000000 0.000000 0.000000 0.000000 0.467496
 0.000000 0.052468 0.000000 0.000000 0.000000 0.000000 0.000000 0.000000 0.000000 0.000000 0.274580 0.000000 0.000000 0.000000 0.000000 0.000000 0.000000 0.333454 0.000000 0.339498
 0.000000 0.000000 0.000003 0.456627 0.000000 0.454752 0.000000 0.087814 0.000000 0.000000 0.000000 0.000804 0.000000 0.000000 0.000000 0.000000 0.000000 0.000000 0.000000 0.000000
 0.250469 0.226307 0.000000 0.000000 0.026317 0.000000 0.000000 0.000000 0.000000 0.028681 0.199744 0.000000 0.000000 0.000000 0.000000 0.256569 0.000000 0.000000 0.000000 0.011912
 0.000000 0.000000 0.000000 0.000000 0.000000 0.000000 0.000000 0.000000 0.000000 0.000000 0.000000 0.000000 0.500000 0.500000 0.000000 0.000000 0.000000 0.000000 0.000000 0.000000
 0.000000 0.000092 0.000000 0.000000 0.000012 0.000000 0.003144 0.000000 0.002624 0.000000 0.190980 0.000000 0.000000 0.000000 0.392223 0.393003 0.000000 0.017922 0.000000 0.000000
the mean of prob-rank is 1.631578947368421
the number of false negetive edges is 0
the number of probability greater than 0 is 4.5/edge
