20
 0.000000 0.000000 0.000000 0.000015 0.000000 0.000000 0.329220 0.315164 0.000000 0.000000 0.000000 0.000000 0.000900 0.350412 0.000001 0.000000 0.000000 0.000000 0.000000 0.004287
 0.000000 0.000000 0.000000 0.000000 0.492183 0.000000 0.000000 0.000000 0.000000 0.000000 0.000000 0.000000 0.000000 0.002753 0.013279 0.491784 0.000000 0.000000 0.000000 0.000000
 0.000000 0.000000 0.000000 0.000000 0.000000 0.500000 0.000000 0.000000 0.000000 0.000000 0.000000 0.000000 0.000000 0.000000 0.000000 0.000000 0.000000 0.500000 0.000000 0.000000
 0.000015 0.000000 0.000000 0.000000 0.000000 0.000000 0.333798 0.000000 0.337785 0.000000 0.000000 0.000000 0.000000 0.000241 0.000000 0.000000 0.000000 0.000000 0.000000 0.328160
 0.000000 0.499999 0.000000 0.000000 0.000000 0.500001 0.000000 0.000000 0.000000 0.000000 0.000000 0.000000 0.000000 0.000000 0.000000 0.000000 0.000000 0.000000 0.000000 0.000000
 0.000000 0.000000 0.500000 0.000000 0.500000 0.000000 0.000000 0.000000 0.000000 0.000000 0.000000 0.000000 0.000000 0.000000 0.000000 0.000000 0.000000 0.000000 0.000000 0.000000
 0.275014 0.000000 0.000000 0.289244 0.000000 0.000000 0.000000 0.095855 0.002920 0.000000 0.000000 0.000000 0.000140 0.079624 0.000000 0.000000 0.000000 0.000000 0.000000 0.257203
 0.344212 0.000000 0.000000 0.000000 0.000000 0.000000 0.125325 0.000000 0.000000 0.000000 0.114743 0.000000 0.382708 0.031294 0.000000 0.001718 0.000000 0.000000 0.000000 0.000000
 0.000000 0.000000 0.000000 0.438156 0.000000 0.000000 0.004371 0.000000 0.000000 0.000000 0.437477 0.000000 0.000000 0.000000 0.000000 0.000000 0.000001 0.000000 0.000000 0.119995
 0.000000 0.000000 0.000000 0.000000 0.000000 0.000000 0.000000 0.000000 0.000000 0.000000 0.000000 0.499713 0.000000 0.000000 0.000000 0.000000 0.499689 0.000000 0.000000 0.000598
 0.000000 0.000000 0.000000 0.000000 0.000000 0.000000 0.000000 0.130686 0.435182 0.000000 0.000000 0.000000 0.000000 0.000000 0.000000 0.000000 0.434133 0.000000 0.000000 0.000000
 0.000000 0.000000 0.000000 0.000000 0.000000 0.000000 0.000000 0.000000 0.000000 0.476325 0.000000 0.000000 0.000000 0.000000 0.000000 0.000000 0.000000 0.000000 0.476322 0.047353
 0.001258 0.000000 0.000000 0.000000 0.000000 0.000000 0.000234 0.489775 0.000000 0.000000 0.000000 0.000000 0.000000 0.001211 0.489638 0.017884 0.000000 0.000000 0.000000 0.000000
 0.423827 0.002371 0.000000 0.000303 0.000000 0.000000 0.115288 0.034657 0.000000 0.000000 0.000000 0.000000 0.001048 0.000000 0.000932 0.000000 0.000000 0.000000 0.000000 0.421575
 0.000001 0.013298 0.000000 0.000000 0.000000 0.000000 0.000000 0.000000 0.000000 0.000000 0.000000 0.000000 0.492740 0.001084 0.000000 0.492877 0.000000 0.000000 0.000000 0.000000
 0.000000 0.489752 0.000000 0.000000 0.000000 0.000000 0.000000 0.002200 0.000000 0.000000 0.000000 0.000000 0.017898 0.000000 0.490151 0.000000 0.000000 0.000000 0.000000 0.000000
 0.000000 0.000000 0.000000 0.000000 0.000000 0.000000 0.000000 0.000000 0.000001 0.465923 0.464078 0.000000 0.000000 0.000000 0.000000 0.000000 0.000000 0.000000 0.000952 0.069046
 0.000000 0.000000 0.500000 0.000000 0.000000 0.000000 0.000000 0.000000 0.000000 0.000000 0.000000 0.000000 0.000000 0.000000 0.000000 0.000000 0.000000 0.000000 0.500000 0.000000
 0.000000 0.000000 0.000000 0.000000 0.000000 0.000000 0.000000 0.000000 0.000000 0.000000 0.000000 0.499486 0.000000 0.000000 0.000000 0.000000 0.001021 0.499493 0.000000 0.000000
 0.003620 0.000000 0.000000 0.287438 0.000000 0.000000 0.259988 0.000000 0.081028 0.000354 0.000000 0.029415 0.000000 0.294313 0.000000 0.000000 0.043845 0.000000 0.000000 0.000000
the mean of prob-rank is 1.8421052631578947
the number of false negetive edges is 0
the number of probability greater than 0 is 4.35/edge
