20
 0.000000 0.377015 0.000000 0.000000 0.000000 0.000000 0.000000 0.000000 0.377556 0.000000 0.000000 0.000113 0.000001 0.245314 0.000000 0.000000 0.000000 0.000000 0.000000 0.000000
 0.353792 0.000000 0.000000 0.000000 0.000000 0.000000 0.000000 0.000000 0.007187 0.000000 0.000000 0.348397 0.000000 0.290623 0.000000 0.000000 0.000000 0.000000 0.000000 0.000000
 0.000000 0.000000 0.000000 0.000000 0.000000 0.000000 0.000000 0.000000 0.000000 0.000000 0.000000 0.000000 0.000000 0.000000 0.000000 0.000000 0.000000 0.499810 0.000364 0.499827
 0.000000 0.000000 0.000000 0.000000 0.000000 0.500000 0.500000 0.000000 0.000000 0.000000 0.000000 0.000000 0.000000 0.000000 0.000000 0.000000 0.000000 0.000000 0.000000 0.000000
 0.000000 0.000000 0.000000 0.000000 0.000000 0.000000 0.500001 0.000000 0.000000 0.000000 0.499999 0.000000 0.000000 0.000000 0.000000 0.000000 0.000000 0.000000 0.000000 0.000000
 0.000000 0.000000 0.000000 0.500001 0.000000 0.000000 0.000000 0.000000 0.000000 0.000000 0.000000 0.000000 0.000000 0.000000 0.000000 0.000000 0.000000 0.000000 0.499999 0.000000
 0.000000 0.000000 0.000000 0.500000 0.500000 0.000000 0.000000 0.000000 0.000000 0.000000 0.000000 0.000000 0.000000 0.000000 0.000000 0.000000 0.000000 0.000000 0.000000 0.000000
 0.000000 0.000000 0.000000 0.000000 0.000000 0.000000 0.000000 0.000000 0.000000 0.000000 0.000000 0.000000 0.000000 0.279774 0.349340 0.370886 0.000000 0.000000 0.000000 0.000000
 0.494989 0.010041 0.000000 0.000000 0.000000 0.000000 0.000000 0.000000 0.000000 0.000000 0.000000 0.000000 0.494970 0.000000 0.000000 0.000000 0.000000 0.000000 0.000000 0.000000
 0.000000 0.000000 0.000000 0.000000 0.000000 0.000000 0.000000 0.000000 0.000000 0.000000 0.000000 0.430158 0.000000 0.428990 0.000000 0.140852 0.000000 0.000000 0.000000 0.000000
 0.000000 0.000000 0.000000 0.000000 0.500000 0.000000 0.000000 0.000000 0.000000 0.000000 0.000000 0.000000 0.000000 0.000000 0.000000 0.000000 0.500000 0.000000 0.000000 0.000000
 0.000145 0.475949 0.000000 0.000000 0.000000 0.000000 0.000000 0.000000 0.000000 0.484010 0.000000 0.000000 0.000000 0.039890 0.000000 0.000006 0.000000 0.000000 0.000000 0.000000
 0.000002 0.000000 0.000000 0.000000 0.000000 0.000000 0.000000 0.000000 0.499990 0.000000 0.000000 0.000000 0.000000 0.000000 0.000000 0.000000 0.500008 0.000000 0.000000 0.000000
 0.167654 0.211656 0.000000 0.000000 0.000000 0.000000 0.000000 0.194641 0.000000 0.257329 0.000000 0.021266 0.000000 0.000000 0.000000 0.147454 0.000000 0.000000 0.000000 0.000000
 0.000000 0.000000 0.000000 0.000000 0.000000 0.000000 0.000000 0.325280 0.000000 0.000000 0.000000 0.000000 0.000000 0.000000 0.000000 0.329417 0.000000 0.000000 0.000000 0.345303
 0.000000 0.000000 0.000000 0.000000 0.000000 0.000000 0.000000 0.346344 0.000000 0.113408 0.000000 0.000004 0.000000 0.197923 0.330373 0.000000 0.000000 0.000000 0.000000 0.011947
 0.000000 0.000000 0.000000 0.000000 0.000000 0.000000 0.000000 0.000000 0.000000 0.000000 0.499999 0.000000 0.500001 0.000000 0.000000 0.000000 0.000000 0.000000 0.000000 0.000000
 0.000000 0.000000 0.499992 0.000000 0.000000 0.000000 0.000000 0.000000 0.000000 0.000000 0.000000 0.000000 0.000000 0.000000 0.000000 0.000000 0.000000 0.000000 0.500008 0.000000
 0.000000 0.000000 0.000364 0.000000 0.000000 0.499817 0.000000 0.000000 0.000000 0.000000 0.000000 0.000000 0.000000 0.000000 0.000000 0.000000 0.000000 0.499819 0.000000 0.000000
 0.000000 0.000000 0.491553 0.000000 0.000000 0.000000 0.000000 0.000000 0.000000 0.000000 0.000000 0.000000 0.000000 0.000000 0.491491 0.016956 0.000000 0.000000 0.000000 0.000000
the mean of prob-rank is 1.6842105263157894
the number of false negetive edges is 0
the number of probability greater than 0 is 3.2/edge
