20
 0.000000 0.499999 0.000000 0.000000 0.000001 0.499999 0.000000 0.000000 0.000000 0.000000 0.000000 0.000000 0.000000 0.000001 0.000000 0.000000 0.000000 0.000000 0.000000 0.000000
 0.499883 0.000000 0.000000 0.000000 0.000000 0.000000 0.000000 0.000000 0.000000 0.000000 0.000000 0.000000 0.000000 0.499731 0.000000 0.000000 0.000000 0.000000 0.000000 0.000386
 0.000000 0.000000 0.000000 0.000000 0.000000 0.000000 0.000000 0.000000 0.000000 0.000000 0.496108 0.000000 0.000000 0.000000 0.000000 0.000000 0.000000 0.496093 0.007798 0.000000
 0.000000 0.000000 0.000000 0.000000 0.000000 0.000000 0.000000 0.000000 0.500005 0.499984 0.000000 0.000000 0.000000 0.000007 0.000000 0.000000 0.000000 0.000004 0.000000 0.000000
 0.000001 0.000000 0.000000 0.000000 0.000000 0.500000 0.499999 0.000000 0.000000 0.000000 0.000000 0.000000 0.000000 0.000000 0.000000 0.000000 0.000000 0.000000 0.000000 0.000000
 0.500000 0.000000 0.000000 0.000000 0.500000 0.000000 0.000000 0.000000 0.000000 0.000000 0.000000 0.000000 0.000000 0.000000 0.000000 0.000000 0.000000 0.000000 0.000000 0.000000
 0.000000 0.000000 0.000000 0.000000 0.500000 0.000000 0.000000 0.000000 0.000000 0.000000 0.000000 0.000000 0.000000 0.000000 0.000000 0.500000 0.000000 0.000000 0.000000 0.000000
 0.000000 0.000000 0.000000 0.000000 0.000000 0.000000 0.000000 0.000000 0.000000 0.000000 0.000000 0.000040 0.000000 0.000000 0.000001 0.000000 0.499986 0.000000 0.000000 0.499973
 0.000000 0.000000 0.000000 0.500000 0.000000 0.000000 0.000000 0.000000 0.000000 0.000000 0.000000 0.000000 0.000000 0.500000 0.000000 0.000000 0.000000 0.000000 0.000000 0.000000
 0.000000 0.000000 0.000000 0.499844 0.000000 0.000000 0.000000 0.000000 0.000000 0.000000 0.000000 0.000000 0.000000 0.000277 0.000000 0.000000 0.000015 0.000000 0.499864 0.000000
 0.000000 0.000000 0.500277 0.000000 0.000000 0.000000 0.000000 0.000000 0.000000 0.000000 0.000000 0.000004 0.000000 0.000000 0.499719 0.000000 0.000000 0.000000 0.000000 0.000000
 0.000000 0.000000 0.000000 0.000000 0.000000 0.000000 0.000000 0.000040 0.000000 0.000000 0.000004 0.000000 0.000000 0.000000 0.499917 0.000000 0.000000 0.000000 0.000000 0.500039
 0.000000 0.000000 0.000000 0.000000 0.000000 0.000000 0.000000 0.000000 0.000000 0.000000 0.000000 0.000000 0.000000 0.000000 0.000000 0.500000 0.000000 0.500000 0.000000 0.000000
 0.000001 0.499782 0.000000 0.000007 0.000000 0.000000 0.000000 0.000000 0.499933 0.000277 0.000000 0.000000 0.000000 0.000000 0.000000 0.000000 0.000000 0.000000 0.000000 0.000000
 0.000000 0.000000 0.000000 0.000000 0.000000 0.000000 0.000000 0.000001 0.000000 0.000000 0.485021 0.485444 0.000000 0.000000 0.000000 0.000000 0.016242 0.000000 0.013292 0.000000
 0.000000 0.000000 0.000000 0.000000 0.000000 0.000000 0.500000 0.000000 0.000000 0.000000 0.000000 0.000000 0.500000 0.000000 0.000000 0.000000 0.000000 0.000000 0.000000 0.000000
 0.000000 0.000000 0.000000 0.000000 0.000000 0.000000 0.000000 0.492372 0.000000 0.000015 0.000000 0.000000 0.000000 0.000000 0.016469 0.000000 0.000000 0.000000 0.491144 0.000000
 0.000000 0.000000 0.499990 0.000004 0.000000 0.000000 0.000000 0.000000 0.000000 0.000000 0.000000 0.000000 0.500006 0.000000 0.000000 0.000000 0.000000 0.000000 0.000000 0.000000
 0.000000 0.000000 0.007703 0.000000 0.000000 0.000000 0.000000 0.000000 0.000000 0.490052 0.000000 0.000000 0.000000 0.000000 0.013414 0.000000 0.488830 0.000000 0.000000 0.000000
 0.000000 0.000386 0.000000 0.000000 0.000000 0.000000 0.000000 0.499801 0.000000 0.000000 0.000000 0.499813 0.000000 0.000000 0.000000 0.000000 0.000000 0.000000 0.000000 0.000000
the mean of prob-rank is 1.5789473684210527
the number of false negetive edges is 0
the number of probability greater than 0 is 3.2/edge
