20
 0.000000 0.000000 0.000000 0.000000 0.000000 0.000000 0.500000 0.000000 0.000000 0.000000 0.000000 0.000000 0.000000 0.000000 0.000000 0.000000 0.000000 0.000000 0.000000 0.500000
 0.000000 0.000000 0.000000 0.499994 0.000000 0.000000 0.000000 0.499993 0.000000 0.000000 0.000000 0.000000 0.000000 0.000000 0.000000 0.000000 0.000000 0.000000 0.000000 0.000013
 0.000000 0.000000 0.000000 0.500000 0.000000 0.000000 0.000000 0.000000 0.000000 0.000000 0.000000 0.000000 0.000000 0.000000 0.000000 0.500000 0.000000 0.000000 0.000000 0.000000
 0.000000 0.500000 0.500000 0.000000 0.000000 0.000000 0.000000 0.000000 0.000000 0.000000 0.000000 0.000000 0.000000 0.000000 0.000000 0.000000 0.000000 0.000000 0.000000 0.000000
 0.000000 0.000000 0.000000 0.000000 0.000000 0.000000 0.000000 0.000000 0.000000 0.000000 0.000000 0.000000 0.000000 0.485889 0.000000 0.027761 0.000000 0.486350 0.000000 0.000000
 0.000000 0.000000 0.000000 0.000000 0.000000 0.000000 0.000000 0.000000 0.000000 0.000000 0.000000 0.113435 0.000000 0.442897 0.443657 0.000000 0.000000 0.000012 0.000000 0.000000
 0.499999 0.000000 0.000000 0.000000 0.000000 0.000000 0.000000 0.000000 0.000000 0.000001 0.000000 0.000000 0.000000 0.000000 0.000000 0.000000 0.000000 0.000000 0.499999 0.000000
 0.000000 0.499798 0.000000 0.000000 0.000000 0.000000 0.000000 0.000000 0.000000 0.000000 0.000000 0.000404 0.000000 0.000000 0.000000 0.000000 0.000000 0.000000 0.000000 0.499798
 0.000000 0.000000 0.000000 0.000000 0.000000 0.000000 0.000000 0.000000 0.000000 0.000000 0.000000 0.000000 0.500000 0.000000 0.000000 0.000000 0.500000 0.000000 0.000000 0.000000
 0.000000 0.000000 0.000000 0.000000 0.000000 0.000000 0.000001 0.000000 0.000000 0.000000 0.478881 0.477206 0.000000 0.000000 0.043912 0.000000 0.000000 0.000000 0.000000 0.000000
 0.000000 0.000000 0.000000 0.000000 0.000000 0.000000 0.000000 0.000000 0.000000 0.499999 0.000000 0.000000 0.000000 0.000000 0.000000 0.000000 0.500001 0.000000 0.000000 0.000000
 0.000000 0.000000 0.000000 0.000000 0.000000 0.111305 0.000000 0.000352 0.000000 0.433803 0.000000 0.000000 0.000000 0.020717 0.433824 0.000000 0.000000 0.000000 0.000000 0.000000
 0.000000 0.000000 0.000000 0.000000 0.000000 0.000000 0.000000 0.000000 0.499999 0.000000 0.000000 0.000000 0.000000 0.000000 0.000000 0.000000 0.000000 0.000000 0.499994 0.000007
 0.000000 0.000000 0.000000 0.000000 0.471804 0.471443 0.000000 0.000000 0.000000 0.000000 0.000000 0.022474 0.000000 0.000000 0.000000 0.000000 0.000000 0.034279 0.000000 0.000000
 0.000000 0.000000 0.000000 0.000000 0.000000 0.478871 0.000000 0.000000 0.000000 0.043911 0.000000 0.477218 0.000000 0.000000 0.000000 0.000000 0.000000 0.000000 0.000000 0.000000
 0.000000 0.000000 0.486155 0.000000 0.027750 0.000000 0.000000 0.000000 0.000000 0.000000 0.000000 0.000000 0.000000 0.000000 0.000000 0.000000 0.000000 0.486095 0.000000 0.000000
 0.000000 0.000000 0.000000 0.000000 0.000000 0.000000 0.000000 0.000000 0.500000 0.000000 0.500000 0.000000 0.000000 0.000000 0.000000 0.000000 0.000000 0.000000 0.000000 0.000000
 0.000000 0.000000 0.000000 0.000000 0.482512 0.000013 0.000000 0.000000 0.000000 0.000000 0.000000 0.000000 0.000000 0.035023 0.000000 0.482452 0.000000 0.000000 0.000000 0.000000
 0.000000 0.000000 0.000000 0.000000 0.000000 0.000000 0.500002 0.000000 0.000000 0.000000 0.000000 0.000000 0.499998 0.000000 0.000000 0.000000 0.000000 0.000000 0.000000 0.000000
 0.499990 0.000013 0.000000 0.000000 0.000000 0.000000 0.000000 0.499990 0.000000 0.000000 0.000000 0.000000 0.000007 0.000000 0.000000 0.000000 0.000000 0.000000 0.000000 0.000000
the mean of prob-rank is 1.631578947368421
the number of false negetive edges is 0
the number of probability greater than 0 is 3.0/edge
