20
 0.000000 0.000054 0.000000 0.000000 0.000000 0.414538 0.000000 0.137552 0.000000 0.412022 0.000000 0.000000 0.027656 0.000000 0.000000 0.008177 0.000000 0.000000 0.000001 0.000000
 0.000042 0.000000 0.322883 0.000000 0.191930 0.001190 0.000000 0.169439 0.000000 0.000000 0.000000 0.000000 0.000000 0.000000 0.000000 0.000000 0.314515 0.000000 0.000000 0.000000
 0.000000 0.363492 0.000000 0.000000 0.346440 0.000000 0.000000 0.000009 0.000000 0.000000 0.000000 0.000000 0.000000 0.000000 0.000000 0.000000 0.290059 0.000000 0.000000 0.000000
 0.000000 0.000000 0.000000 0.000000 0.000000 0.000000 0.000000 0.000000 0.000000 0.162730 0.416777 0.000000 0.000000 0.000000 0.000000 0.420493 0.000000 0.000000 0.000000 0.000000
 0.000000 0.187022 0.299866 0.000000 0.000000 0.000000 0.000528 0.311112 0.000000 0.000000 0.000000 0.000000 0.000000 0.000000 0.201472 0.000000 0.000000 0.000000 0.000000 0.000000
 0.495817 0.001828 0.000000 0.000000 0.000000 0.000000 0.000000 0.000091 0.000000 0.000000 0.000000 0.000000 0.000000 0.000000 0.000000 0.006424 0.495840 0.000000 0.000000 0.000000
 0.000000 0.000000 0.000000 0.000000 0.000769 0.000000 0.000000 0.087324 0.000002 0.000000 0.000000 0.000000 0.000000 0.000000 0.453517 0.000000 0.000000 0.000000 0.000000 0.458388
 0.103336 0.163432 0.000008 0.000000 0.307958 0.000057 0.059329 0.000000 0.053529 0.000000 0.000000 0.000000 0.000006 0.000000 0.308832 0.000000 0.000000 0.000000 0.003513 0.000000
 0.000000 0.000000 0.000000 0.000000 0.000000 0.000000 0.000002 0.079168 0.000000 0.000000 0.000000 0.000000 0.000000 0.000000 0.000000 0.000000 0.000000 0.000000 0.460223 0.460607
 0.363375 0.000000 0.000000 0.141491 0.000000 0.000000 0.000000 0.000000 0.000000 0.000000 0.124837 0.000000 0.000000 0.005023 0.000000 0.365274 0.000000 0.000000 0.000000 0.000000
 0.000000 0.000000 0.000000 0.424917 0.000000 0.000000 0.000000 0.000000 0.000000 0.146380 0.000000 0.000000 0.000000 0.428703 0.000000 0.000000 0.000000 0.000000 0.000000 0.000000
 0.000000 0.000000 0.000000 0.000000 0.000000 0.000000 0.000000 0.000000 0.000000 0.000000 0.000000 0.000000 0.492955 0.014064 0.000000 0.000000 0.000000 0.492980 0.000000 0.000000
 0.031719 0.000000 0.000000 0.000000 0.000000 0.000000 0.000000 0.000009 0.000000 0.000000 0.000000 0.475444 0.000000 0.475383 0.000000 0.000000 0.000000 0.000000 0.017445 0.000000
 0.000000 0.000000 0.000000 0.000000 0.000000 0.000000 0.000000 0.000000 0.000000 0.006728 0.489693 0.013971 0.489608 0.000000 0.000000 0.000000 0.000000 0.000000 0.000000 0.000000
 0.000000 0.000000 0.000000 0.000000 0.244275 0.000000 0.377416 0.378280 0.000000 0.000000 0.000000 0.000000 0.000000 0.000000 0.000000 0.000000 0.000000 0.000000 0.000000 0.000029
 0.009709 0.000000 0.000000 0.492184 0.000000 0.006377 0.000000 0.000000 0.000000 0.491730 0.000000 0.000000 0.000000 0.000000 0.000000 0.000000 0.000000 0.000000 0.000000 0.000000
 0.000000 0.351394 0.287864 0.000000 0.000000 0.360742 0.000000 0.000000 0.000000 0.000000 0.000000 0.000000 0.000000 0.000000 0.000000 0.000000 0.000000 0.000000 0.000000 0.000000
 0.000000 0.000000 0.000000 0.000000 0.000000 0.000000 0.000000 0.000000 0.000000 0.000000 0.000000 0.500000 0.000000 0.000000 0.000000 0.000000 0.000000 0.000000 0.500000 0.000000
 0.000001 0.000000 0.000000 0.000000 0.000000 0.000000 0.000000 0.005510 0.488079 0.000000 0.000000 0.000000 0.017923 0.000000 0.000000 0.000000 0.000000 0.488487 0.000000 0.000000
 0.000000 0.000000 0.000000 0.000000 0.000000 0.000000 0.499981 0.000000 0.499982 0.000000 0.000000 0.000000 0.000000 0.000000 0.000038 0.000000 0.000000 0.000000 0.000000 0.000000
the mean of prob-rank is 1.7894736842105263
the number of false negetive edges is 0
the number of probability greater than 0 is 4.4/edge
