20
 0.000000 0.000000 0.499550 0.000000 0.000000 0.000000 0.000000 0.000868 0.000000 0.000000 0.000000 0.000000 0.000000 0.499582 0.000000 0.000000 0.000000 0.000000 0.000000 0.000000
 0.000000 0.000000 0.000000 0.000000 0.000000 0.000000 0.000000 0.000000 0.000000 0.000000 0.000000 0.499999 0.000000 0.000000 0.000000 0.500001 0.000000 0.000000 0.000000 0.000000
 0.498002 0.000000 0.000000 0.498022 0.000000 0.000000 0.000000 0.000001 0.000000 0.000000 0.000000 0.000000 0.000000 0.000000 0.003976 0.000000 0.000000 0.000000 0.000000 0.000000
 0.000000 0.000000 0.497728 0.000000 0.000000 0.000000 0.000000 0.000000 0.000000 0.004574 0.000000 0.000000 0.000000 0.000000 0.497496 0.000000 0.000007 0.000000 0.000195 0.000000
 0.000000 0.000000 0.000000 0.000000 0.000000 0.000000 0.000000 0.000000 0.000000 0.497365 0.000000 0.000000 0.000000 0.000000 0.000000 0.000000 0.005291 0.497344 0.000000 0.000000
 0.000000 0.000000 0.000000 0.000000 0.000000 0.000000 0.000000 0.000000 0.000000 0.000000 0.000000 0.000000 0.500000 0.000000 0.000000 0.500000 0.000000 0.000000 0.000000 0.000000
 0.000000 0.000000 0.000000 0.000000 0.000000 0.000000 0.000000 0.000000 0.000000 0.500000 0.000000 0.500000 0.000000 0.000000 0.000000 0.000000 0.000000 0.000000 0.000000 0.000000
 0.000664 0.000000 0.000000 0.000000 0.000000 0.000000 0.000000 0.000000 0.382041 0.000000 0.000000 0.000000 0.000000 0.000000 0.001596 0.000000 0.000004 0.236512 0.000000 0.379184
 0.000000 0.000000 0.000000 0.000000 0.000000 0.000000 0.000000 0.352708 0.000000 0.000000 0.000000 0.000000 0.000000 0.000000 0.000000 0.000000 0.000000 0.351490 0.000000 0.295802
 0.000000 0.000000 0.000000 0.004574 0.497702 0.000000 0.497724 0.000000 0.000000 0.000000 0.000000 0.000000 0.000000 0.000000 0.000000 0.000000 0.000000 0.000000 0.000000 0.000000
 0.000000 0.000000 0.000000 0.000000 0.000000 0.000000 0.000000 0.000000 0.000000 0.000000 0.000000 0.000000 0.500000 0.500000 0.000000 0.000000 0.000000 0.000000 0.000000 0.000000
 0.000000 0.499999 0.000000 0.000000 0.000000 0.000000 0.500001 0.000000 0.000000 0.000000 0.000000 0.000000 0.000000 0.000000 0.000000 0.000000 0.000000 0.000000 0.000000 0.000000
 0.000000 0.000000 0.000000 0.000000 0.000000 0.500000 0.000000 0.000000 0.000000 0.000000 0.500000 0.000000 0.000000 0.000000 0.000000 0.000000 0.000000 0.000000 0.000000 0.000000
 0.500000 0.000000 0.000000 0.000000 0.000000 0.000000 0.000000 0.000000 0.000000 0.000000 0.500000 0.000000 0.000000 0.000000 0.000000 0.000000 0.000000 0.000000 0.000000 0.000000
 0.000000 0.000000 0.003962 0.496105 0.000000 0.000000 0.000000 0.002073 0.000000 0.000000 0.000000 0.000000 0.000000 0.000000 0.000000 0.000000 0.001060 0.000000 0.496337 0.000464
 0.000000 0.500000 0.000000 0.000000 0.000000 0.500000 0.000000 0.000000 0.000000 0.000000 0.000000 0.000000 0.000000 0.000000 0.000000 0.000000 0.000000 0.000000 0.000000 0.000000
 0.000000 0.000000 0.000000 0.000007 0.005297 0.000000 0.000000 0.000005 0.000000 0.000000 0.000000 0.000000 0.000000 0.000000 0.001064 0.000000 0.000000 0.000000 0.496900 0.496728
 0.000000 0.000000 0.000000 0.000000 0.382338 0.000000 0.000000 0.236669 0.380974 0.000000 0.000000 0.000000 0.000000 0.000000 0.000000 0.000000 0.000000 0.000000 0.000000 0.000020
 0.000000 0.000000 0.000000 0.000196 0.000000 0.000000 0.000000 0.000000 0.000000 0.000000 0.000000 0.000000 0.000000 0.000000 0.500439 0.000000 0.499364 0.000000 0.000000 0.000000
 0.000000 0.000000 0.000000 0.000000 0.000000 0.000000 0.000000 0.350733 0.296362 0.000000 0.000000 0.000000 0.000000 0.000000 0.000330 0.000000 0.352557 0.000019 0.000000 0.000000
the mean of prob-rank is 1.5789473684210527
the number of false negetive edges is 0
the number of probability greater than 0 is 3.3/edge
