20
 0.000000 0.286970 0.000000 0.000000 0.000000 0.000000 0.285093 0.000000 0.000000 0.000000 0.000000 0.160027 0.213931 0.000000 0.000000 0.000000 0.053979 0.000000 0.000000 0.000000
 0.296117 0.000000 0.000000 0.000000 0.000000 0.000000 0.045454 0.000000 0.000000 0.000000 0.000000 0.284887 0.161425 0.000000 0.000000 0.000000 0.212117 0.000000 0.000000 0.000000
 0.000000 0.000000 0.000000 0.000000 0.000000 0.494085 0.494184 0.000000 0.000000 0.000000 0.000000 0.000005 0.000000 0.000000 0.010827 0.000000 0.000899 0.000000 0.000000 0.000000
 0.000000 0.000000 0.000000 0.000000 0.496393 0.000000 0.000000 0.000000 0.001270 0.000000 0.000000 0.000000 0.496400 0.000000 0.000000 0.000000 0.005935 0.000003 0.000000 0.000000
 0.000000 0.000000 0.000000 0.385769 0.000000 0.000000 0.000000 0.000000 0.228270 0.000000 0.000000 0.000000 0.000000 0.000000 0.000000 0.000000 0.000000 0.385961 0.000000 0.000000
 0.000000 0.000000 0.495159 0.000000 0.000000 0.000000 0.000000 0.005694 0.000000 0.000000 0.000286 0.000000 0.003581 0.000000 0.495280 0.000000 0.000000 0.000000 0.000000 0.000000
 0.368870 0.056994 0.372231 0.000000 0.000000 0.000000 0.000000 0.000000 0.000000 0.000000 0.000000 0.181319 0.009830 0.000000 0.000000 0.000000 0.010757 0.000000 0.000000 0.000000
 0.000000 0.000000 0.000000 0.000000 0.000000 0.005716 0.000000 0.000000 0.000000 0.000000 0.497117 0.000000 0.000000 0.000000 0.497167 0.000000 0.000000 0.000000 0.000000 0.000000
 0.000000 0.000000 0.000000 0.000986 0.228022 0.000000 0.000000 0.000000 0.000000 0.000001 0.000000 0.000000 0.000060 0.385541 0.000000 0.000000 0.000000 0.385391 0.000000 0.000000
 0.000000 0.000000 0.000000 0.000000 0.000000 0.000000 0.000000 0.000000 0.000001 0.000000 0.000000 0.000000 0.000000 0.499998 0.000000 0.000000 0.000000 0.000003 0.499998 0.000000
 0.000000 0.000000 0.000000 0.000000 0.000000 0.000265 0.000000 0.459615 0.000000 0.000000 0.000000 0.000000 0.000000 0.000000 0.000000 0.081771 0.000000 0.000000 0.000000 0.458349
 0.183796 0.317096 0.000003 0.000000 0.000000 0.000000 0.160954 0.000000 0.000000 0.000000 0.000000 0.000000 0.007710 0.000000 0.000000 0.000000 0.330440 0.000000 0.000000 0.000000
 0.230950 0.168884 0.000000 0.310443 0.000000 0.002246 0.008202 0.000000 0.000048 0.000000 0.000000 0.007247 0.000000 0.000000 0.000000 0.000000 0.271981 0.000000 0.000000 0.000000
 0.000000 0.000000 0.000000 0.000000 0.000000 0.000000 0.000000 0.000000 0.499999 0.500001 0.000000 0.000000 0.000000 0.000000 0.000000 0.000000 0.000000 0.000000 0.000000 0.000000
 0.000000 0.000000 0.010835 0.000000 0.000000 0.494581 0.000000 0.494584 0.000000 0.000000 0.000000 0.000000 0.000000 0.000000 0.000000 0.000000 0.000000 0.000000 0.000000 0.000000
 0.000000 0.000000 0.000000 0.000000 0.000000 0.000000 0.000000 0.000000 0.000000 0.000000 0.082133 0.000000 0.000000 0.000000 0.000000 0.000000 0.000000 0.000000 0.456171 0.461696
 0.066521 0.253327 0.000645 0.004237 0.000000 0.000000 0.010246 0.000000 0.000000 0.000000 0.000000 0.354551 0.310474 0.000000 0.000000 0.000000 0.000000 0.000000 0.000000 0.000000
 0.000000 0.000000 0.000000 0.000003 0.500096 0.000000 0.000000 0.000000 0.499898 0.000003 0.000000 0.000000 0.000000 0.000000 0.000000 0.000000 0.000000 0.000000 0.000000 0.000000
 0.000000 0.000000 0.000000 0.000000 0.000000 0.000000 0.000000 0.000000 0.000000 0.471388 0.000000 0.000000 0.000000 0.000000 0.000000 0.465747 0.000000 0.000000 0.000000 0.062865
 0.000000 0.000000 0.000000 0.000000 0.000000 0.000000 0.000000 0.000000 0.000000 0.000000 0.468032 0.000000 0.000000 0.000000 0.000000 0.469372 0.000000 0.000000 0.062596 0.000000
the mean of prob-rank is 1.4210526315789473
the number of false negetive edges is 0
the number of probability greater than 0 is 4.45/edge
