20
 0.000000 0.000000 0.000000 0.000000 0.358371 0.000000 0.000000 0.000000 0.000000 0.000000 0.000000 0.304362 0.000000 0.000000 0.000000 0.000000 0.000000 0.337268 0.000000 0.000000
 0.000000 0.000000 0.000000 0.000000 0.000000 0.000000 0.000000 0.000000 0.181835 0.000000 0.000000 0.000000 0.386056 0.000000 0.401558 0.000000 0.000000 0.000000 0.030552 0.000000
 0.000000 0.000000 0.000000 0.369725 0.000000 0.255447 0.000000 0.000000 0.374828 0.000000 0.000000 0.000000 0.000000 0.000000 0.000000 0.000000 0.000000 0.000000 0.000000 0.000000
 0.000000 0.000000 0.308187 0.000000 0.000000 0.305165 0.000000 0.221719 0.000000 0.000000 0.000000 0.000000 0.000000 0.000000 0.000000 0.164930 0.000000 0.000000 0.000000 0.000000
 0.500000 0.000000 0.000000 0.000000 0.000000 0.000000 0.000000 0.000000 0.000000 0.000000 0.000000 0.000000 0.000000 0.000000 0.000000 0.000000 0.000000 0.000000 0.000000 0.500000
 0.000000 0.000000 0.256374 0.367429 0.000000 0.000000 0.000000 0.376189 0.000008 0.000000 0.000000 0.000000 0.000000 0.000000 0.000000 0.000000 0.000000 0.000000 0.000000 0.000000
 0.000000 0.000000 0.000000 0.000000 0.000000 0.000000 0.000000 0.000000 0.000000 0.000000 0.500000 0.000000 0.000000 0.000000 0.000000 0.500000 0.000000 0.000000 0.000000 0.000000
 0.000000 0.000000 0.000000 0.263145 0.000000 0.370817 0.000000 0.000000 0.000000 0.000000 0.000000 0.000000 0.000000 0.000000 0.000000 0.366038 0.000000 0.000000 0.000000 0.000000
 0.000000 0.189644 0.418804 0.000000 0.000000 0.000009 0.000000 0.000000 0.000000 0.000000 0.000000 0.000000 0.000000 0.000000 0.391543 0.000000 0.000000 0.000000 0.000000 0.000000
 0.000000 0.000000 0.000000 0.000000 0.000000 0.000000 0.000000 0.000000 0.000000 0.000000 0.000000 0.000000 0.000000 0.000000 0.000000 0.000000 0.268627 0.000000 0.370355 0.361018
 0.000000 0.000000 0.000000 0.000000 0.000000 0.000000 0.500000 0.000000 0.000000 0.000000 0.000000 0.000000 0.000000 0.000000 0.000000 0.000000 0.000000 0.500000 0.000000 0.000000
 0.280138 0.000000 0.000000 0.000000 0.000000 0.000000 0.000000 0.000000 0.000000 0.000000 0.000000 0.000000 0.000000 0.327460 0.000000 0.000000 0.000000 0.085011 0.000000 0.307392
 0.000000 0.372231 0.000000 0.000000 0.000000 0.000000 0.000000 0.000000 0.000000 0.000000 0.000000 0.000000 0.000000 0.000000 0.237860 0.000000 0.387178 0.000000 0.002719 0.000012
 0.000000 0.000000 0.000000 0.000000 0.000000 0.000000 0.000000 0.000000 0.000000 0.000000 0.000000 0.350886 0.000000 0.000000 0.000000 0.000000 0.000000 0.310656 0.338457 0.000000
 0.000000 0.392272 0.000000 0.000000 0.000000 0.000000 0.000000 0.000000 0.366738 0.000000 0.000000 0.000000 0.240989 0.000000 0.000000 0.000000 0.000000 0.000000 0.000000 0.000000
 0.000000 0.000000 0.000000 0.209892 0.000000 0.000000 0.397616 0.392492 0.000000 0.000000 0.000000 0.000000 0.000000 0.000000 0.000000 0.000000 0.000000 0.000000 0.000000 0.000000
 0.000000 0.000000 0.000000 0.000000 0.000000 0.000000 0.000000 0.000000 0.000000 0.268616 0.000000 0.000000 0.371700 0.000000 0.000000 0.000000 0.000000 0.000000 0.359684 0.000000
 0.305777 0.000000 0.000000 0.000000 0.000000 0.000000 0.000000 0.000000 0.000000 0.000000 0.324910 0.083738 0.000000 0.285575 0.000000 0.000000 0.000000 0.000000 0.000000 0.000000
 0.000000 0.025321 0.000000 0.000000 0.000000 0.000000 0.000000 0.000000 0.000000 0.331592 0.000000 0.000000 0.002337 0.318697 0.000000 0.000000 0.322052 0.000000 0.000000 0.000000
 0.000000 0.000000 0.000000 0.000000 0.344451 0.000000 0.000000 0.000000 0.000000 0.334538 0.000000 0.321000 0.000011 0.000000 0.000000 0.000000 0.000000 0.000000 0.000000 0.000000
the mean of prob-rank is 1.5789473684210527
the number of false negetive edges is 0
the number of probability greater than 0 is 3.4/edge
