20
 0.000000 0.000000 0.000000 0.006860 0.000000 0.000000 0.000000 0.000019 0.000000 0.000000 0.000000 0.000000 0.000000 0.496569 0.000000 0.000000 0.000000 0.000000 0.000000 0.496552
 0.000000 0.000000 0.000000 0.000000 0.000000 0.000000 0.500000 0.000000 0.000000 0.000000 0.000000 0.000000 0.000000 0.000000 0.000000 0.000000 0.000000 0.500000 0.000000 0.000000
 0.000000 0.000000 0.000000 0.000000 0.500000 0.000000 0.000000 0.000000 0.000000 0.000000 0.000000 0.000000 0.000000 0.000000 0.000000 0.000000 0.000000 0.500000 0.000000 0.000000
 0.006862 0.000000 0.000000 0.000000 0.000000 0.000000 0.000000 0.000000 0.000000 0.496700 0.000000 0.000000 0.000000 0.496438 0.000000 0.000000 0.000000 0.000000 0.000000 0.000000
 0.000000 0.000000 0.500000 0.000000 0.000000 0.000000 0.000000 0.000000 0.000000 0.500000 0.000000 0.000000 0.000000 0.000000 0.000000 0.000000 0.000000 0.000000 0.000000 0.000000
 0.000000 0.000000 0.000000 0.000000 0.000000 0.000000 0.000000 0.000000 0.477106 0.000000 0.000000 0.009565 0.000000 0.000000 0.036687 0.476601 0.000042 0.000000 0.000000 0.000000
 0.000000 0.499978 0.000000 0.000000 0.000000 0.000000 0.000000 0.000000 0.000000 0.000000 0.000000 0.000000 0.000000 0.000000 0.499977 0.000045 0.000000 0.000000 0.000000 0.000000
 0.000019 0.000000 0.000000 0.000000 0.000000 0.000000 0.000000 0.000000 0.000000 0.000000 0.499986 0.000000 0.000000 0.000000 0.000000 0.000000 0.000000 0.000000 0.000000 0.499995
 0.000000 0.000000 0.000000 0.000000 0.000000 0.482968 0.000000 0.000000 0.000000 0.000000 0.000000 0.000000 0.000000 0.000000 0.482726 0.034306 0.000000 0.000000 0.000000 0.000000
 0.000000 0.000000 0.000000 0.499998 0.500002 0.000000 0.000000 0.000000 0.000000 0.000000 0.000000 0.000000 0.000000 0.000000 0.000000 0.000000 0.000000 0.000000 0.000000 0.000000
 0.000000 0.000000 0.000000 0.000000 0.000000 0.000000 0.000000 0.499702 0.000000 0.000000 0.000000 0.000000 0.499703 0.000595 0.000000 0.000000 0.000000 0.000000 0.000000 0.000000
 0.000000 0.000000 0.000000 0.000000 0.000000 0.009923 0.000000 0.000000 0.000000 0.000000 0.000000 0.000000 0.494985 0.000000 0.000000 0.000000 0.000107 0.000000 0.494985 0.000000
 0.000000 0.000000 0.000000 0.000000 0.000000 0.000000 0.000000 0.000000 0.000000 0.000000 0.499803 0.499811 0.000000 0.000387 0.000000 0.000000 0.000000 0.000000 0.000000 0.000000
 0.499574 0.000000 0.000000 0.499308 0.000000 0.000000 0.000000 0.000000 0.000000 0.000000 0.000595 0.000000 0.000386 0.000000 0.000000 0.000000 0.000000 0.000000 0.000000 0.000137
 0.000000 0.000000 0.000000 0.000000 0.000000 0.037033 0.481604 0.000000 0.481364 0.000000 0.000000 0.000000 0.000000 0.000000 0.000000 0.000000 0.000000 0.000000 0.000000 0.000000
 0.000000 0.000000 0.000000 0.000000 0.000000 0.482577 0.000043 0.000000 0.034314 0.000000 0.000000 0.000000 0.000000 0.000000 0.000000 0.000000 0.483065 0.000000 0.000000 0.000000
 0.000000 0.000000 0.000000 0.000000 0.000000 0.000044 0.000000 0.000000 0.000000 0.000000 0.000000 0.000108 0.000000 0.000000 0.000000 0.499912 0.000000 0.000000 0.499935 0.000000
 0.000000 0.500000 0.500000 0.000000 0.000000 0.000000 0.000000 0.000000 0.000000 0.000000 0.000000 0.000000 0.000000 0.000000 0.000000 0.000000 0.000000 0.000000 0.000000 0.000000
 0.000000 0.000000 0.000000 0.000000 0.000000 0.000000 0.000000 0.000000 0.000000 0.000000 0.000000 0.500000 0.000000 0.000000 0.000000 0.000000 0.500000 0.000000 0.000000 0.000000
 0.499922 0.000000 0.000000 0.000000 0.000000 0.000000 0.000000 0.499941 0.000000 0.000000 0.000000 0.000000 0.000000 0.000137 0.000000 0.000000 0.000000 0.000000 0.000000 0.000000
the mean of prob-rank is 1.5263157894736843
the number of false negetive edges is 0
the number of probability greater than 0 is 3.1/edge
