20
 0.000000 0.000000 0.000000 0.000000 0.000000 0.000000 0.000000 0.000000 0.000000 0.000000 0.000000 0.000000 0.000000 0.000000 0.500001 0.000000 0.499999 0.000000 0.000000 0.000000
 0.000000 0.000000 0.000000 0.000000 0.466648 0.000000 0.002891 0.000000 0.000000 0.064593 0.000000 0.465868 0.000000 0.000000 0.000000 0.000000 0.000000 0.000000 0.000000 0.000000
 0.000000 0.000000 0.000000 0.000000 0.000000 0.499999 0.000000 0.000000 0.000000 0.000000 0.000000 0.000000 0.000000 0.000000 0.500001 0.000000 0.000000 0.000000 0.000000 0.000000
 0.000000 0.000000 0.000000 0.000000 0.000000 0.000000 0.000000 0.000000 0.000000 0.000000 0.000000 0.000000 0.499985 0.000000 0.000000 0.000000 0.500014 0.000000 0.000000 0.000000
 0.000000 0.453306 0.000000 0.000000 0.000000 0.000000 0.075294 0.000000 0.000000 0.452630 0.000000 0.018771 0.000000 0.000000 0.000000 0.000000 0.000000 0.000000 0.000000 0.000000
 0.000000 0.000000 0.500000 0.000000 0.000000 0.000000 0.000000 0.000000 0.000000 0.000000 0.000000 0.500000 0.000000 0.000000 0.000000 0.000000 0.000000 0.000000 0.000000 0.000000
 0.000000 0.002349 0.000000 0.000000 0.062980 0.000000 0.000000 0.000000 0.377011 0.379171 0.000000 0.178489 0.000000 0.000000 0.000000 0.000000 0.000000 0.000000 0.000000 0.000000
 0.000000 0.000000 0.000000 0.000000 0.000000 0.000000 0.000000 0.000000 0.268817 0.000000 0.000000 0.000000 0.000000 0.000000 0.000000 0.375254 0.000000 0.355929 0.000000 0.000000
 0.000000 0.000000 0.000000 0.000000 0.000000 0.000000 0.337831 0.243388 0.000000 0.084941 0.000000 0.000000 0.000000 0.000000 0.000000 0.333839 0.000000 0.000000 0.000000 0.000000
 0.000000 0.057990 0.000000 0.000000 0.418324 0.000000 0.418949 0.000000 0.104737 0.000000 0.000000 0.000000 0.000000 0.000000 0.000000 0.000000 0.000000 0.000000 0.000000 0.000000
 0.000000 0.000000 0.000000 0.000000 0.000000 0.000000 0.000000 0.000000 0.000000 0.000000 0.000000 0.000000 0.000000 0.027124 0.000000 0.000000 0.000000 0.486079 0.486398 0.000399
 0.000000 0.397666 0.000000 0.000000 0.016494 0.398332 0.187509 0.000000 0.000000 0.000000 0.000000 0.000000 0.000000 0.000000 0.000000 0.000000 0.000000 0.000000 0.000000 0.000000
 0.000000 0.000000 0.000000 0.499982 0.000000 0.000000 0.000000 0.000000 0.000000 0.000000 0.000000 0.000000 0.000000 0.000000 0.000000 0.000000 0.000000 0.000002 0.000000 0.500017
 0.000000 0.000000 0.000000 0.000000 0.000000 0.000000 0.000000 0.000000 0.000000 0.000000 0.027066 0.000000 0.000000 0.000000 0.000000 0.000000 0.000011 0.002416 0.485254 0.485253
 0.500000 0.000000 0.500000 0.000000 0.000000 0.000000 0.000000 0.000000 0.000000 0.000000 0.000000 0.000000 0.000000 0.000000 0.000000 0.000000 0.000000 0.000000 0.000000 0.000000
 0.000000 0.000000 0.000000 0.000000 0.000000 0.000000 0.000000 0.384176 0.377486 0.000000 0.000000 0.000000 0.000000 0.000000 0.000000 0.000000 0.000000 0.238338 0.000000 0.000000
 0.499996 0.000000 0.000000 0.499992 0.000000 0.000000 0.000000 0.000000 0.000000 0.000000 0.000000 0.000000 0.000000 0.000011 0.000000 0.000000 0.000000 0.000000 0.000000 0.000000
 0.000000 0.000000 0.000000 0.000000 0.000000 0.000000 0.000000 0.329343 0.000000 0.000000 0.346981 0.000000 0.000001 0.001728 0.000000 0.215414 0.000000 0.000000 0.106531 0.000000
 0.000000 0.000000 0.000000 0.000000 0.000000 0.000000 0.000000 0.000000 0.000000 0.000000 0.433536 0.000000 0.000000 0.433446 0.000000 0.000000 0.000000 0.133018 0.000000 0.000000
 0.000000 0.000000 0.000000 0.000000 0.000000 0.000000 0.000000 0.000000 0.000000 0.000000 0.000410 0.000000 0.499866 0.499723 0.000000 0.000000 0.000000 0.000001 0.000000 0.000000
the mean of prob-rank is 1.5263157894736843
the number of false negetive edges is 0
the number of probability greater than 0 is 3.4/edge
