20
 0.000000 0.000000 0.000000 0.000000 0.500000 0.000000 0.000000 0.000000 0.000000 0.000000 0.000000 0.000000 0.000000 0.000000 0.000000 0.000000 0.500000 0.000000 0.000000 0.000000
 0.000000 0.000000 0.000000 0.000000 0.000000 0.000000 0.000000 0.000000 0.000000 0.000000 0.000000 0.500000 0.000000 0.000000 0.000000 0.000000 0.000000 0.500000 0.000000 0.000000
 0.000000 0.000000 0.000000 0.000000 0.000000 0.000000 0.000000 0.000000 0.290910 0.000000 0.000000 0.000000 0.364702 0.000000 0.000000 0.000000 0.000000 0.000000 0.000000 0.344388
 0.000000 0.000000 0.000000 0.000000 0.000000 0.000000 0.000000 0.000000 0.000000 0.330264 0.000000 0.000000 0.000000 0.000000 0.341332 0.000000 0.000000 0.000000 0.000000 0.328404
 0.500008 0.000000 0.000000 0.000000 0.000000 0.000000 0.000000 0.000000 0.499992 0.000000 0.000000 0.000000 0.000000 0.000000 0.000000 0.000000 0.000000 0.000000 0.000000 0.000000
 0.000000 0.000000 0.000000 0.000000 0.000000 0.000000 0.000000 0.500000 0.000000 0.000000 0.000000 0.000000 0.000000 0.000000 0.000000 0.500000 0.000000 0.000000 0.000000 0.000000
 0.000000 0.000000 0.000000 0.000000 0.000000 0.000000 0.000000 0.000000 0.000000 0.000000 0.450986 0.000000 0.000000 0.000000 0.000000 0.098788 0.000000 0.450226 0.000000 0.000000
 0.000000 0.000000 0.000000 0.000000 0.000000 0.500000 0.000000 0.000000 0.000000 0.000000 0.000000 0.000000 0.000000 0.500000 0.000000 0.000000 0.000000 0.000000 0.000000 0.000000
 0.000000 0.000000 0.288163 0.000000 0.361262 0.000000 0.000000 0.000000 0.000000 0.000000 0.000000 0.000000 0.000000 0.000000 0.000000 0.000000 0.000000 0.000000 0.000066 0.350509
 0.000000 0.000000 0.000000 0.298178 0.000000 0.000000 0.000000 0.000000 0.000000 0.000000 0.000000 0.000000 0.000000 0.000000 0.190281 0.000000 0.000000 0.000000 0.319752 0.191788
 0.000000 0.000000 0.000000 0.000000 0.000000 0.000000 0.455772 0.000000 0.000000 0.000000 0.000000 0.000000 0.000000 0.000000 0.000000 0.453460 0.000000 0.090768 0.000000 0.000000
 0.000000 0.500000 0.000000 0.000000 0.000000 0.000000 0.000000 0.000000 0.000000 0.000000 0.000000 0.000000 0.500000 0.000000 0.000000 0.000000 0.000000 0.000000 0.000000 0.000000
 0.000000 0.000000 0.499989 0.000000 0.000000 0.000000 0.000000 0.000000 0.000000 0.000000 0.000000 0.500011 0.000000 0.000000 0.000000 0.000000 0.000000 0.000000 0.000000 0.000000
 0.000000 0.000000 0.000000 0.000000 0.000000 0.000000 0.000000 0.500000 0.000000 0.000000 0.000000 0.000000 0.000000 0.000000 0.500000 0.000000 0.000000 0.000000 0.000000 0.000000
 0.000000 0.000000 0.000000 0.376392 0.000000 0.000000 0.000000 0.000000 0.000000 0.232404 0.000000 0.000000 0.000000 0.390537 0.000000 0.000000 0.000665 0.000000 0.000002 0.000000
 0.000000 0.000000 0.000000 0.000000 0.000000 0.451676 0.098939 0.000000 0.000000 0.000000 0.449385 0.000000 0.000000 0.000000 0.000000 0.000000 0.000000 0.000000 0.000000 0.000000
 0.499576 0.000000 0.000000 0.000000 0.000000 0.000000 0.000000 0.000000 0.000000 0.000000 0.000000 0.000000 0.000000 0.000000 0.000850 0.000000 0.000000 0.000000 0.499574 0.000000
 0.000000 0.455069 0.000000 0.000000 0.000000 0.000000 0.454303 0.000000 0.000000 0.000000 0.090628 0.000000 0.000000 0.000000 0.000000 0.000000 0.000000 0.000000 0.000000 0.000000
 0.000000 0.000000 0.000000 0.000000 0.000000 0.000000 0.000000 0.000000 0.000091 0.499954 0.000000 0.000000 0.000000 0.000000 0.000002 0.000000 0.499952 0.000000 0.000000 0.000000
 0.000000 0.000000 0.274371 0.269436 0.000000 0.000000 0.000000 0.000000 0.281910 0.174283 0.000000 0.000000 0.000000 0.000000 0.000000 0.000000 0.000000 0.000000 0.000000 0.000000
the mean of prob-rank is 1.5789473684210527
the number of false negetive edges is 0
the number of probability greater than 0 is 2.9/edge
