20
 0.000000 0.000000 0.000000 0.000000 0.000000 0.000000 0.000000 0.000000 0.000000 0.000000 0.000000 0.000000 0.000000 0.000000 0.000000 0.000000 0.500000 0.000000 0.500000 0.000000
 0.000000 0.000000 0.000000 0.267434 0.000000 0.000000 0.000000 0.000000 0.000000 0.000000 0.000000 0.372424 0.000001 0.000000 0.360141 0.000000 0.000000 0.000000 0.000000 0.000000
 0.000000 0.000000 0.000000 0.326593 0.000000 0.000000 0.000000 0.112801 0.000000 0.201225 0.000000 0.348405 0.000000 0.010977 0.000000 0.000000 0.000000 0.000000 0.000000 0.000000
 0.000000 0.199514 0.260447 0.000000 0.000000 0.000000 0.262561 0.277474 0.000000 0.000000 0.000000 0.000000 0.000000 0.000000 0.000000 0.000000 0.000000 0.000000 0.000000 0.000004
 0.000000 0.000000 0.000000 0.000000 0.000000 0.200010 0.000000 0.000000 0.000000 0.000000 0.352181 0.000000 0.000000 0.000000 0.000000 0.098902 0.000000 0.000000 0.348907 0.000000
 0.000000 0.000000 0.000000 0.000000 0.147998 0.000000 0.000000 0.000000 0.110873 0.255071 0.016154 0.000000 0.000000 0.006037 0.000000 0.244169 0.000000 0.219698 0.000000 0.000000
 0.000000 0.000000 0.000000 0.269215 0.000000 0.000000 0.000000 0.234427 0.021186 0.000000 0.000000 0.000000 0.000000 0.197721 0.157720 0.000000 0.000000 0.000000 0.000000 0.119731
 0.000000 0.000000 0.107186 0.330627 0.000000 0.000000 0.272429 0.000000 0.004678 0.000915 0.000000 0.000000 0.000000 0.277809 0.000000 0.000000 0.000000 0.000000 0.000000 0.006356
 0.000000 0.000000 0.000000 0.000000 0.000000 0.118480 0.020720 0.003937 0.000000 0.039078 0.000000 0.000000 0.000000 0.278619 0.000000 0.239355 0.000000 0.278508 0.000000 0.021303
 0.000000 0.000000 0.188664 0.000000 0.000000 0.319564 0.000000 0.000903 0.045816 0.000000 0.326657 0.000044 0.000000 0.118352 0.000000 0.000000 0.000000 0.000000 0.000000 0.000000
 0.000000 0.000000 0.000000 0.000000 0.484847 0.030055 0.000000 0.000000 0.000000 0.485098 0.000000 0.000000 0.000000 0.000000 0.000000 0.000000 0.000000 0.000000 0.000000 0.000000
 0.000000 0.499966 0.499967 0.000000 0.000000 0.000000 0.000000 0.000000 0.000000 0.000067 0.000000 0.000000 0.000000 0.000000 0.000000 0.000000 0.000000 0.000000 0.000000 0.000000
 0.000000 0.000001 0.000000 0.000000 0.000000 0.000000 0.000000 0.000000 0.000000 0.000000 0.000000 0.000000 0.000000 0.000000 0.024254 0.000000 0.488058 0.000000 0.000000 0.487688
 0.000000 0.000000 0.010186 0.000000 0.000000 0.007486 0.224388 0.271298 0.323303 0.117138 0.000000 0.000000 0.000000 0.000000 0.000000 0.000112 0.000000 0.000003 0.000000 0.046085
 0.000000 0.376580 0.000000 0.000000 0.000000 0.000000 0.215597 0.000000 0.000000 0.000000 0.000000 0.000000 0.019352 0.000000 0.000000 0.000000 0.000000 0.000000 0.000000 0.388471
 0.000000 0.000000 0.000000 0.000000 0.071009 0.236915 0.000000 0.000000 0.217333 0.000000 0.000000 0.000000 0.000000 0.000088 0.000000 0.000000 0.000000 0.250044 0.195550 0.029061
 0.500000 0.000000 0.000000 0.000000 0.000000 0.000000 0.000000 0.000000 0.000000 0.000000 0.000000 0.000000 0.500000 0.000000 0.000000 0.000000 0.000000 0.000000 0.000000 0.000000
 0.000000 0.000000 0.000000 0.000000 0.000000 0.297683 0.000000 0.000000 0.353139 0.000000 0.000000 0.000000 0.000000 0.000004 0.000000 0.349174 0.000000 0.000000 0.000000 0.000000
 0.361905 0.000000 0.000000 0.000000 0.358356 0.000000 0.000000 0.000000 0.000000 0.000000 0.000000 0.000000 0.000000 0.000000 0.000000 0.279740 0.000000 0.000000 0.000000 0.000000
 0.000000 0.000000 0.000000 0.000005 0.000000 0.000000 0.151717 0.006931 0.027600 0.000000 0.000000 0.000000 0.360716 0.051457 0.360106 0.041468 0.000000 0.000000 0.000000 0.000000
the mean of prob-rank is 1.5789473684210527
the number of false negetive edges is 0
the number of probability greater than 0 is 5.0/edge
