20
 0.000000 0.000000 0.000000 0.000000 0.000000 0.477549 0.000000 0.476379 0.000000 0.000000 0.023842 0.000000 0.000000 0.000000 0.000000 0.000000 0.022231 0.000000 0.000000 0.000000
 0.000000 0.000000 0.000000 0.500000 0.000000 0.000000 0.000000 0.000000 0.000000 0.000000 0.000000 0.000000 0.000000 0.000000 0.000000 0.000000 0.000000 0.500000 0.000000 0.000000
 0.000000 0.000000 0.000000 0.000000 0.000000 0.000000 0.003972 0.000000 0.000000 0.000000 0.000000 0.000000 0.497971 0.000000 0.000000 0.000000 0.000000 0.000000 0.498057 0.000000
 0.000000 0.500000 0.000000 0.000000 0.500000 0.000000 0.000000 0.000000 0.000000 0.000000 0.000000 0.000000 0.000000 0.000000 0.000000 0.000000 0.000000 0.000000 0.000000 0.000000
 0.000000 0.000000 0.000000 0.500000 0.000000 0.000000 0.000000 0.000000 0.500000 0.000000 0.000000 0.000000 0.000000 0.000000 0.000000 0.000000 0.000000 0.000000 0.000000 0.000000
 0.499998 0.000000 0.000000 0.000000 0.000000 0.000000 0.000000 0.000000 0.000000 0.000000 0.000000 0.000000 0.500002 0.000000 0.000000 0.000000 0.000000 0.000000 0.000000 0.000000
 0.000000 0.000000 0.002886 0.000000 0.000000 0.000000 0.000000 0.000000 0.000000 0.250951 0.000000 0.360479 0.024024 0.000000 0.000000 0.000000 0.000000 0.000000 0.361659 0.000000
 0.463660 0.000000 0.000000 0.000000 0.000000 0.000000 0.000000 0.000000 0.000000 0.000006 0.464802 0.000000 0.000000 0.000000 0.000000 0.000000 0.069490 0.000000 0.000000 0.002042
 0.000000 0.000000 0.000000 0.000000 0.500000 0.000000 0.000000 0.000000 0.000000 0.000000 0.000000 0.000000 0.000000 0.000000 0.000000 0.500000 0.000000 0.000000 0.000000 0.000000
 0.000000 0.000000 0.000000 0.000000 0.000000 0.000000 0.256063 0.000005 0.000000 0.000000 0.008257 0.369239 0.000000 0.000000 0.366272 0.000000 0.000000 0.000165 0.000000 0.000000
 0.023931 0.000000 0.000000 0.000000 0.000000 0.000000 0.000000 0.479349 0.000000 0.010719 0.000000 0.000000 0.000000 0.000000 0.000000 0.000000 0.475909 0.000000 0.000000 0.010092
 0.000000 0.000000 0.000000 0.000000 0.000000 0.000000 0.425749 0.000000 0.000000 0.427390 0.000000 0.000000 0.000000 0.000000 0.146771 0.000000 0.000000 0.000000 0.000090 0.000000
 0.000000 0.000000 0.483893 0.000000 0.000000 0.483976 0.032131 0.000000 0.000000 0.000000 0.000000 0.000000 0.000000 0.000000 0.000000 0.000000 0.000000 0.000000 0.000000 0.000000
 0.000000 0.000000 0.000000 0.000000 0.000000 0.000000 0.000000 0.000000 0.000000 0.000000 0.000000 0.000000 0.000000 0.000000 0.500003 0.499997 0.000000 0.000000 0.000000 0.000000
 0.000000 0.000000 0.000000 0.000000 0.000000 0.000000 0.000000 0.000000 0.000000 0.424152 0.000000 0.146839 0.000000 0.427588 0.000000 0.000000 0.000000 0.000000 0.001421 0.000000
 0.000000 0.000000 0.000000 0.000000 0.000000 0.000000 0.000000 0.000000 0.500003 0.000000 0.000000 0.000000 0.000000 0.499997 0.000000 0.000000 0.000000 0.000000 0.000000 0.000000
 0.021267 0.000000 0.000000 0.000000 0.000000 0.000000 0.000000 0.068302 0.000000 0.000000 0.453576 0.000000 0.000000 0.000000 0.000000 0.000000 0.000000 0.000000 0.000000 0.456854
 0.000000 0.499890 0.000000 0.000000 0.000000 0.000000 0.000000 0.000000 0.000000 0.000224 0.000000 0.000000 0.000000 0.000000 0.000000 0.000000 0.000000 0.000000 0.000000 0.499886
 0.000000 0.000000 0.499262 0.000000 0.000000 0.000000 0.498973 0.000000 0.000000 0.000000 0.000000 0.000105 0.000000 0.000000 0.001660 0.000000 0.000000 0.000000 0.000000 0.000000
 0.000000 0.000000 0.000000 0.000000 0.000000 0.000000 0.000000 0.002169 0.000000 0.000000 0.010394 0.000000 0.000000 0.000000 0.000000 0.000000 0.493720 0.493717 0.000000 0.000000
the mean of prob-rank is 1.5789473684210527
the number of false negetive edges is 0
the number of probability greater than 0 is 3.4/edge
