20
 0.000000 0.497268 0.000000 0.000000 0.000000 0.000000 0.005529 0.000000 0.000000 0.000000 0.000000 0.000000 0.000000 0.000000 0.000000 0.497203 0.000000 0.000000 0.000000 0.000000
 0.499998 0.000000 0.000000 0.000000 0.000000 0.000000 0.000003 0.499998 0.000002 0.000000 0.000000 0.000000 0.000000 0.000000 0.000000 0.000000 0.000000 0.000000 0.000000 0.000000
 0.000000 0.000000 0.000000 0.000000 0.000000 0.000000 0.000000 0.000000 0.000000 0.000000 0.000000 0.286712 0.000000 0.304245 0.079282 0.000000 0.000000 0.000000 0.007615 0.322146
 0.000000 0.000000 0.000000 0.000000 0.000000 0.000000 0.490492 0.000000 0.000000 0.000000 0.000000 0.000000 0.488979 0.000000 0.000000 0.020529 0.000000 0.000000 0.000000 0.000000
 0.000000 0.000000 0.000000 0.000000 0.000000 0.000000 0.000000 0.000000 0.000000 0.472893 0.007047 0.000000 0.046959 0.000000 0.000000 0.000000 0.000000 0.000000 0.473101 0.000000
 0.000000 0.000000 0.000000 0.000000 0.000000 0.000000 0.000000 0.000000 0.000007 0.000000 0.465765 0.000000 0.000000 0.000000 0.000000 0.000000 0.465817 0.057829 0.000000 0.010581
 0.005529 0.000003 0.000000 0.497261 0.000000 0.000000 0.000000 0.000000 0.000000 0.000000 0.000000 0.000000 0.000000 0.000000 0.000000 0.497207 0.000000 0.000000 0.000000 0.000000
 0.000000 0.500000 0.000000 0.000000 0.000000 0.000000 0.000000 0.000000 0.500000 0.000000 0.000000 0.000000 0.000000 0.000000 0.000000 0.000000 0.000000 0.000000 0.000000 0.000000
 0.000000 0.000002 0.000000 0.000000 0.000000 0.000007 0.000000 0.473978 0.000000 0.000000 0.472631 0.000000 0.000000 0.000000 0.000000 0.000000 0.000000 0.053382 0.000000 0.000000
 0.000000 0.000000 0.000000 0.000000 0.485936 0.000000 0.000000 0.000000 0.000000 0.000000 0.000000 0.000000 0.486240 0.000000 0.000000 0.000000 0.000000 0.000000 0.027824 0.000000
 0.000000 0.000000 0.000000 0.000000 0.007382 0.495639 0.000000 0.000000 0.494290 0.000000 0.000000 0.000000 0.000000 0.000000 0.000000 0.001507 0.000000 0.000000 0.001182 0.000000
 0.000000 0.000000 0.335644 0.000000 0.000000 0.000000 0.000000 0.000000 0.000000 0.000000 0.000000 0.000000 0.000000 0.377127 0.010516 0.000000 0.000000 0.000000 0.276713 0.000000
 0.000000 0.000000 0.000000 0.475577 0.047342 0.000000 0.000000 0.000000 0.000000 0.477049 0.000000 0.000000 0.000000 0.000000 0.000000 0.000000 0.000000 0.000000 0.000031 0.000000
 0.000000 0.000000 0.359890 0.000000 0.000000 0.000000 0.000000 0.000000 0.000000 0.000000 0.000000 0.381068 0.000000 0.000000 0.257017 0.000000 0.000000 0.000000 0.000000 0.002024
 0.000000 0.000000 0.081215 0.000000 0.000000 0.000000 0.000000 0.000000 0.000000 0.000000 0.000000 0.009202 0.000000 0.222575 0.000000 0.000000 0.050628 0.328282 0.000000 0.308098
 0.489016 0.000000 0.000000 0.020470 0.000000 0.000000 0.489027 0.000000 0.000000 0.000000 0.001487 0.000000 0.000000 0.000000 0.000000 0.000000 0.000000 0.000000 0.000000 0.000000
 0.000000 0.000000 0.000000 0.000000 0.000000 0.447481 0.000000 0.000000 0.000000 0.000000 0.000000 0.000000 0.000000 0.000000 0.068651 0.000000 0.000000 0.447484 0.000000 0.036384
 0.000000 0.000000 0.000000 0.000000 0.000000 0.055632 0.000000 0.000000 0.050470 0.000000 0.000000 0.000000 0.000000 0.000000 0.445777 0.000000 0.448119 0.000000 0.000000 0.000002
 0.000000 0.000000 0.008610 0.000000 0.364193 0.000000 0.000000 0.000000 0.000000 0.020844 0.000868 0.267269 0.000024 0.000000 0.000000 0.000000 0.000000 0.000000 0.000000 0.338192
 0.000000 0.000000 0.336540 0.000000 0.000000 0.007645 0.000000 0.000000 0.000000 0.000000 0.000000 0.000000 0.000000 0.001788 0.314202 0.000000 0.027364 0.000001 0.312460 0.000000
the mean of prob-rank is 1.5789473684210527
the number of false negetive edges is 0
the number of probability greater than 0 is 4.4/edge
