20
 0.000000 0.000000 0.000000 0.000000 0.000000 0.000000 0.000000 0.499295 0.000000 0.000000 0.000000 0.000000 0.000000 0.000000 0.000000 0.499515 0.000000 0.000000 0.000000 0.001190
 0.000000 0.000000 0.000000 0.000000 0.000000 0.002437 0.000000 0.000000 0.000000 0.000000 0.000000 0.000052 0.000000 0.000000 0.496539 0.000000 0.000000 0.004052 0.000000 0.496921
 0.000000 0.000000 0.000000 0.488018 0.000002 0.000000 0.000000 0.000000 0.000000 0.000000 0.487984 0.000000 0.000000 0.000000 0.000000 0.000000 0.000000 0.000000 0.023995 0.000000
 0.000000 0.000000 0.500001 0.000000 0.000000 0.000000 0.000000 0.000000 0.000000 0.000000 0.000000 0.000000 0.000000 0.000000 0.000000 0.499997 0.000000 0.000000 0.000001 0.000000
 0.000000 0.000000 0.000003 0.000000 0.000000 0.000000 0.000000 0.000000 0.000000 0.000000 0.499998 0.000000 0.000000 0.000000 0.000000 0.000000 0.000000 0.000000 0.499999 0.000000
 0.000000 0.002454 0.000000 0.000000 0.000000 0.000000 0.000000 0.000000 0.000000 0.500525 0.000000 0.000000 0.000000 0.000000 0.000000 0.000000 0.000000 0.497021 0.000000 0.000000
 0.000000 0.000000 0.000000 0.000000 0.000000 0.000000 0.000000 0.000000 0.000000 0.499987 0.000000 0.000000 0.000000 0.499974 0.000000 0.000000 0.000000 0.000000 0.000000 0.000039
 0.498743 0.000000 0.000000 0.000000 0.000000 0.000000 0.000000 0.000000 0.000000 0.000000 0.000000 0.000000 0.000000 0.498963 0.000000 0.000000 0.000000 0.000000 0.000000 0.002293
 0.000000 0.000000 0.000000 0.000000 0.000000 0.000000 0.000000 0.000000 0.000000 0.000000 0.000000 0.000000 0.001465 0.000000 0.000000 0.000000 0.499282 0.499252 0.000000 0.000000
 0.000000 0.000000 0.000000 0.000000 0.000000 0.499088 0.499092 0.000000 0.000000 0.000000 0.000000 0.000000 0.000000 0.000000 0.000000 0.000000 0.000000 0.000000 0.000000 0.001820
 0.000000 0.000000 0.498330 0.000000 0.498364 0.000000 0.000000 0.000000 0.000000 0.000000 0.000000 0.000000 0.003306 0.000000 0.000000 0.000000 0.000000 0.000000 0.000000 0.000000
 0.000000 0.000051 0.000000 0.000000 0.000000 0.000000 0.000000 0.000000 0.000000 0.000000 0.000000 0.000000 0.492731 0.000000 0.492749 0.000000 0.014468 0.000000 0.000000 0.000001
 0.000000 0.000000 0.000000 0.000000 0.000000 0.000000 0.000000 0.000000 0.001347 0.000000 0.003046 0.459078 0.000000 0.000000 0.077623 0.000000 0.458905 0.000000 0.000000 0.000000
 0.000000 0.000000 0.000000 0.000000 0.000000 0.000000 0.499969 0.499982 0.000000 0.000000 0.000000 0.000000 0.000000 0.000000 0.000000 0.000049 0.000000 0.000000 0.000000 0.000000
 0.000000 0.449879 0.000000 0.000000 0.000000 0.000000 0.000000 0.000000 0.000000 0.000000 0.000000 0.450276 0.076132 0.000000 0.000000 0.000000 0.023712 0.000000 0.000000 0.000000
 0.499978 0.000000 0.000000 0.499974 0.000000 0.000000 0.000000 0.000000 0.000000 0.000000 0.000000 0.000000 0.000000 0.000049 0.000000 0.000000 0.000000 0.000000 0.000000 0.000000
 0.000000 0.000000 0.000000 0.000000 0.000000 0.000000 0.000000 0.000000 0.480397 0.000000 0.000000 0.014105 0.480199 0.000000 0.025299 0.000000 0.000000 0.000000 0.000000 0.000000
 0.000000 0.004075 0.000000 0.000000 0.000000 0.496227 0.000000 0.000000 0.499699 0.000000 0.000000 0.000000 0.000000 0.000000 0.000000 0.000000 0.000000 0.000000 0.000000 0.000000
 0.000000 0.000000 0.023998 0.000001 0.488070 0.000000 0.000000 0.000000 0.000000 0.000000 0.000000 0.000000 0.000000 0.000000 0.000000 0.000000 0.000000 0.000000 0.000000 0.487930
 0.001185 0.497381 0.000000 0.000000 0.000000 0.000000 0.000039 0.002286 0.000000 0.001814 0.000000 0.000001 0.000000 0.000000 0.000000 0.000000 0.000000 0.000000 0.497295 0.000000
the mean of prob-rank is 1.5263157894736843
the number of false negetive edges is 0
the number of probability greater than 0 is 3.7/edge
