20
 0.000000 0.480485 0.000000 0.000000 0.000000 0.000000 0.000000 0.000000 0.000000 0.000000 0.000000 0.000000 0.480526 0.000000 0.000000 0.000000 0.000000 0.000000 0.038990 0.000000
 0.492863 0.000000 0.000000 0.000000 0.000000 0.000000 0.000000 0.000000 0.000000 0.000000 0.000000 0.000000 0.000000 0.000000 0.000000 0.000000 0.000000 0.000000 0.492903 0.014233
 0.000000 0.000000 0.000000 0.000000 0.000000 0.135325 0.000000 0.000000 0.008142 0.044373 0.406089 0.000000 0.000000 0.000000 0.000000 0.405894 0.000000 0.000000 0.000178 0.000000
 0.000000 0.000000 0.000000 0.000000 0.000000 0.000000 0.000000 0.000000 0.074283 0.000012 0.000000 0.106601 0.000000 0.000000 0.000000 0.000030 0.000000 0.422893 0.000000 0.396181
 0.000000 0.000000 0.000000 0.000000 0.000000 0.000000 0.000000 0.000000 0.000000 0.000000 0.000000 0.499997 0.000000 0.500003 0.000000 0.000000 0.000000 0.000000 0.000000 0.000000
 0.000000 0.000000 0.087798 0.000000 0.000000 0.000000 0.000000 0.000000 0.262487 0.236397 0.212102 0.000000 0.000000 0.000000 0.000000 0.201212 0.000000 0.000000 0.000000 0.000004
 0.000000 0.000000 0.000000 0.000000 0.000000 0.000000 0.000000 0.500000 0.000000 0.000000 0.000000 0.000000 0.000000 0.500000 0.000000 0.000000 0.000000 0.000000 0.000000 0.000000
 0.000000 0.000000 0.000000 0.000000 0.000000 0.000000 0.500000 0.000000 0.000000 0.000000 0.000000 0.000000 0.000000 0.000000 0.500000 0.000000 0.000000 0.000000 0.000000 0.000000
 0.000000 0.000000 0.006183 0.054217 0.000000 0.307226 0.000000 0.000000 0.000000 0.295254 0.000717 0.000000 0.000000 0.000000 0.000000 0.162128 0.000000 0.000000 0.000000 0.174277
 0.000000 0.000000 0.036945 0.000010 0.000000 0.303370 0.000000 0.000000 0.323725 0.000000 0.335950 0.000000 0.000000 0.000000 0.000000 0.000000 0.000000 0.000000 0.000000 0.000000
 0.000000 0.000000 0.349902 0.000000 0.000000 0.281685 0.000000 0.000000 0.000813 0.347666 0.000000 0.000000 0.000000 0.000000 0.000000 0.019934 0.000000 0.000000 0.000000 0.000000
 0.000000 0.000000 0.000000 0.111977 0.444218 0.000000 0.000000 0.000000 0.000000 0.000000 0.000000 0.000000 0.000000 0.000000 0.000000 0.000000 0.000000 0.443806 0.000000 0.000000
 0.500000 0.000000 0.000000 0.000000 0.000000 0.000000 0.000000 0.000000 0.000000 0.000000 0.000000 0.000000 0.000000 0.000000 0.000000 0.000000 0.500000 0.000000 0.000000 0.000000
 0.000000 0.000000 0.000000 0.000000 0.499999 0.000000 0.499999 0.000000 0.000000 0.000000 0.000000 0.000000 0.000000 0.000000 0.000000 0.000000 0.000000 0.000003 0.000000 0.000000
 0.000000 0.000000 0.000000 0.000000 0.000000 0.000000 0.000000 0.500001 0.000000 0.000000 0.000000 0.000000 0.000000 0.000000 0.000000 0.000000 0.499999 0.000000 0.000000 0.000000
 0.000000 0.000000 0.270838 0.000019 0.000000 0.206939 0.000000 0.000000 0.142462 0.000000 0.015437 0.000000 0.000000 0.000000 0.000000 0.000000 0.000000 0.000000 0.123577 0.240727
 0.000000 0.000000 0.000000 0.000000 0.000000 0.000000 0.000000 0.000000 0.000000 0.000000 0.000000 0.000000 0.500001 0.000000 0.499999 0.000000 0.000000 0.000000 0.000000 0.000000
 0.000000 0.000000 0.000000 0.482323 0.000000 0.000000 0.000000 0.000000 0.000000 0.000000 0.000000 0.481872 0.000000 0.000003 0.000000 0.000000 0.000000 0.000000 0.000000 0.035802
 0.032048 0.394969 0.000173 0.000000 0.000000 0.000000 0.000000 0.000000 0.000000 0.000000 0.000000 0.000000 0.000000 0.000000 0.000000 0.179965 0.000000 0.000000 0.000000 0.392846
 0.000000 0.008281 0.000000 0.268681 0.000000 0.000004 0.000000 0.000000 0.161934 0.000000 0.000000 0.000000 0.000000 0.000000 0.000000 0.254557 0.000000 0.021288 0.285254 0.000000
the mean of prob-rank is 1.894736842105263
the number of false negetive edges is 0
the number of probability greater than 0 is 4.1/edge
