20
 0.000000 0.000000 0.305389 0.000000 0.000005 0.365688 0.000000 0.323274 0.000000 0.000000 0.000000 0.000000 0.000000 0.000000 0.005578 0.000000 0.000000 0.000000 0.000000 0.000067
 0.000000 0.000000 0.000000 0.001360 0.000000 0.000000 0.296984 0.000000 0.000000 0.000000 0.361513 0.000000 0.340143 0.000000 0.000000 0.000000 0.000000 0.000000 0.000000 0.000000
 0.228810 0.000000 0.000000 0.000000 0.256821 0.249872 0.000000 0.000000 0.000000 0.000000 0.000000 0.000000 0.000000 0.000000 0.264497 0.000000 0.000000 0.000000 0.000000 0.000000
 0.000000 0.001256 0.000000 0.000000 0.000000 0.000000 0.297461 0.000000 0.000000 0.000000 0.000000 0.057386 0.313345 0.003241 0.000000 0.000000 0.000000 0.327312 0.000000 0.000000
 0.000005 0.000000 0.335476 0.000000 0.000000 0.000000 0.000000 0.000000 0.306562 0.000000 0.000000 0.000000 0.000000 0.000000 0.000002 0.000000 0.000000 0.000000 0.357955 0.000000
 0.356160 0.000000 0.324809 0.000000 0.000000 0.000000 0.000000 0.000000 0.000000 0.000000 0.000000 0.000000 0.000000 0.000000 0.319031 0.000000 0.000000 0.000000 0.000000 0.000000
 0.000000 0.302223 0.000000 0.327623 0.000000 0.000000 0.000000 0.000000 0.000000 0.000000 0.000000 0.367891 0.000000 0.000000 0.000000 0.002263 0.000000 0.000000 0.000000 0.000000
 0.321335 0.000000 0.000000 0.000000 0.000000 0.000000 0.000000 0.000000 0.000000 0.000000 0.000000 0.000000 0.000000 0.315114 0.000000 0.000000 0.000000 0.000000 0.000000 0.363550
 0.000000 0.000000 0.000000 0.000000 0.239160 0.000000 0.000000 0.000000 0.000000 0.000000 0.262410 0.000000 0.236684 0.000000 0.000014 0.000000 0.261731 0.000000 0.000000 0.000000
 0.000000 0.000000 0.000000 0.000000 0.000000 0.000000 0.000000 0.000000 0.000000 0.000000 0.000000 0.000000 0.000000 0.337900 0.000000 0.354756 0.000000 0.000000 0.000000 0.307344
 0.000000 0.358604 0.000000 0.000000 0.000000 0.000000 0.000000 0.000000 0.336972 0.000000 0.000000 0.000000 0.000000 0.000000 0.000000 0.000000 0.304423 0.000000 0.000000 0.000000
 0.000000 0.000000 0.000000 0.079151 0.000000 0.000000 0.460710 0.000000 0.000000 0.000000 0.000000 0.000000 0.000000 0.000000 0.000000 0.460139 0.000000 0.000000 0.000000 0.000000
 0.000000 0.282738 0.000000 0.281900 0.000000 0.000000 0.000000 0.000000 0.254691 0.000000 0.000000 0.000000 0.000000 0.000000 0.000732 0.000000 0.000000 0.179938 0.000000 0.000000
 0.000000 0.000000 0.000000 0.002461 0.000000 0.000000 0.000000 0.219827 0.000000 0.241555 0.000000 0.000000 0.000000 0.000000 0.196295 0.000090 0.000000 0.107847 0.000000 0.231924
 0.004210 0.000000 0.266452 0.000000 0.000002 0.247240 0.000000 0.000000 0.000014 0.000000 0.000000 0.000000 0.000673 0.213664 0.000000 0.000000 0.000000 0.267745 0.000000 0.000000
 0.000000 0.000000 0.000000 0.000000 0.000000 0.000000 0.003008 0.000000 0.000000 0.488934 0.000000 0.488350 0.000000 0.000174 0.000000 0.000000 0.000000 0.000000 0.000000 0.019534
 0.000000 0.000000 0.000000 0.000000 0.000000 0.000000 0.000000 0.000000 0.336394 0.000000 0.304689 0.000000 0.000000 0.000000 0.000000 0.000000 0.000000 0.000000 0.358917 0.000000
 0.000000 0.000000 0.000000 0.329512 0.000000 0.000000 0.000000 0.000000 0.000000 0.000000 0.000000 0.000000 0.201353 0.142994 0.326142 0.000000 0.000000 0.000000 0.000000 0.000000
 0.000000 0.000000 0.000000 0.000000 0.499999 0.000000 0.000000 0.000000 0.000000 0.000000 0.000000 0.000000 0.000000 0.000000 0.000000 0.000000 0.500001 0.000000 0.000000 0.000000
 0.000065 0.000000 0.000000 0.000000 0.000000 0.000000 0.000000 0.354495 0.000000 0.307104 0.000000 0.000000 0.000000 0.324175 0.000000 0.014162 0.000000 0.000000 0.000000 0.000000
the mean of prob-rank is 1.9473684210526316
the number of false negetive edges is 0
the number of probability greater than 0 is 4.4/edge
