20
 0.000000 0.000000 0.000000 0.000000 0.000000 0.000000 0.000000 0.000000 0.000000 0.500110 0.000000 0.000000 0.000000 0.000000 0.000000 0.000000 0.000000 0.000000 0.499890 0.000000
 0.000000 0.000000 0.000000 0.000000 0.000000 0.000000 0.000000 0.000000 0.000000 0.000000 0.000000 0.000000 0.000000 0.000000 0.500000 0.000000 0.000000 0.000000 0.000000 0.500000
 0.000000 0.000000 0.000000 0.000000 0.000000 0.000002 0.427032 0.143998 0.000000 0.000000 0.000000 0.000000 0.428153 0.000815 0.000000 0.000000 0.000000 0.000000 0.000000 0.000000
 0.000000 0.000000 0.000000 0.000000 0.311479 0.000000 0.000000 0.000000 0.000000 0.000000 0.000069 0.000000 0.000000 0.301337 0.000000 0.000000 0.387115 0.000000 0.000000 0.000000
 0.000000 0.000000 0.000000 0.275379 0.000000 0.000000 0.000000 0.000000 0.000000 0.000000 0.334207 0.122553 0.000000 0.000000 0.013343 0.000000 0.254518 0.000000 0.000000 0.000000
 0.000000 0.000000 0.000001 0.000000 0.000000 0.000000 0.020136 0.000000 0.005556 0.000000 0.000000 0.348763 0.336201 0.000000 0.000000 0.289342 0.000000 0.000000 0.000000 0.000000
 0.000000 0.000000 0.393134 0.000000 0.000000 0.022757 0.000000 0.018971 0.000000 0.000000 0.388487 0.001897 0.041898 0.132823 0.000000 0.000000 0.000032 0.000000 0.000000 0.000000
 0.000000 0.000000 0.137162 0.000000 0.000000 0.000000 0.019628 0.000000 0.000000 0.000000 0.000000 0.000000 0.028923 0.000000 0.000000 0.000000 0.000000 0.407826 0.406461 0.000000
 0.000000 0.000000 0.000000 0.000000 0.000000 0.006586 0.000000 0.000000 0.000000 0.000000 0.000000 0.173026 0.000044 0.000000 0.412888 0.407457 0.000000 0.000000 0.000000 0.000000
 0.500001 0.000000 0.000000 0.000000 0.000000 0.000000 0.000000 0.000000 0.000000 0.000000 0.000000 0.000000 0.000000 0.000000 0.000000 0.000000 0.000000 0.000000 0.000000 0.499999
 0.000000 0.000000 0.000000 0.000064 0.351107 0.000000 0.354373 0.000000 0.000000 0.000000 0.000000 0.110776 0.000004 0.000000 0.000000 0.000000 0.183676 0.000000 0.000000 0.000000
 0.000000 0.000000 0.000000 0.000000 0.116804 0.326194 0.001570 0.000000 0.136534 0.000000 0.100498 0.000000 0.010862 0.000000 0.000000 0.307538 0.000000 0.000000 0.000000 0.000000
 0.000000 0.000000 0.402086 0.000000 0.000000 0.387604 0.042740 0.028516 0.000043 0.000000 0.000005 0.013389 0.000000 0.005656 0.000000 0.000004 0.000000 0.000000 0.119957 0.000000
 0.000000 0.000000 0.000614 0.250840 0.000000 0.000000 0.108586 0.000000 0.000000 0.000000 0.000000 0.000000 0.004533 0.000000 0.000000 0.000000 0.313185 0.322243 0.000000 0.000000
 0.000000 0.490725 0.000000 0.000000 0.019132 0.000000 0.000000 0.000000 0.490143 0.000000 0.000000 0.000000 0.000000 0.000000 0.000000 0.000000 0.000000 0.000000 0.000000 0.000000
 0.000000 0.000000 0.000000 0.000000 0.000000 0.300794 0.000000 0.000000 0.357373 0.000000 0.000000 0.341830 0.000003 0.000000 0.000000 0.000000 0.000000 0.000000 0.000000 0.000000
 0.000000 0.000000 0.000000 0.309935 0.230488 0.000000 0.000025 0.000000 0.000000 0.000000 0.158328 0.000000 0.000000 0.301223 0.000000 0.000000 0.000000 0.000000 0.000000 0.000000
 0.000000 0.000000 0.000000 0.000000 0.000000 0.000000 0.000000 0.500000 0.000000 0.000000 0.000000 0.000000 0.000000 0.500000 0.000000 0.000000 0.000000 0.000000 0.000000 0.000000
 0.435624 0.000000 0.000000 0.000000 0.000000 0.000000 0.000000 0.434356 0.000000 0.000000 0.000000 0.000000 0.130019 0.000000 0.000000 0.000000 0.000000 0.000000 0.000000 0.000000
 0.000000 0.500001 0.000000 0.000000 0.000000 0.000000 0.000000 0.000000 0.000000 0.499999 0.000000 0.000000 0.000000 0.000000 0.000000 0.000000 0.000000 0.000000 0.000000 0.000000
the mean of prob-rank is 1.7894736842105263
the number of false negetive edges is 0
the number of probability greater than 0 is 4.6/edge
