20
 0.000000 0.000000 0.000000 0.000000 0.000000 0.000000 0.415237 0.168055 0.000000 0.000000 0.000000 0.000000 0.000000 0.000001 0.000000 0.416707 0.000000 0.000000 0.000000 0.000000
 0.000000 0.000000 0.000000 0.000000 0.000000 0.495040 0.000000 0.000000 0.000000 0.000000 0.000000 0.000000 0.495048 0.000000 0.000000 0.000000 0.009912 0.000000 0.000000 0.000000
 0.000000 0.000000 0.000000 0.000000 0.000000 0.000000 0.000000 0.000000 0.000000 0.500001 0.000000 0.499999 0.000000 0.000000 0.000000 0.000000 0.000000 0.000000 0.000000 0.000000
 0.000000 0.000000 0.000000 0.000000 0.000000 0.000000 0.000000 0.000000 0.000000 0.000000 0.000000 0.000000 0.000000 0.000000 0.500000 0.000000 0.000000 0.000000 0.000000 0.500000
 0.000000 0.000000 0.000000 0.000000 0.000000 0.000000 0.000000 0.000000 0.000000 0.000000 0.000000 0.000000 0.008023 0.000000 0.495998 0.000000 0.495979 0.000000 0.000000 0.000000
 0.000000 0.495672 0.000000 0.000000 0.000000 0.000000 0.000000 0.000000 0.000000 0.000000 0.000000 0.000000 0.000000 0.000000 0.000000 0.495679 0.008649 0.000000 0.000000 0.000000
 0.451314 0.000000 0.000000 0.000000 0.000000 0.000000 0.000000 0.452626 0.000000 0.000000 0.000000 0.000000 0.000000 0.096060 0.000000 0.000000 0.000000 0.000000 0.000000 0.000000
 0.164759 0.000000 0.000000 0.000000 0.000000 0.000000 0.408275 0.000000 0.000052 0.000000 0.000000 0.000000 0.000000 0.406731 0.000000 0.020183 0.000000 0.000000 0.000000 0.000000
 0.000000 0.000000 0.000000 0.000000 0.000000 0.000000 0.000000 0.000063 0.000000 0.000000 0.499966 0.000000 0.000000 0.000000 0.000000 0.000000 0.000000 0.499970 0.000000 0.000000
 0.000000 0.000000 0.500000 0.000000 0.000000 0.000000 0.000000 0.000000 0.000000 0.000000 0.500000 0.000000 0.000000 0.000000 0.000000 0.000000 0.000000 0.000000 0.000000 0.000000
 0.000000 0.000000 0.000000 0.000000 0.000000 0.000000 0.000000 0.000000 0.499998 0.500002 0.000000 0.000000 0.000000 0.000000 0.000000 0.000000 0.000000 0.000000 0.000000 0.000000
 0.000000 0.000000 0.499999 0.000000 0.000000 0.000000 0.000000 0.000000 0.000000 0.000000 0.000000 0.000000 0.000000 0.000000 0.000000 0.000000 0.000000 0.000000 0.500001 0.000000
 0.000000 0.496001 0.000000 0.000000 0.008023 0.000000 0.000000 0.000000 0.000000 0.000000 0.000000 0.000000 0.000000 0.000000 0.000000 0.000000 0.495976 0.000000 0.000000 0.000000
 0.000001 0.000000 0.000000 0.000000 0.000000 0.000000 0.096074 0.450979 0.000000 0.000000 0.000000 0.000000 0.000000 0.000000 0.000000 0.000000 0.000000 0.452947 0.000000 0.000000
 0.000000 0.000000 0.000000 0.500000 0.500000 0.000000 0.000000 0.000000 0.000000 0.000000 0.000000 0.000000 0.000000 0.000000 0.000000 0.000000 0.000000 0.000000 0.000000 0.000000
 0.487941 0.000000 0.000000 0.000000 0.000000 0.487953 0.000000 0.024106 0.000000 0.000000 0.000000 0.000000 0.000000 0.000000 0.000000 0.000000 0.000000 0.000000 0.000000 0.000000
 0.000000 0.009828 0.000000 0.000000 0.490807 0.008564 0.000000 0.000000 0.000000 0.000000 0.000000 0.000000 0.490802 0.000000 0.000000 0.000000 0.000000 0.000000 0.000000 0.000000
 0.000000 0.000000 0.000000 0.000000 0.000000 0.000000 0.000000 0.000000 0.500023 0.000000 0.000000 0.000000 0.000000 0.499976 0.000000 0.000000 0.000000 0.000000 0.000000 0.000000
 0.000000 0.000000 0.000000 0.000000 0.000000 0.000000 0.000000 0.000000 0.000000 0.000000 0.000000 0.500000 0.000000 0.000000 0.000000 0.000000 0.000000 0.000000 0.000000 0.500000
 0.000000 0.000000 0.000000 0.500000 0.000000 0.000000 0.000000 0.000000 0.000000 0.000000 0.000000 0.000000 0.000000 0.000000 0.000000 0.000000 0.000000 0.000000 0.500000 0.000000
the mean of prob-rank is 1.631578947368421
the number of false negetive edges is 0
the number of probability greater than 0 is 2.7/edge
