20
 0.000000 0.000000 0.337758 0.000000 0.328265 0.000000 0.000000 0.000000 0.000239 0.000000 0.333698 0.000000 0.000000 0.000030 0.000000 0.000000 0.000000 0.000000 0.000009 0.000000
 0.000000 0.000000 0.000000 0.000000 0.000000 0.000000 0.000000 0.000000 0.000000 0.000000 0.000000 0.483819 0.000000 0.000002 0.000000 0.000000 0.000000 0.031476 0.000000 0.484702
 0.314281 0.000000 0.000000 0.000000 0.002152 0.000000 0.000000 0.000000 0.302464 0.000000 0.101227 0.000000 0.000000 0.000000 0.279853 0.000000 0.000022 0.000000 0.000000 0.000000
 0.000000 0.000000 0.000000 0.000000 0.296410 0.000000 0.352742 0.000000 0.000000 0.000000 0.000000 0.000000 0.000000 0.000000 0.000000 0.000000 0.000000 0.000000 0.350848 0.000000
 0.280879 0.000000 0.001979 0.246345 0.000000 0.000000 0.000008 0.000000 0.043019 0.000000 0.021226 0.000000 0.000000 0.000000 0.000000 0.000000 0.113366 0.000000 0.293178 0.000000
 0.000000 0.000000 0.000000 0.000000 0.000000 0.000000 0.000000 0.462663 0.000000 0.000150 0.007344 0.053535 0.000000 0.476308 0.000000 0.000000 0.000000 0.000000 0.000000 0.000000
 0.000000 0.000000 0.000000 0.499978 0.000014 0.000000 0.000000 0.000000 0.000000 0.000000 0.000000 0.000000 0.000000 0.000000 0.000000 0.000000 0.000000 0.000000 0.000003 0.500005
 0.000000 0.000000 0.000000 0.000000 0.000000 0.397590 0.000000 0.000000 0.000000 0.409319 0.004515 0.000000 0.000000 0.000017 0.188558 0.000000 0.000000 0.000000 0.000000 0.000000
 0.000231 0.000000 0.314403 0.000000 0.048628 0.000000 0.000000 0.000000 0.000000 0.000000 0.000000 0.000000 0.000000 0.000000 0.295829 0.000000 0.331247 0.000000 0.009661 0.000000
 0.000000 0.000000 0.000000 0.000000 0.000000 0.000158 0.000000 0.499925 0.000000 0.000000 0.000000 0.000000 0.499917 0.000001 0.000000 0.000000 0.000000 0.000000 0.000000 0.000000
 0.300182 0.000000 0.097863 0.000000 0.022315 0.004752 0.000000 0.003400 0.000000 0.000000 0.000000 0.000002 0.000000 0.303041 0.268445 0.000000 0.000000 0.000000 0.000000 0.000000
 0.000000 0.459928 0.000000 0.000000 0.000000 0.051787 0.000000 0.000000 0.000000 0.000000 0.000002 0.000000 0.000000 0.029130 0.000000 0.000000 0.000000 0.459152 0.000000 0.000000
 0.000000 0.000000 0.000000 0.000000 0.000000 0.000000 0.000000 0.000000 0.000000 0.499996 0.000000 0.000000 0.000000 0.000000 0.000000 0.500004 0.000000 0.000000 0.000000 0.000000
 0.000041 0.000002 0.000000 0.000000 0.000000 0.467052 0.000000 0.000020 0.000000 0.000001 0.459200 0.029527 0.000000 0.000000 0.044158 0.000000 0.000000 0.000000 0.000000 0.000000
 0.000000 0.000000 0.209947 0.000000 0.000000 0.000000 0.000000 0.110183 0.213506 0.000000 0.208313 0.000000 0.000000 0.022613 0.000000 0.000000 0.235438 0.000000 0.000000 0.000000
 0.000000 0.000000 0.000000 0.000000 0.000000 0.000000 0.000000 0.000000 0.000000 0.000000 0.000000 0.000000 0.500004 0.000000 0.000000 0.000000 0.000000 0.499996 0.000000 0.000000
 0.000000 0.000000 0.000023 0.000000 0.126896 0.000000 0.000000 0.000000 0.328012 0.000000 0.000000 0.000000 0.000000 0.000000 0.323032 0.000000 0.000000 0.000000 0.222036 0.000000
 0.000000 0.031502 0.000000 0.000000 0.000000 0.000000 0.000000 0.000000 0.000000 0.000000 0.000000 0.483399 0.000000 0.000000 0.000000 0.485093 0.000000 0.000000 0.000000 0.000005
 0.000010 0.000000 0.000000 0.368314 0.370322 0.000000 0.000002 0.000000 0.010796 0.000000 0.000000 0.000000 0.000000 0.000000 0.000000 0.000000 0.250556 0.000000 0.000000 0.000000
 0.000000 0.499997 0.000000 0.000000 0.000000 0.000000 0.499998 0.000000 0.000000 0.000000 0.000000 0.000000 0.000000 0.000000 0.000000 0.000000 0.000000 0.000006 0.000000 0.000000
the mean of prob-rank is 1.631578947368421
the number of false negetive edges is 0
the number of probability greater than 0 is 4.9/edge
