20
 0.000000 0.109042 0.000000 0.000000 0.000000 0.430614 0.000000 0.000000 0.031356 0.000000 0.000000 0.000000 0.000000 0.000000 0.000000 0.000000 0.000000 0.000000 0.428988 0.000000
 0.112585 0.000000 0.000000 0.000000 0.000000 0.000610 0.000000 0.000000 0.442040 0.000000 0.000000 0.000000 0.000155 0.000000 0.000000 0.000000 0.000000 0.000000 0.444609 0.000000
 0.000000 0.000000 0.000000 0.461247 0.000000 0.000000 0.000000 0.000000 0.000000 0.000000 0.000000 0.000000 0.000000 0.000000 0.461311 0.077443 0.000000 0.000000 0.000000 0.000000
 0.000000 0.000000 0.482542 0.000000 0.000000 0.000000 0.034842 0.000000 0.000000 0.000000 0.000000 0.000000 0.000000 0.000000 0.000000 0.000000 0.000000 0.482615 0.000000 0.000000
 0.000000 0.000000 0.000000 0.000000 0.000000 0.000000 0.000000 0.000000 0.000000 0.499994 0.000000 0.000000 0.000000 0.499998 0.000000 0.000000 0.000000 0.000008 0.000000 0.000000
 0.499657 0.000686 0.000000 0.000000 0.000000 0.000000 0.000000 0.000000 0.000000 0.000000 0.000000 0.000000 0.000000 0.000000 0.000000 0.000000 0.000000 0.000000 0.000000 0.499657
 0.000000 0.000000 0.000000 0.034862 0.000000 0.000000 0.000000 0.482881 0.000000 0.000000 0.000000 0.000000 0.000000 0.000000 0.000000 0.000000 0.000000 0.482257 0.000000 0.000000
 0.000000 0.000000 0.000000 0.000000 0.000000 0.000000 0.500000 0.000000 0.000000 0.000000 0.000000 0.000000 0.000000 0.500000 0.000000 0.000000 0.000000 0.000000 0.000000 0.000000
 0.026578 0.362890 0.000000 0.000000 0.000000 0.000000 0.000000 0.000000 0.000000 0.000000 0.001328 0.364999 0.007414 0.000000 0.000019 0.000000 0.000000 0.000000 0.236772 0.000000
 0.000000 0.000000 0.000000 0.000000 0.499951 0.000000 0.000000 0.000000 0.000000 0.000000 0.000000 0.000000 0.000000 0.000000 0.000000 0.000000 0.499955 0.000000 0.000000 0.000094
 0.000000 0.000000 0.000000 0.000000 0.000000 0.000000 0.000000 0.000000 0.001816 0.000000 0.000000 0.499072 0.499106 0.000000 0.000000 0.000005 0.000000 0.000000 0.000000 0.000000
 0.000000 0.000000 0.000000 0.000000 0.000000 0.000000 0.000000 0.000000 0.499906 0.000000 0.499873 0.000000 0.000077 0.000000 0.000144 0.000000 0.000000 0.000000 0.000000 0.000000
 0.000000 0.000173 0.000000 0.000000 0.000000 0.000000 0.000000 0.000000 0.010057 0.000000 0.495125 0.000076 0.000000 0.000000 0.000000 0.494569 0.000000 0.000000 0.000000 0.000000
 0.000000 0.000000 0.000000 0.000000 0.500000 0.000000 0.000000 0.500000 0.000000 0.000000 0.000000 0.000000 0.000000 0.000000 0.000000 0.000000 0.000000 0.000000 0.000000 0.000000
 0.000000 0.000000 0.470778 0.000000 0.000000 0.000000 0.000000 0.000000 0.000025 0.000000 0.000000 0.000136 0.000000 0.000000 0.000000 0.470431 0.000009 0.058621 0.000000 0.000000
 0.000000 0.000000 0.077503 0.000000 0.000000 0.000000 0.000000 0.000000 0.000000 0.000000 0.000004 0.000000 0.461160 0.000000 0.461332 0.000000 0.000000 0.000000 0.000000 0.000000
 0.000000 0.000000 0.000000 0.000000 0.000000 0.000000 0.000000 0.000000 0.000000 0.499991 0.000000 0.000000 0.000000 0.000000 0.000010 0.000000 0.000000 0.000009 0.000000 0.499991
 0.000000 0.000000 0.000000 0.470974 0.000008 0.000000 0.470366 0.000000 0.000000 0.000000 0.000000 0.000000 0.000000 0.000000 0.058644 0.000000 0.000008 0.000000 0.000000 0.000000
 0.376656 0.378085 0.000000 0.000000 0.000000 0.000000 0.000000 0.000000 0.245260 0.000000 0.000000 0.000000 0.000000 0.000000 0.000000 0.000000 0.000000 0.000000 0.000000 0.000000
 0.000000 0.000000 0.000000 0.000000 0.000000 0.499953 0.000000 0.000000 0.000000 0.000094 0.000000 0.000000 0.000000 0.000000 0.000000 0.000000 0.499953 0.000000 0.000000 0.000000
the mean of prob-rank is 1.4210526315789473
the number of false negetive edges is 0
the number of probability greater than 0 is 3.8/edge
