20
 0.000000 0.000000 0.000000 0.000000 0.000000 0.000000 0.000000 0.185171 0.000000 0.000000 0.000018 0.000000 0.412711 0.000000 0.000000 0.000000 0.000000 0.000000 0.402098 0.000000
 0.000000 0.000000 0.000000 0.223238 0.007381 0.335673 0.100708 0.000000 0.331537 0.000000 0.000000 0.000000 0.000000 0.000000 0.000000 0.001462 0.000000 0.000000 0.000000 0.000000
 0.000000 0.000000 0.000000 0.000000 0.000000 0.000000 0.000000 0.339668 0.000000 0.000000 0.346563 0.000000 0.000000 0.000000 0.000000 0.000000 0.000000 0.000000 0.313768 0.000000
 0.000000 0.249344 0.000000 0.000000 0.000000 0.000000 0.000000 0.000000 0.375221 0.373281 0.002154 0.000000 0.000000 0.000000 0.000000 0.000000 0.000000 0.000000 0.000000 0.000000
 0.000000 0.010867 0.000000 0.000000 0.000000 0.000000 0.000000 0.000000 0.000000 0.000000 0.000000 0.000000 0.000000 0.000000 0.000000 0.494550 0.494583 0.000000 0.000000 0.000000
 0.000000 0.430011 0.000000 0.000000 0.000000 0.000000 0.430260 0.000000 0.000000 0.000000 0.000000 0.000000 0.000000 0.000000 0.000000 0.139729 0.000000 0.000000 0.000000 0.000000
 0.000000 0.118263 0.000000 0.000000 0.000000 0.394416 0.000000 0.000000 0.093297 0.000000 0.000000 0.000000 0.000000 0.000000 0.000000 0.394024 0.000000 0.000000 0.000000 0.000000
 0.184735 0.000000 0.403548 0.000000 0.000000 0.000000 0.000000 0.000000 0.000000 0.000000 0.000004 0.000000 0.000000 0.000000 0.000000 0.000000 0.000000 0.000000 0.411712 0.000000
 0.000000 0.351306 0.000000 0.355968 0.000000 0.000000 0.084185 0.000000 0.000000 0.208541 0.000000 0.000000 0.000000 0.000000 0.000000 0.000000 0.000000 0.000000 0.000000 0.000000
 0.000000 0.000000 0.000000 0.385510 0.000000 0.000000 0.000000 0.000000 0.227022 0.000000 0.387468 0.000000 0.000000 0.000000 0.000000 0.000000 0.000000 0.000000 0.000000 0.000000
 0.000022 0.000000 0.498585 0.002862 0.000000 0.000000 0.000000 0.000005 0.000000 0.498525 0.000000 0.000000 0.000000 0.000000 0.000000 0.000000 0.000000 0.000000 0.000000 0.000000
 0.000000 0.000000 0.000000 0.000000 0.000000 0.000000 0.000000 0.000000 0.000000 0.000000 0.000000 0.000000 0.500000 0.500000 0.000000 0.000000 0.000000 0.000000 0.000000 0.000000
 0.499986 0.000000 0.000000 0.000000 0.000000 0.000000 0.000000 0.000000 0.000000 0.000000 0.000000 0.499986 0.000000 0.000000 0.000000 0.000000 0.000000 0.000000 0.000028 0.000000
 0.000000 0.000000 0.000000 0.000000 0.000000 0.000000 0.000000 0.000000 0.000000 0.000000 0.000000 0.500000 0.000000 0.000000 0.000000 0.000000 0.000000 0.500000 0.000000 0.000000
 0.000000 0.000000 0.000000 0.000000 0.000000 0.000000 0.000000 0.000000 0.000000 0.000000 0.000000 0.000000 0.000000 0.000000 0.000000 0.000000 0.000000 0.500000 0.000000 0.500000
 0.000000 0.001870 0.000000 0.000000 0.429566 0.139484 0.429079 0.000000 0.000000 0.000000 0.000000 0.000000 0.000000 0.000000 0.000000 0.000000 0.000000 0.000000 0.000000 0.000000
 0.000000 0.000000 0.000000 0.000000 0.500000 0.000000 0.000000 0.000000 0.000000 0.000000 0.000000 0.000000 0.000000 0.000000 0.000000 0.000000 0.000000 0.000000 0.000000 0.500000
 0.000000 0.000000 0.000000 0.000000 0.000000 0.000000 0.000000 0.000000 0.000000 0.000000 0.000000 0.000000 0.000000 0.500000 0.500000 0.000000 0.000000 0.000000 0.000000 0.000000
 0.338335 0.000000 0.314404 0.000000 0.000000 0.000000 0.000000 0.347242 0.000000 0.000000 0.000000 0.000000 0.000020 0.000000 0.000000 0.000000 0.000000 0.000000 0.000000 0.000000
 0.000000 0.000000 0.000000 0.000000 0.000000 0.000000 0.000000 0.000000 0.000000 0.000000 0.000000 0.000000 0.000000 0.000000 0.500000 0.000000 0.500000 0.000000 0.000000 0.000000
the mean of prob-rank is 1.4736842105263157
the number of false negetive edges is 0
the number of probability greater than 0 is 3.3/edge
