20
 0.000000 0.000000 0.000000 0.000843 0.000000 0.000000 0.198953 0.000001 0.000000 0.000010 0.398621 0.000000 0.000813 0.000000 0.399726 0.001034 0.000000 0.000000 0.000000 0.000000
 0.000000 0.000000 0.000000 0.000000 0.000000 0.000000 0.490009 0.000000 0.000000 0.000000 0.000000 0.000000 0.019983 0.000000 0.000000 0.000000 0.000000 0.000000 0.490008 0.000000
 0.000000 0.000000 0.000000 0.001905 0.000000 0.000000 0.000000 0.000000 0.310165 0.000000 0.000000 0.000000 0.000000 0.192721 0.002934 0.215893 0.000000 0.276383 0.000000 0.000000
 0.001048 0.000000 0.003055 0.000000 0.000000 0.000000 0.000000 0.000000 0.497307 0.000000 0.000000 0.000000 0.000000 0.000000 0.001194 0.000000 0.000000 0.000000 0.497396 0.000000
 0.000000 0.000000 0.000000 0.000000 0.000000 0.000000 0.000000 0.000000 0.000000 0.343297 0.000000 0.357024 0.299679 0.000000 0.000000 0.000000 0.000000 0.000000 0.000000 0.000000
 0.000000 0.000000 0.000000 0.000000 0.000000 0.000000 0.000000 0.403244 0.000000 0.183976 0.000000 0.412780 0.000000 0.000000 0.000000 0.000000 0.000000 0.000000 0.000000 0.000000
 0.193456 0.388882 0.000000 0.000000 0.000000 0.000000 0.000000 0.000000 0.000000 0.000000 0.000690 0.000000 0.380332 0.000000 0.036641 0.000000 0.000000 0.000000 0.000000 0.000000
 0.000001 0.000000 0.000000 0.000000 0.000000 0.292317 0.000000 0.000000 0.000000 0.283535 0.242710 0.000000 0.000000 0.000000 0.004242 0.000000 0.000000 0.000006 0.000000 0.177189
 0.000000 0.000000 0.487278 0.487193 0.000000 0.000000 0.000000 0.000000 0.000000 0.000000 0.000000 0.000000 0.000000 0.007072 0.018447 0.000010 0.000000 0.000000 0.000000 0.000000
 0.000006 0.000000 0.000000 0.000000 0.234487 0.108658 0.000000 0.231004 0.000000 0.000000 0.181408 0.038574 0.205862 0.000000 0.000001 0.000000 0.000000 0.000000 0.000000 0.000000
 0.304499 0.000000 0.000000 0.000000 0.000000 0.000000 0.000542 0.247723 0.000000 0.227260 0.000000 0.000000 0.207066 0.000000 0.012910 0.000000 0.000000 0.000000 0.000000 0.000000
 0.000000 0.000000 0.000000 0.000000 0.463417 0.463280 0.000000 0.000000 0.000000 0.073303 0.000000 0.000000 0.000000 0.000000 0.000000 0.000000 0.000000 0.000000 0.000000 0.000000
 0.000601 0.012058 0.000000 0.000000 0.248178 0.000000 0.289167 0.000000 0.000000 0.249594 0.200402 0.000000 0.000000 0.000000 0.000000 0.000000 0.000000 0.000000 0.000000 0.000000
 0.000000 0.000000 0.215171 0.000000 0.000000 0.000000 0.000000 0.000000 0.005026 0.000000 0.000000 0.000000 0.000000 0.000000 0.042879 0.346237 0.333366 0.001338 0.000000 0.055982
 0.333632 0.000000 0.003157 0.000801 0.000000 0.000000 0.031451 0.004731 0.012637 0.000001 0.014106 0.000000 0.000000 0.041332 0.000000 0.317710 0.017779 0.000000 0.000000 0.222661
 0.000953 0.000000 0.256605 0.000000 0.000000 0.000000 0.000000 0.000000 0.000008 0.000000 0.000000 0.000000 0.000000 0.368592 0.350882 0.000000 0.022953 0.000005 0.000000 0.000003
 0.000000 0.000000 0.000000 0.000000 0.000000 0.000000 0.000000 0.000000 0.000000 0.000000 0.000000 0.000000 0.000000 0.325027 0.017983 0.021021 0.000000 0.315764 0.000000 0.320205
 0.000000 0.000000 0.315953 0.000000 0.000000 0.000000 0.000000 0.000007 0.000000 0.000000 0.000000 0.000000 0.000000 0.001370 0.000000 0.000005 0.331605 0.000000 0.000000 0.351060
 0.000000 0.500000 0.000000 0.500000 0.000000 0.000000 0.000000 0.000000 0.000000 0.000000 0.000000 0.000000 0.000000 0.000000 0.000000 0.000000 0.000000 0.000000 0.000000 0.000000
 0.000000 0.000000 0.000000 0.000000 0.000000 0.000000 0.000000 0.176228 0.000000 0.000000 0.000000 0.000000 0.000000 0.048125 0.198574 0.000002 0.282326 0.294744 0.000000 0.000000
the mean of prob-rank is 1.5789473684210527
the number of false negetive edges is 0
the number of probability greater than 0 is 5.55/edge
