20
 0.000000 0.425771 0.000000 0.001233 0.146701 0.000000 0.000000 0.000000 0.000000 0.000000 0.000000 0.000000 0.000000 0.000000 0.426295 0.000000 0.000000 0.000000 0.000000 0.000000
 0.367536 0.000000 0.000000 0.246390 0.358918 0.013484 0.000000 0.013672 0.000000 0.000000 0.000000 0.000000 0.000000 0.000000 0.000000 0.000000 0.000000 0.000000 0.000000 0.000000
 0.000000 0.000000 0.000000 0.000000 0.000000 0.000000 0.000000 0.000000 0.000000 0.000000 0.000000 0.000000 0.000000 0.000000 0.000000 0.000000 0.000000 0.000000 0.499927 0.500073
 0.000694 0.160653 0.000000 0.000000 0.000000 0.000000 0.236463 0.233590 0.073574 0.000000 0.000000 0.164609 0.000000 0.000000 0.000000 0.000000 0.000000 0.130418 0.000000 0.000000
 0.146321 0.414710 0.000000 0.000000 0.000000 0.425204 0.000000 0.000000 0.000000 0.000000 0.000000 0.000000 0.000000 0.013763 0.000002 0.000000 0.000000 0.000000 0.000000 0.000000
 0.000000 0.017817 0.000000 0.000000 0.486254 0.000000 0.000000 0.009493 0.000000 0.000000 0.000000 0.000000 0.000000 0.486436 0.000000 0.000000 0.000000 0.000000 0.000000 0.000000
 0.000000 0.000000 0.000000 0.403925 0.000000 0.000000 0.000000 0.186046 0.000000 0.000000 0.000000 0.000000 0.000000 0.000000 0.000000 0.000000 0.410029 0.000000 0.000000 0.000000
 0.000000 0.014977 0.000000 0.392449 0.000000 0.007870 0.182983 0.000000 0.000000 0.000000 0.000000 0.000000 0.000000 0.401720 0.000000 0.000000 0.000000 0.000000 0.000000 0.000000
 0.000000 0.000000 0.000000 0.132916 0.000000 0.000000 0.000000 0.000000 0.000000 0.000000 0.433442 0.000000 0.000000 0.000000 0.000000 0.433642 0.000000 0.000000 0.000000 0.000000
 0.000000 0.000000 0.000000 0.000000 0.000000 0.000000 0.000000 0.000000 0.000000 0.000000 0.000000 0.000000 0.500013 0.000000 0.000000 0.000000 0.499986 0.000000 0.000000 0.000000
 0.000000 0.000000 0.000000 0.000000 0.000000 0.000000 0.000000 0.000000 0.498670 0.000000 0.000000 0.000000 0.498901 0.000000 0.000000 0.002430 0.000000 0.000000 0.000000 0.000000
 0.000000 0.000000 0.000000 0.259010 0.000000 0.000000 0.000000 0.000000 0.000000 0.000000 0.000000 0.000000 0.000000 0.000000 0.000000 0.000000 0.000000 0.363324 0.377666 0.000000
 0.000000 0.000000 0.000000 0.000000 0.000000 0.000000 0.000000 0.000000 0.000000 0.500000 0.500000 0.000000 0.000000 0.000000 0.000000 0.000000 0.000000 0.000000 0.000000 0.000000
 0.000000 0.000000 0.000000 0.000000 0.015951 0.492977 0.000000 0.491072 0.000000 0.000000 0.000000 0.000000 0.000000 0.000000 0.000000 0.000000 0.000000 0.000000 0.000000 0.000000
 0.499896 0.000000 0.000000 0.000000 0.000003 0.000000 0.000000 0.000000 0.000000 0.000000 0.000000 0.000000 0.000000 0.000000 0.000000 0.000000 0.000000 0.000000 0.000000 0.500101
 0.000000 0.000000 0.000000 0.000000 0.000000 0.000000 0.000000 0.000000 0.498500 0.000000 0.002428 0.000000 0.000000 0.000000 0.000000 0.000000 0.000000 0.498479 0.000593 0.000000
 0.000000 0.000000 0.000000 0.000000 0.000000 0.000000 0.500013 0.000000 0.000000 0.499987 0.000000 0.000000 0.000000 0.000000 0.000000 0.000000 0.000000 0.000000 0.000000 0.000000
 0.000000 0.000000 0.000000 0.216875 0.000000 0.000000 0.000000 0.000000 0.000000 0.000000 0.000000 0.383978 0.000000 0.000000 0.000000 0.399146 0.000000 0.000000 0.000001 0.000000
 0.000000 0.000000 0.499646 0.000000 0.000000 0.000000 0.000000 0.000000 0.000000 0.000000 0.000000 0.499757 0.000000 0.000000 0.000000 0.000595 0.000000 0.000002 0.000000 0.000000
 0.000000 0.000000 0.500000 0.000000 0.000000 0.000000 0.000000 0.000000 0.000000 0.000000 0.000000 0.000000 0.000000 0.000000 0.500000 0.000000 0.000000 0.000000 0.000000 0.000000
the mean of prob-rank is 1.736842105263158
the number of false negetive edges is 0
the number of probability greater than 0 is 3.5/edge
