20
 0.000000 0.000000 0.000000 0.000000 0.000000 0.000000 0.000000 0.000000 0.000000 0.000000 0.000000 0.000000 0.000000 0.369465 0.000000 0.256267 0.374192 0.000076 0.000000 0.000000
 0.000000 0.000000 0.000000 0.000000 0.000000 0.000000 0.000000 0.500020 0.000000 0.000000 0.000000 0.499980 0.000000 0.000000 0.000000 0.000000 0.000000 0.000000 0.000000 0.000000
 0.000000 0.000000 0.000000 0.000003 0.000000 0.000000 0.000000 0.000000 0.000000 0.000000 0.000000 0.436477 0.000000 0.000000 0.000000 0.435715 0.117916 0.009890 0.000000 0.000000
 0.000000 0.000000 0.000002 0.000000 0.000000 0.282039 0.000000 0.000000 0.000000 0.000000 0.000002 0.000072 0.006247 0.000009 0.000000 0.000000 0.000000 0.364827 0.000001 0.346801
 0.000000 0.000000 0.000000 0.000000 0.000000 0.000000 0.223411 0.000000 0.000000 0.259325 0.247205 0.000000 0.000000 0.000000 0.000000 0.000000 0.000000 0.000000 0.270060 0.000000
 0.000000 0.000000 0.000000 0.254584 0.000000 0.000000 0.057492 0.000000 0.000000 0.000000 0.000000 0.000000 0.251023 0.000000 0.000000 0.000000 0.000000 0.000000 0.107445 0.329456
 0.000000 0.000000 0.000000 0.000000 0.253534 0.055049 0.000000 0.000000 0.000000 0.315542 0.073289 0.000000 0.000000 0.000000 0.002711 0.000000 0.000000 0.000000 0.299875 0.000001
 0.000000 0.500074 0.000000 0.000000 0.000000 0.000000 0.000000 0.000000 0.499926 0.000000 0.000000 0.000000 0.000000 0.000000 0.000000 0.000000 0.000000 0.000000 0.000000 0.000000
 0.000000 0.000000 0.000000 0.000000 0.000000 0.000000 0.000000 0.499927 0.000000 0.000000 0.000000 0.000000 0.000000 0.000000 0.500073 0.000000 0.000000 0.000000 0.000000 0.000000
 0.000000 0.000000 0.000000 0.000000 0.306186 0.000000 0.328297 0.000000 0.000000 0.000000 0.223409 0.000000 0.000000 0.000000 0.001592 0.000000 0.000000 0.000000 0.140515 0.000000
 0.000000 0.000000 0.000000 0.000001 0.237665 0.000000 0.062089 0.000000 0.000000 0.181914 0.000000 0.000000 0.000000 0.000000 0.267091 0.000000 0.000000 0.000000 0.250927 0.000313
 0.000000 0.499930 0.499967 0.000098 0.000000 0.000000 0.000000 0.000000 0.000000 0.000000 0.000000 0.000000 0.000000 0.000000 0.000000 0.000000 0.000000 0.000005 0.000000 0.000000
 0.000000 0.000000 0.000000 0.006017 0.000000 0.267864 0.000000 0.000000 0.000000 0.000000 0.000000 0.000000 0.000000 0.345441 0.000000 0.000000 0.033753 0.346924 0.000000 0.000000
 0.312397 0.000000 0.000000 0.000008 0.000000 0.000000 0.000000 0.000000 0.000000 0.000000 0.000000 0.000000 0.310802 0.000000 0.000000 0.049380 0.207781 0.119632 0.000000 0.000000
 0.000000 0.000000 0.000000 0.000000 0.000000 0.000000 0.004268 0.000000 0.496874 0.002410 0.496448 0.000000 0.000000 0.000000 0.000000 0.000000 0.000000 0.000000 0.000000 0.000000
 0.234779 0.000000 0.342217 0.000000 0.000000 0.000000 0.000000 0.000000 0.000000 0.000000 0.000000 0.000000 0.000000 0.053504 0.000000 0.000000 0.334137 0.035363 0.000000 0.000000
 0.333608 0.000000 0.090125 0.000000 0.000000 0.000000 0.000000 0.000000 0.000000 0.000000 0.000000 0.000000 0.032020 0.219085 0.000000 0.325161 0.000000 0.000000 0.000000 0.000000
 0.000081 0.000000 0.009100 0.401325 0.000000 0.000000 0.000000 0.000000 0.000000 0.000000 0.000000 0.000004 0.396208 0.151854 0.000000 0.041428 0.000000 0.000000 0.000000 0.000000
 0.000000 0.000000 0.000000 0.000001 0.217472 0.073003 0.212791 0.000000 0.000000 0.095835 0.210176 0.000000 0.000000 0.000000 0.000000 0.000000 0.000000 0.000000 0.000000 0.190722
 0.000000 0.000000 0.000000 0.338940 0.000000 0.356713 0.000001 0.000000 0.000000 0.000000 0.000418 0.000000 0.000000 0.000000 0.000000 0.000000 0.000000 0.000000 0.303928 0.000000
the mean of prob-rank is 1.736842105263158
the number of false negetive edges is 0
the number of probability greater than 0 is 4.9/edge
