20
 0.000000 0.000000 0.000000 0.000000 0.000000 0.000000 0.000000 0.000000 0.000000 0.000000 0.000000 0.000000 0.000000 0.000000 0.500000 0.500000 0.000000 0.000000 0.000000 0.000000
 0.000000 0.000000 0.000000 0.258989 0.000000 0.000000 0.000000 0.000000 0.000000 0.000000 0.000000 0.000000 0.000000 0.283482 0.000000 0.000000 0.310301 0.147228 0.000000 0.000000
 0.000000 0.000000 0.000000 0.000000 0.000000 0.000000 0.000000 0.000000 0.000000 0.000000 0.000000 0.000000 0.000000 0.000000 0.500002 0.000000 0.000000 0.000000 0.000000 0.499998
 0.000000 0.296854 0.000000 0.000000 0.000000 0.000000 0.000000 0.000000 0.000000 0.000000 0.000000 0.000000 0.000000 0.000000 0.000000 0.355677 0.347468 0.000000 0.000000 0.000000
 0.000000 0.000000 0.000000 0.000000 0.000000 0.323717 0.126650 0.000000 0.040170 0.000000 0.000012 0.001977 0.351004 0.144883 0.000000 0.000000 0.000000 0.011588 0.000000 0.000000
 0.000000 0.000000 0.000000 0.000000 0.364898 0.000000 0.000000 0.000000 0.000000 0.000000 0.000000 0.000000 0.000000 0.230843 0.000000 0.000000 0.000000 0.404259 0.000000 0.000000
 0.000000 0.000000 0.000000 0.000000 0.150753 0.000000 0.000000 0.000000 0.000000 0.000000 0.004499 0.426930 0.000000 0.000000 0.000000 0.000000 0.000000 0.000000 0.000000 0.417819
 0.000000 0.000000 0.000000 0.000000 0.000000 0.000000 0.000000 0.000000 0.081490 0.432878 0.000000 0.000000 0.055328 0.000000 0.000000 0.000000 0.000000 0.000000 0.430304 0.000000
 0.000000 0.000000 0.000000 0.000000 0.043810 0.000000 0.000000 0.073547 0.000000 0.387803 0.000000 0.000000 0.391175 0.076233 0.000000 0.000000 0.000000 0.000000 0.027432 0.000000
 0.000000 0.000000 0.000000 0.000000 0.000000 0.000000 0.000000 0.374570 0.371806 0.000000 0.000000 0.000000 0.001040 0.252583 0.000000 0.000000 0.000000 0.000000 0.000000 0.000000
 0.000000 0.000000 0.000000 0.000000 0.000014 0.000000 0.004482 0.000000 0.000000 0.000000 0.000000 0.423612 0.000000 0.000000 0.000000 0.000000 0.000000 0.000000 0.419684 0.152207
 0.000000 0.000000 0.000000 0.000000 0.002652 0.000000 0.481027 0.000000 0.000000 0.000000 0.479056 0.000000 0.012661 0.000000 0.000000 0.000000 0.000000 0.000000 0.000000 0.024604
 0.000000 0.000000 0.000000 0.000000 0.396889 0.000000 0.000000 0.051770 0.405553 0.001125 0.000000 0.010674 0.000000 0.026280 0.000000 0.000000 0.000000 0.000000 0.107709 0.000000
 0.000000 0.196918 0.000000 0.000000 0.087071 0.123075 0.000000 0.000000 0.042007 0.145170 0.000000 0.000000 0.013968 0.000000 0.000000 0.000000 0.177667 0.214125 0.000000 0.000000
 0.500000 0.000000 0.500000 0.000000 0.000000 0.000000 0.000000 0.000000 0.000000 0.000000 0.000000 0.000000 0.000000 0.000000 0.000000 0.000000 0.000000 0.000000 0.000000 0.000000
 0.500000 0.000000 0.000000 0.500000 0.000000 0.000000 0.000000 0.000000 0.000000 0.000000 0.000000 0.000000 0.000000 0.000000 0.000000 0.000000 0.000000 0.000000 0.000000 0.000000
 0.000000 0.356989 0.000000 0.348759 0.000000 0.000000 0.000000 0.000000 0.000000 0.000000 0.000000 0.000000 0.000000 0.294252 0.000000 0.000000 0.000000 0.000000 0.000000 0.000000
 0.000000 0.189779 0.000000 0.000000 0.012923 0.399955 0.000000 0.000000 0.000000 0.000000 0.000000 0.000000 0.000000 0.397343 0.000000 0.000000 0.000000 0.000000 0.000000 0.000000
 0.000000 0.000000 0.000000 0.000000 0.000000 0.000000 0.000000 0.428822 0.030290 0.000000 0.426174 0.000000 0.114713 0.000000 0.000000 0.000000 0.000000 0.000000 0.000000 0.000000
 0.000000 0.000000 0.418821 0.000000 0.000000 0.000000 0.409886 0.000000 0.000000 0.000000 0.149871 0.021422 0.000000 0.000000 0.000000 0.000000 0.000000 0.000000 0.000000 0.000000
the mean of prob-rank is 1.631578947368421
the number of false negetive edges is 0
the number of probability greater than 0 is 4.2/edge
