20
 0.000000 0.000000 0.000000 0.000000 0.000000 0.302193 0.000000 0.000000 0.000000 0.000000 0.000000 0.000000 0.000000 0.000000 0.165773 0.000000 0.277757 0.000000 0.000000 0.254278
 0.000000 0.000000 0.000000 0.000000 0.000000 0.000000 0.198397 0.000000 0.000000 0.404040 0.000000 0.000000 0.007055 0.390509 0.000000 0.000000 0.000000 0.000000 0.000000 0.000000
 0.000000 0.000000 0.000000 0.500000 0.000000 0.000000 0.000000 0.000000 0.000000 0.000000 0.000000 0.000000 0.000000 0.000000 0.000000 0.500000 0.000000 0.000000 0.000000 0.000000
 0.000000 0.000000 0.500000 0.000000 0.000000 0.000000 0.000000 0.000000 0.000000 0.000000 0.000000 0.000000 0.000000 0.000000 0.000000 0.000000 0.000000 0.000000 0.500000 0.000000
 0.000000 0.000000 0.000000 0.000000 0.000000 0.000000 0.000000 0.000000 0.000000 0.381995 0.000000 0.000000 0.219974 0.000000 0.000000 0.000000 0.000000 0.398030 0.000000 0.000001
 0.385719 0.000000 0.000000 0.000000 0.000000 0.000000 0.000000 0.371739 0.000000 0.000000 0.000000 0.000000 0.000000 0.000000 0.242542 0.000000 0.000000 0.000000 0.000000 0.000000
 0.000000 0.164322 0.000000 0.000000 0.000000 0.000000 0.000000 0.000000 0.177965 0.000001 0.000000 0.000000 0.323067 0.334645 0.000000 0.000000 0.000000 0.000000 0.000000 0.000000
 0.000000 0.000000 0.000000 0.000000 0.000000 0.409826 0.000000 0.000000 0.000000 0.000000 0.000000 0.425236 0.000000 0.000000 0.164938 0.000000 0.000000 0.000000 0.000000 0.000000
 0.000000 0.000000 0.000000 0.000000 0.000000 0.000000 0.212080 0.000000 0.000000 0.000000 0.000000 0.000000 0.389127 0.000000 0.000000 0.398793 0.000000 0.000000 0.000000 0.000000
 0.000000 0.360417 0.000000 0.000000 0.345897 0.000000 0.000002 0.000000 0.000000 0.000000 0.000000 0.000000 0.224381 0.069303 0.000000 0.000000 0.000000 0.000000 0.000000 0.000000
 0.000000 0.000000 0.000000 0.000000 0.000000 0.000000 0.000000 0.000000 0.000000 0.000000 0.000000 0.500000 0.000000 0.000000 0.000000 0.000000 0.000000 0.000000 0.500000 0.000000
 0.000000 0.000000 0.000000 0.000000 0.000000 0.000000 0.000000 0.499996 0.000000 0.000000 0.500000 0.000000 0.000000 0.000000 0.000004 0.000000 0.000000 0.000000 0.000000 0.000000
 0.000000 0.005253 0.000000 0.000000 0.166264 0.000000 0.290435 0.000000 0.293552 0.187294 0.000000 0.000000 0.000000 0.057203 0.000000 0.000000 0.000000 0.000000 0.000000 0.000000
 0.000000 0.411468 0.000000 0.000000 0.000000 0.000000 0.425724 0.000000 0.000000 0.081861 0.000000 0.000000 0.080947 0.000000 0.000000 0.000000 0.000000 0.000000 0.000000 0.000000
 0.159347 0.000000 0.000000 0.000000 0.000000 0.182654 0.000000 0.112668 0.000000 0.000000 0.000000 0.000002 0.000000 0.000000 0.000000 0.000000 0.261509 0.283820 0.000000 0.000000
 0.000000 0.000000 0.500001 0.000000 0.000000 0.000000 0.000000 0.000000 0.499999 0.000000 0.000000 0.000000 0.000000 0.000000 0.000000 0.000000 0.000000 0.000000 0.000000 0.000000
 0.326004 0.000000 0.000000 0.000000 0.000000 0.000000 0.000000 0.000000 0.000000 0.000000 0.000000 0.000000 0.000000 0.000000 0.319312 0.000000 0.000000 0.000000 0.000000 0.354684
 0.000000 0.000000 0.000000 0.000000 0.361293 0.000000 0.000000 0.000000 0.000000 0.000000 0.000000 0.000000 0.000000 0.000000 0.353011 0.000000 0.000000 0.000000 0.000000 0.285695
 0.000000 0.000000 0.000000 0.500000 0.000000 0.000000 0.000000 0.000000 0.000000 0.000000 0.500000 0.000000 0.000000 0.000000 0.000000 0.000000 0.000000 0.000000 0.000000 0.000000
 0.319672 0.000000 0.000000 0.000000 0.000001 0.000000 0.000000 0.000000 0.000000 0.000000 0.000000 0.000000 0.000000 0.000000 0.000000 0.000000 0.379910 0.300417 0.000000 0.000000
the mean of prob-rank is 1.5789473684210527
the number of false negetive edges is 0
the number of probability greater than 0 is 3.5/edge
