20
 0.000000 0.000000 0.004774 0.000324 0.000202 0.000000 0.341034 0.032795 0.000000 0.315829 0.000000 0.304261 0.000000 0.000000 0.000000 0.000000 0.000782 0.000000 0.000000 0.000000
 0.000000 0.000000 0.000000 0.000000 0.000000 0.490047 0.000000 0.000000 0.019907 0.000000 0.000000 0.000000 0.000000 0.490046 0.000000 0.000000 0.000000 0.000000 0.000000 0.000000
 0.005485 0.000000 0.000000 0.000000 0.000000 0.000000 0.000000 0.000000 0.000000 0.217174 0.000000 0.000000 0.392434 0.000000 0.000000 0.000000 0.000000 0.384907 0.000000 0.000000
 0.000474 0.000000 0.000000 0.000000 0.000000 0.000000 0.000000 0.000000 0.000000 0.000000 0.000000 0.000000 0.499767 0.000000 0.000000 0.000000 0.499759 0.000000 0.000000 0.000000
 0.000264 0.000000 0.000000 0.000000 0.000000 0.000000 0.000000 0.108792 0.000000 0.000000 0.000000 0.000000 0.000000 0.000000 0.000000 0.000000 0.445476 0.000000 0.445469 0.000000
 0.000000 0.500000 0.000000 0.000000 0.000000 0.000000 0.000000 0.000000 0.000000 0.000000 0.000000 0.000000 0.000000 0.000000 0.000000 0.000000 0.000000 0.000000 0.500000 0.000000
 0.399856 0.000000 0.000000 0.000000 0.000000 0.000000 0.000000 0.400457 0.000000 0.000000 0.000000 0.199686 0.000000 0.000000 0.000000 0.000001 0.000000 0.000000 0.000000 0.000000
 0.040706 0.000000 0.000000 0.000000 0.103531 0.000000 0.423935 0.000000 0.000000 0.000000 0.400638 0.029744 0.000000 0.001445 0.000000 0.000000 0.000000 0.000000 0.000000 0.000000
 0.000000 0.014498 0.000000 0.000000 0.000000 0.000000 0.000000 0.000000 0.000000 0.000000 0.356890 0.000000 0.000000 0.325885 0.000000 0.302727 0.000000 0.000000 0.000000 0.000000
 0.265926 0.000000 0.159147 0.000000 0.000000 0.000000 0.000000 0.000000 0.000000 0.000000 0.000000 0.281880 0.000000 0.000000 0.022701 0.000000 0.000000 0.270346 0.000000 0.000000
 0.000000 0.000000 0.000000 0.000000 0.000000 0.000000 0.000000 0.361542 0.382563 0.000000 0.000000 0.000000 0.000000 0.255423 0.000000 0.000473 0.000000 0.000000 0.000000 0.000000
 0.216272 0.000000 0.000000 0.000000 0.000000 0.000000 0.121058 0.017034 0.000000 0.237963 0.000000 0.000000 0.000000 0.000000 0.171159 0.236514 0.000000 0.000000 0.000000 0.000000
 0.000000 0.000000 0.500000 0.500000 0.000000 0.000000 0.000000 0.000000 0.000000 0.000000 0.000000 0.000000 0.000000 0.000000 0.000000 0.000000 0.000000 0.000000 0.000000 0.000000
 0.000000 0.386969 0.000000 0.000000 0.000000 0.000000 0.000000 0.001319 0.353349 0.000000 0.258363 0.000000 0.000000 0.000000 0.000000 0.000000 0.000000 0.000000 0.000000 0.000000
 0.000000 0.000000 0.000000 0.000000 0.000000 0.000000 0.000000 0.000000 0.000000 0.029815 0.000000 0.266287 0.000000 0.000000 0.000000 0.000000 0.000000 0.326191 0.000000 0.377707
 0.000000 0.000000 0.000000 0.000000 0.000000 0.000000 0.000001 0.000000 0.300405 0.000000 0.000438 0.345021 0.000000 0.000000 0.000000 0.000000 0.000000 0.000000 0.000000 0.354135
 0.001143 0.000000 0.000000 0.499426 0.499431 0.000000 0.000000 0.000000 0.000000 0.000000 0.000000 0.000000 0.000000 0.000000 0.000000 0.000000 0.000000 0.000000 0.000000 0.000000
 0.000000 0.000000 0.352243 0.000000 0.000000 0.000000 0.000000 0.000000 0.000000 0.337609 0.000000 0.000000 0.000000 0.000000 0.310148 0.000000 0.000000 0.000000 0.000000 0.000000
 0.000000 0.000000 0.000000 0.000000 0.499994 0.500005 0.000000 0.000000 0.000000 0.000000 0.000000 0.000000 0.000000 0.000000 0.000000 0.000000 0.000000 0.000000 0.000000 0.000000
 0.000000 0.000000 0.000000 0.000000 0.000000 0.000000 0.000000 0.000000 0.000000 0.000000 0.000000 0.000000 0.000000 0.000000 0.500014 0.499986 0.000000 0.000000 0.000000 0.000000
the mean of prob-rank is 1.5263157894736843
the number of false negetive edges is 0
the number of probability greater than 0 is 3.9/edge
