20
 0.000000 0.000000 0.000000 0.000000 0.000000 0.000000 0.000000 0.000000 0.000000 0.000000 0.000300 0.000000 0.499850 0.000000 0.000000 0.499850 0.000000 0.000000 0.000000 0.000000
 0.000000 0.000000 0.000000 0.000000 0.000000 0.000000 0.000000 0.000000 0.000000 0.000000 0.000000 0.000000 0.000000 0.000000 0.029183 0.000000 0.000000 0.485472 0.485345 0.000000
 0.000000 0.000000 0.000000 0.101894 0.000000 0.445934 0.000000 0.000000 0.000000 0.000000 0.000000 0.000000 0.000000 0.000000 0.447862 0.000000 0.000000 0.000000 0.004310 0.000000
 0.000000 0.000000 0.078340 0.000000 0.000000 0.240797 0.000000 0.000000 0.000000 0.000000 0.335902 0.000000 0.000000 0.000000 0.000000 0.344961 0.000000 0.000000 0.000000 0.000000
 0.000000 0.000000 0.000000 0.000000 0.000000 0.000000 0.396022 0.020898 0.379020 0.000000 0.000000 0.174404 0.000000 0.029655 0.000000 0.000000 0.000000 0.000000 0.000000 0.000000
 0.000000 0.000000 0.292604 0.205507 0.000000 0.000000 0.000000 0.000000 0.000000 0.000000 0.284236 0.217652 0.000000 0.000000 0.000000 0.000000 0.000000 0.000000 0.000000 0.000000
 0.000000 0.000000 0.000000 0.000000 0.363732 0.000000 0.000000 0.357909 0.271915 0.000000 0.000000 0.006444 0.000000 0.000000 0.000000 0.000000 0.000000 0.000000 0.000000 0.000000
 0.000000 0.000000 0.000000 0.000000 0.021740 0.000000 0.405385 0.000000 0.000286 0.000000 0.160606 0.000000 0.000000 0.000000 0.000000 0.000000 0.411982 0.000000 0.000000 0.000000
 0.000000 0.000000 0.000000 0.000000 0.275940 0.000000 0.215538 0.000200 0.000000 0.000000 0.265450 0.242872 0.000000 0.000000 0.000000 0.000000 0.000000 0.000000 0.000000 0.000000
 0.000000 0.000000 0.000000 0.000000 0.000000 0.000000 0.000000 0.000000 0.000000 0.000000 0.000000 0.000000 0.000000 0.000000 0.000000 0.000000 0.000000 0.500000 0.000000 0.500000
 0.000155 0.000000 0.000000 0.252194 0.000000 0.250050 0.000000 0.100966 0.238452 0.000000 0.000000 0.158182 0.000000 0.000000 0.000000 0.000000 0.000000 0.000000 0.000000 0.000000
 0.000000 0.000000 0.000000 0.000000 0.120638 0.202519 0.004853 0.000000 0.230755 0.000000 0.167306 0.000000 0.000000 0.273929 0.000000 0.000000 0.000000 0.000000 0.000000 0.000000
 0.500000 0.000000 0.000000 0.000000 0.000000 0.000000 0.000000 0.000000 0.000000 0.000000 0.000000 0.000000 0.000000 0.000000 0.000000 0.000000 0.500000 0.000000 0.000000 0.000000
 0.000000 0.000000 0.000000 0.000000 0.036091 0.000000 0.000000 0.000000 0.000000 0.000000 0.000000 0.481950 0.000000 0.000000 0.000000 0.000000 0.000000 0.000000 0.000000 0.481960
 0.000000 0.029205 0.484955 0.000000 0.000000 0.000000 0.000000 0.000000 0.000000 0.000000 0.000000 0.000000 0.000000 0.000000 0.000000 0.000000 0.000000 0.000000 0.485839 0.000000
 0.500000 0.000000 0.000000 0.500000 0.000000 0.000000 0.000000 0.000000 0.000000 0.000000 0.000000 0.000000 0.000000 0.000000 0.000000 0.000000 0.000000 0.000000 0.000000 0.000000
 0.000000 0.000000 0.000000 0.000000 0.000000 0.000000 0.000000 0.500000 0.000000 0.000000 0.000000 0.000000 0.500000 0.000000 0.000000 0.000000 0.000000 0.000000 0.000000 0.000000
 0.000000 0.500000 0.000000 0.000000 0.000000 0.000000 0.000000 0.000000 0.000000 0.500000 0.000000 0.000000 0.000000 0.000000 0.000000 0.000000 0.000000 0.000000 0.000000 0.000000
 0.000000 0.497544 0.004781 0.000000 0.000000 0.000000 0.000000 0.000000 0.000000 0.000000 0.000000 0.000000 0.000000 0.000000 0.497675 0.000000 0.000000 0.000000 0.000000 0.000000
 0.000000 0.000000 0.000000 0.000000 0.000000 0.000000 0.000000 0.000000 0.000000 0.500000 0.000000 0.000000 0.000000 0.500000 0.000000 0.000000 0.000000 0.000000 0.000000 0.000000
the mean of prob-rank is 1.5789473684210527
the number of false negetive edges is 0
the number of probability greater than 0 is 3.5/edge
