20
 0.000000 0.000000 0.000000 0.000000 0.000000 0.000000 0.000000 0.000000 0.000000 0.000000 0.000000 0.000004 0.000000 0.000000 0.000000 0.000000 0.000000 0.499998 0.499998 0.000000
 0.000000 0.000000 0.000000 0.000000 0.000000 0.499999 0.000000 0.000000 0.000000 0.000000 0.500001 0.000000 0.000000 0.000000 0.000000 0.000000 0.000000 0.000000 0.000000 0.000000
 0.000000 0.000000 0.000000 0.000000 0.000000 0.500001 0.000000 0.000000 0.000000 0.000000 0.000000 0.000000 0.000000 0.000000 0.000000 0.000000 0.000000 0.499999 0.000000 0.000000
 0.000000 0.000000 0.000000 0.000000 0.000543 0.000000 0.001751 0.347455 0.317409 0.000000 0.000000 0.332842 0.000000 0.000000 0.000000 0.000000 0.000000 0.000000 0.000000 0.000000
 0.000000 0.000000 0.000000 0.000742 0.000000 0.000000 0.000000 0.000000 0.000000 0.000000 0.000000 0.000000 0.000000 0.478852 0.000000 0.000000 0.041597 0.000000 0.478809 0.000000
 0.000000 0.499999 0.500001 0.000000 0.000000 0.000000 0.000000 0.000000 0.000000 0.000000 0.000000 0.000000 0.000000 0.000000 0.000000 0.000000 0.000000 0.000000 0.000000 0.000000
 0.000000 0.000000 0.000000 0.001759 0.000000 0.000000 0.000000 0.000000 0.349277 0.000000 0.000000 0.307101 0.341863 0.000000 0.000000 0.000000 0.000000 0.000000 0.000000 0.000000
 0.000000 0.000000 0.000000 0.415209 0.000000 0.000000 0.000000 0.000000 0.097579 0.000000 0.000000 0.068705 0.000000 0.000000 0.418507 0.000000 0.000000 0.000000 0.000000 0.000000
 0.000000 0.000000 0.000000 0.253806 0.000000 0.000000 0.278086 0.065294 0.000000 0.000000 0.000000 0.236499 0.166311 0.000000 0.000005 0.000000 0.000000 0.000000 0.000000 0.000000
 0.000000 0.000000 0.000000 0.000000 0.000000 0.000000 0.000000 0.000000 0.000000 0.000000 0.500001 0.000000 0.000000 0.000000 0.000000 0.000000 0.000000 0.000000 0.000000 0.499999
 0.000000 0.499329 0.000000 0.000000 0.000000 0.000000 0.000000 0.000000 0.000000 0.499328 0.000000 0.000000 0.001343 0.000000 0.000000 0.000000 0.000000 0.000000 0.000000 0.000001
 0.000003 0.000000 0.000000 0.325168 0.000000 0.000000 0.298729 0.056168 0.288945 0.000000 0.000000 0.000000 0.000371 0.000000 0.000000 0.000000 0.000000 0.000000 0.001210 0.029407
 0.000000 0.000000 0.000000 0.000000 0.000000 0.000000 0.378305 0.000000 0.231154 0.000000 0.001047 0.000422 0.000000 0.000000 0.000000 0.000000 0.000000 0.000000 0.000000 0.389073
 0.000000 0.000000 0.000000 0.000000 0.499983 0.000000 0.000000 0.000000 0.000000 0.000000 0.000000 0.000000 0.000000 0.000000 0.000000 0.000033 0.499984 0.000000 0.000000 0.000000
 0.000000 0.000000 0.000000 0.000000 0.000000 0.000000 0.000000 0.499989 0.000009 0.000000 0.000000 0.000000 0.000000 0.000000 0.000000 0.500002 0.000000 0.000000 0.000000 0.000000
 0.000000 0.000000 0.000000 0.000000 0.000000 0.000000 0.000000 0.000000 0.000000 0.000000 0.000000 0.000000 0.000000 0.000033 0.501270 0.000000 0.498697 0.000000 0.000000 0.000000
 0.000000 0.000000 0.000000 0.000000 0.041728 0.000000 0.000000 0.000000 0.000000 0.000000 0.000000 0.000000 0.000000 0.480369 0.000000 0.477903 0.000000 0.000000 0.000000 0.000000
 0.500001 0.000000 0.499999 0.000000 0.000000 0.000000 0.000000 0.000000 0.000000 0.000000 0.000000 0.000000 0.000000 0.000000 0.000000 0.000000 0.000000 0.000000 0.000000 0.000000
 0.499140 0.000000 0.000000 0.000000 0.499094 0.000000 0.000000 0.000000 0.000000 0.000000 0.000000 0.001765 0.000000 0.000000 0.000000 0.000000 0.000000 0.000000 0.000000 0.000000
 0.000000 0.000000 0.000000 0.000000 0.000000 0.000000 0.000000 0.000000 0.000000 0.479489 0.000001 0.041212 0.479298 0.000000 0.000000 0.000000 0.000000 0.000000 0.000000 0.000000
the mean of prob-rank is 1.5789473684210527
the number of false negetive edges is 0
the number of probability greater than 0 is 3.5/edge
