20
 0.000000 0.000000 0.000000 0.000000 0.000000 0.000000 0.000000 0.000000 0.499342 0.000000 0.000000 0.499374 0.000000 0.001284 0.000000 0.000000 0.000000 0.000000 0.000000 0.000000
 0.000000 0.000000 0.000000 0.000000 0.000000 0.000000 0.000000 0.401278 0.000000 0.189201 0.000000 0.000000 0.000000 0.000000 0.409521 0.000000 0.000000 0.000000 0.000000 0.000000
 0.000000 0.000000 0.000000 0.000000 0.499930 0.000000 0.000000 0.000000 0.000000 0.000000 0.000000 0.499926 0.000000 0.000000 0.000000 0.000000 0.000144 0.000000 0.000000 0.000000
 0.000000 0.000000 0.000000 0.000000 0.000000 0.000000 0.000000 0.000000 0.000000 0.000000 0.500004 0.000000 0.000000 0.000000 0.499996 0.000000 0.000000 0.000000 0.000000 0.000000
 0.000000 0.000000 0.499983 0.000000 0.000000 0.000000 0.000000 0.000000 0.000000 0.000000 0.000033 0.000000 0.000000 0.000000 0.000000 0.000000 0.499984 0.000000 0.000000 0.000000
 0.000000 0.000000 0.000000 0.000000 0.000000 0.000000 0.000000 0.000000 0.000000 0.000000 0.499953 0.000000 0.000000 0.000000 0.000083 0.000000 0.499964 0.000000 0.000000 0.000000
 0.000000 0.000000 0.000000 0.000000 0.000000 0.000000 0.000000 0.000000 0.000000 0.000000 0.000000 0.000000 0.001365 0.000000 0.000000 0.497712 0.000000 0.000000 0.497703 0.003219
 0.000000 0.357048 0.000000 0.000000 0.000000 0.000000 0.000000 0.000000 0.000000 0.364387 0.000000 0.000000 0.000000 0.000000 0.000004 0.000000 0.000000 0.278384 0.000000 0.000177
 0.499983 0.000000 0.000000 0.000000 0.000000 0.000000 0.000000 0.000000 0.000000 0.000000 0.000000 0.000000 0.000000 0.500017 0.000000 0.000000 0.000000 0.000000 0.000000 0.000000
 0.000000 0.146894 0.000000 0.000000 0.000000 0.000000 0.000000 0.317951 0.000000 0.000000 0.000000 0.000000 0.000000 0.000000 0.000000 0.000000 0.000000 0.267791 0.000000 0.267363
 0.000000 0.000000 0.000000 0.499989 0.000033 0.499978 0.000000 0.000000 0.000000 0.000000 0.000000 0.000000 0.000000 0.000000 0.000000 0.000000 0.000000 0.000000 0.000000 0.000000
 0.500001 0.000000 0.499998 0.000000 0.000000 0.000000 0.000000 0.000000 0.000000 0.000000 0.000000 0.000000 0.000000 0.000000 0.000000 0.000000 0.000000 0.000000 0.000000 0.000000
 0.000000 0.000000 0.000000 0.000000 0.000000 0.000000 0.000950 0.000000 0.000000 0.000000 0.000000 0.000000 0.000000 0.000000 0.000000 0.000000 0.000000 0.321993 0.345945 0.331112
 0.001284 0.000000 0.000000 0.000000 0.000000 0.000000 0.000000 0.000000 0.499386 0.000000 0.000000 0.000000 0.000000 0.000000 0.000000 0.499330 0.000000 0.000000 0.000000 0.000000
 0.000000 0.499954 0.000000 0.499958 0.000000 0.000083 0.000000 0.000005 0.000000 0.000000 0.000000 0.000000 0.000000 0.000000 0.000000 0.000000 0.000000 0.000000 0.000000 0.000000
 0.000000 0.000000 0.000000 0.000000 0.000000 0.000000 0.493442 0.000000 0.000000 0.000000 0.000000 0.000000 0.000000 0.493386 0.000000 0.000000 0.000000 0.000000 0.013171 0.000000
 0.000000 0.000000 0.000144 0.000000 0.499928 0.499928 0.000000 0.000000 0.000000 0.000000 0.000000 0.000000 0.000000 0.000000 0.000000 0.000000 0.000000 0.000000 0.000000 0.000000
 0.000000 0.000000 0.000000 0.000000 0.000000 0.000000 0.000000 0.216058 0.000000 0.238191 0.000000 0.000000 0.262941 0.000000 0.000000 0.000000 0.000000 0.000000 0.000000 0.282810
 0.000000 0.000000 0.000000 0.000000 0.000000 0.000000 0.493677 0.000000 0.000000 0.000000 0.000000 0.000000 0.493145 0.000000 0.000000 0.013178 0.000000 0.000000 0.000000 0.000000
 0.000000 0.000000 0.000000 0.000000 0.000000 0.000000 0.002306 0.000173 0.000000 0.299897 0.000000 0.000000 0.340979 0.000000 0.000000 0.000000 0.000000 0.356645 0.000000 0.000000
the mean of prob-rank is 1.4210526315789473
the number of false negetive edges is 0
the number of probability greater than 0 is 3.3/edge
