20
 0.000000 0.000000 0.000000 0.000000 0.000000 0.000000 0.065568 0.000000 0.000000 0.000000 0.000000 0.466887 0.000000 0.000000 0.000000 0.466851 0.000628 0.000000 0.000066 0.000000
 0.000000 0.000000 0.000000 0.000000 0.000000 0.000006 0.000000 0.127841 0.000000 0.000000 0.432055 0.000000 0.000000 0.000000 0.000000 0.000000 0.427460 0.000000 0.012638 0.000000
 0.000000 0.000000 0.000000 0.000000 0.490365 0.000000 0.000000 0.000000 0.000000 0.018969 0.000000 0.000000 0.000000 0.000000 0.000000 0.000000 0.000331 0.490335 0.000000 0.000000
 0.000000 0.000000 0.000000 0.000000 0.000000 0.000000 0.000000 0.381972 0.000000 0.000000 0.000000 0.000000 0.000000 0.000000 0.000193 0.000000 0.000000 0.000000 0.286897 0.330939
 0.000000 0.000000 0.500000 0.000000 0.000000 0.000000 0.000000 0.000000 0.000000 0.000000 0.000000 0.000000 0.500000 0.000000 0.000000 0.000000 0.000000 0.000000 0.000000 0.000000
 0.000000 0.000007 0.000000 0.000000 0.000000 0.000000 0.000000 0.000000 0.000000 0.000000 0.499989 0.000000 0.500004 0.000000 0.000000 0.000000 0.000000 0.000000 0.000000 0.000000
 0.065644 0.000000 0.000000 0.000000 0.000000 0.000000 0.000000 0.000000 0.000000 0.000000 0.000000 0.000000 0.000000 0.467433 0.466923 0.000000 0.000000 0.000000 0.000000 0.000000
 0.000000 0.098695 0.000000 0.333525 0.000000 0.000000 0.000000 0.000000 0.000000 0.000000 0.000000 0.000000 0.000000 0.000000 0.012275 0.000000 0.000000 0.000000 0.303271 0.252235
 0.000000 0.000000 0.000000 0.000000 0.000000 0.000000 0.000000 0.000000 0.000000 0.000000 0.000000 0.000000 0.000000 0.500000 0.000000 0.500000 0.000000 0.000000 0.000000 0.000000
 0.000000 0.000000 0.017652 0.000000 0.000000 0.000000 0.000000 0.000000 0.000000 0.000000 0.000000 0.455686 0.000000 0.000000 0.000000 0.000000 0.070348 0.456314 0.000000 0.000000
 0.000000 0.500007 0.000000 0.000000 0.000000 0.499993 0.000000 0.000000 0.000000 0.000000 0.000000 0.000000 0.000000 0.000000 0.000000 0.000000 0.000000 0.000000 0.000000 0.000000
 0.427556 0.000000 0.000000 0.000000 0.000000 0.000000 0.000000 0.000000 0.000000 0.426967 0.000000 0.000000 0.000000 0.000000 0.000000 0.000000 0.095313 0.000159 0.050005 0.000000
 0.000000 0.000000 0.000000 0.000000 0.500000 0.500000 0.000000 0.000000 0.000000 0.000000 0.000000 0.000000 0.000000 0.000000 0.000000 0.000000 0.000000 0.000000 0.000000 0.000000
 0.000000 0.000000 0.000000 0.000000 0.000000 0.000000 0.500000 0.000000 0.500000 0.000000 0.000000 0.000000 0.000000 0.000000 0.000000 0.000000 0.000000 0.000000 0.000000 0.000000
 0.000000 0.000000 0.000000 0.000232 0.000000 0.000000 0.459083 0.016913 0.000000 0.000000 0.000000 0.000000 0.000000 0.000000 0.000000 0.000000 0.000000 0.000000 0.064188 0.459585
 0.491615 0.000000 0.000000 0.000000 0.000000 0.000000 0.000000 0.000000 0.491652 0.000000 0.000000 0.000000 0.000000 0.000000 0.000000 0.000000 0.000000 0.016733 0.000000 0.000000
 0.000568 0.417728 0.000285 0.000000 0.000000 0.000000 0.000000 0.000000 0.000000 0.065092 0.000000 0.094123 0.000000 0.000000 0.000000 0.000000 0.000000 0.000000 0.422204 0.000000
 0.000000 0.000000 0.491528 0.000000 0.000000 0.000000 0.000000 0.000000 0.000000 0.491559 0.000000 0.000183 0.000000 0.000000 0.000000 0.016730 0.000000 0.000000 0.000000 0.000000
 0.000047 0.009789 0.000000 0.251345 0.000000 0.000000 0.000000 0.304284 0.000000 0.000000 0.000000 0.039141 0.000000 0.000000 0.046741 0.000000 0.334654 0.000000 0.000000 0.013998
 0.000000 0.000000 0.000000 0.325154 0.000000 0.000000 0.000000 0.283825 0.000000 0.000000 0.000000 0.000000 0.000000 0.000000 0.375323 0.000000 0.000000 0.000000 0.015699 0.000000
the mean of prob-rank is 1.5789473684210527
the number of false negetive edges is 0
the number of probability greater than 0 is 3.9/edge
