20
 0.000000 0.000120 0.000000 0.000000 0.000000 0.000000 0.000000 0.000022 0.104575 0.000000 0.451017 0.000542 0.000275 0.000000 0.443450 0.000000 0.000000 0.000000 0.000000 0.000000
 0.000133 0.000000 0.000000 0.000000 0.000000 0.499947 0.000000 0.499919 0.000000 0.000000 0.000000 0.000000 0.000000 0.000000 0.000000 0.000000 0.000000 0.000000 0.000000 0.000000
 0.000000 0.000000 0.000000 0.325265 0.000000 0.000000 0.000000 0.000000 0.061237 0.000000 0.000000 0.000065 0.000000 0.335480 0.000000 0.000000 0.000000 0.000000 0.000013 0.277940
 0.000000 0.000000 0.300375 0.000000 0.000000 0.000000 0.000000 0.000000 0.000000 0.000000 0.000000 0.000000 0.279962 0.105053 0.000000 0.000000 0.000000 0.000000 0.000000 0.314610
 0.000000 0.000000 0.000000 0.000000 0.000000 0.000000 0.000000 0.500000 0.000000 0.000000 0.000000 0.000000 0.500000 0.000000 0.000000 0.000000 0.000000 0.000000 0.000000 0.000000
 0.000000 0.500000 0.000000 0.000000 0.000000 0.000000 0.000000 0.000000 0.000000 0.000000 0.000000 0.000000 0.000000 0.000000 0.000000 0.000000 0.000000 0.500000 0.000000 0.000000
 0.000000 0.000000 0.000000 0.000000 0.000000 0.000000 0.000000 0.000000 0.000000 0.000000 0.000000 0.000000 0.000000 0.000000 0.000000 0.499852 0.000303 0.000000 0.499845 0.000000
 0.000024 0.499970 0.000000 0.000000 0.499997 0.000000 0.000000 0.000000 0.000000 0.000000 0.000009 0.000000 0.000000 0.000000 0.000000 0.000000 0.000000 0.000000 0.000000 0.000000
 0.071898 0.000000 0.055738 0.000000 0.000000 0.000000 0.000000 0.000000 0.000000 0.000000 0.253218 0.303062 0.000000 0.001112 0.302462 0.000000 0.000000 0.000000 0.012511 0.000000
 0.000000 0.000000 0.000000 0.000000 0.000000 0.000000 0.000000 0.000000 0.000000 0.000000 0.000000 0.000000 0.000000 0.000000 0.000000 0.226156 0.382964 0.390880 0.000000 0.000000
 0.346990 0.000000 0.000000 0.000000 0.000000 0.000000 0.000000 0.000006 0.283356 0.000000 0.000000 0.295825 0.073320 0.000483 0.000020 0.000000 0.000000 0.000000 0.000000 0.000000
 0.000424 0.000000 0.000067 0.000000 0.000000 0.000000 0.000000 0.000000 0.345408 0.000000 0.301300 0.000000 0.000000 0.352800 0.000000 0.000000 0.000000 0.000000 0.000000 0.000000
 0.000201 0.000000 0.000000 0.293559 0.329891 0.000000 0.000000 0.000000 0.000000 0.000000 0.069706 0.000000 0.000000 0.000000 0.000000 0.000000 0.000000 0.000000 0.000000 0.306643
 0.000000 0.000000 0.424111 0.143811 0.000000 0.000000 0.000000 0.000000 0.001544 0.000000 0.000600 0.429934 0.000000 0.000000 0.000000 0.000000 0.000000 0.000000 0.000000 0.000000
 0.368140 0.000000 0.000000 0.000000 0.000000 0.000000 0.000000 0.000000 0.365217 0.000000 0.000022 0.000000 0.000000 0.000000 0.000000 0.000000 0.155083 0.000000 0.111539 0.000000
 0.000000 0.000000 0.000000 0.000000 0.000000 0.000000 0.386087 0.000000 0.000000 0.223332 0.000000 0.000000 0.000000 0.000000 0.000000 0.000000 0.381471 0.000000 0.009110 0.000000
 0.000000 0.000000 0.000000 0.000000 0.000000 0.000000 0.000182 0.000000 0.000000 0.293265 0.000000 0.000000 0.000000 0.000000 0.124007 0.295814 0.000000 0.023989 0.262744 0.000000
 0.000000 0.000000 0.000000 0.000000 0.000000 0.480794 0.000000 0.000000 0.000000 0.480682 0.000000 0.000000 0.000000 0.000000 0.000000 0.000000 0.038523 0.000000 0.000000 0.000000
 0.000000 0.000000 0.000018 0.000000 0.000000 0.000000 0.444415 0.000000 0.017930 0.000000 0.000000 0.000000 0.000000 0.000000 0.132391 0.010486 0.390017 0.000000 0.000000 0.004744
 0.000000 0.000000 0.296018 0.362839 0.000000 0.000000 0.000000 0.000000 0.000000 0.000000 0.000000 0.000000 0.337270 0.000000 0.000000 0.000000 0.000000 0.000000 0.003873 0.000000
the mean of prob-rank is 1.9473684210526316
the number of false negetive edges is 0
the number of probability greater than 0 is 4.6/edge
