20
 0.000000 0.000000 0.000000 0.000149 0.000000 0.000000 0.000000 0.000000 0.427992 0.000000 0.000000 0.000000 0.000000 0.000000 0.000000 0.000000 0.000000 0.000000 0.150184 0.421676
 0.000000 0.000000 0.279236 0.238227 0.000000 0.000000 0.000000 0.000000 0.000000 0.279560 0.000000 0.000000 0.000000 0.000000 0.202977 0.000000 0.000000 0.000000 0.000000 0.000000
 0.000000 0.312447 0.000000 0.051068 0.000000 0.000000 0.000000 0.000000 0.000000 0.215261 0.000000 0.000000 0.000000 0.000000 0.103159 0.000000 0.000000 0.000000 0.000000 0.318066
 0.000116 0.278621 0.053378 0.000000 0.000000 0.000000 0.000000 0.000000 0.000000 0.012073 0.000000 0.000000 0.000000 0.000000 0.304667 0.000000 0.000000 0.000000 0.332428 0.018716
 0.000000 0.000000 0.000000 0.000000 0.000000 0.497123 0.000000 0.000000 0.000000 0.000000 0.497123 0.000000 0.000000 0.000000 0.000000 0.000000 0.000000 0.000000 0.005754 0.000000
 0.000000 0.000000 0.000000 0.000000 0.500000 0.000000 0.000000 0.000000 0.500000 0.000000 0.000000 0.000000 0.000000 0.000000 0.000000 0.000000 0.000000 0.000000 0.000000 0.000000
 0.000000 0.000000 0.000000 0.000000 0.000000 0.000000 0.000000 0.000000 0.000000 0.000000 0.000000 0.490920 0.000000 0.018182 0.000000 0.000000 0.000000 0.490898 0.000000 0.000000
 0.000000 0.000000 0.000000 0.000000 0.000000 0.000000 0.000000 0.000000 0.000000 0.000000 0.001699 0.000000 0.363032 0.000000 0.000000 0.231592 0.365355 0.038322 0.000000 0.000000
 0.499985 0.000000 0.000000 0.000000 0.000000 0.500015 0.000000 0.000000 0.000000 0.000000 0.000000 0.000000 0.000000 0.000000 0.000000 0.000000 0.000000 0.000000 0.000000 0.000000
 0.000000 0.353586 0.243321 0.013056 0.000000 0.000000 0.000000 0.000000 0.000000 0.000000 0.000000 0.000000 0.000000 0.000000 0.359529 0.000000 0.000000 0.000000 0.030507 0.000000
 0.000000 0.000000 0.000000 0.000000 0.350893 0.000000 0.000000 0.001632 0.000000 0.000000 0.000000 0.000000 0.000000 0.000000 0.000000 0.325916 0.298579 0.000000 0.022981 0.000000
 0.000000 0.000000 0.000000 0.000000 0.000000 0.000000 0.391874 0.000000 0.000000 0.000000 0.000000 0.000000 0.000000 0.000000 0.236531 0.371595 0.000000 0.000000 0.000000 0.000000
 0.000000 0.000000 0.000000 0.000000 0.000000 0.000000 0.000000 0.383554 0.000000 0.000000 0.000000 0.000000 0.000000 0.386008 0.000000 0.000000 0.223329 0.007109 0.000000 0.000000
 0.000000 0.000000 0.000000 0.000000 0.000000 0.000000 0.018182 0.000000 0.000000 0.000000 0.000000 0.000000 0.490918 0.000000 0.000000 0.000000 0.000000 0.490900 0.000000 0.000000
 0.000000 0.199566 0.090645 0.256119 0.000000 0.000000 0.000000 0.000000 0.000000 0.279482 0.000000 0.168693 0.000000 0.000000 0.000000 0.000000 0.000000 0.000000 0.005495 0.000000
 0.000000 0.000000 0.000000 0.000000 0.000000 0.000000 0.000000 0.145537 0.000000 0.000000 0.213253 0.217714 0.000000 0.000000 0.000000 0.000000 0.202078 0.000000 0.221418 0.000000
 0.000000 0.000000 0.000000 0.000000 0.000000 0.000000 0.000000 0.302136 0.000000 0.000000 0.257091 0.000000 0.174804 0.000000 0.000000 0.265925 0.000000 0.000043 0.000000 0.000000
 0.000000 0.000000 0.000000 0.000000 0.000000 0.000000 0.470930 0.049398 0.000000 0.000000 0.000000 0.000000 0.008673 0.470933 0.000000 0.000000 0.000067 0.000000 0.000000 0.000000
 0.140535 0.000000 0.000000 0.400483 0.004636 0.000000 0.000000 0.000000 0.000000 0.033986 0.026231 0.000000 0.000000 0.000000 0.007875 0.386254 0.000000 0.000000 0.000000 0.000000
 0.482583 0.000000 0.489841 0.027576 0.000000 0.000000 0.000000 0.000000 0.000000 0.000000 0.000000 0.000000 0.000000 0.000000 0.000000 0.000000 0.000000 0.000000 0.000000 0.000000
the mean of prob-rank is 1.736842105263158
the number of false negetive edges is 0
the number of probability greater than 0 is 4.3/edge
