20
 0.000000 0.500000 0.000000 0.000000 0.000000 0.000000 0.000000 0.000000 0.000000 0.000000 0.000000 0.000000 0.000000 0.000000 0.000000 0.000000 0.000000 0.000000 0.000000 0.500000
 0.500000 0.000000 0.000000 0.000000 0.000000 0.000000 0.000000 0.000000 0.000000 0.000000 0.000000 0.000000 0.000000 0.000000 0.500000 0.000000 0.000000 0.000000 0.000000 0.000000
 0.000000 0.000000 0.000000 0.315055 0.000000 0.000000 0.000000 0.000000 0.000000 0.425614 0.000000 0.000000 0.000000 0.000000 0.000000 0.000000 0.259331 0.000000 0.000000 0.000000
 0.000000 0.000000 0.281973 0.000000 0.000000 0.000000 0.000000 0.000000 0.000000 0.336888 0.000000 0.000000 0.000000 0.000000 0.381139 0.000000 0.000000 0.000000 0.000000 0.000000
 0.000000 0.000000 0.000000 0.000000 0.000000 0.000000 0.000000 0.000000 0.401912 0.196022 0.402066 0.000000 0.000000 0.000000 0.000000 0.000000 0.000000 0.000000 0.000000 0.000000
 0.000000 0.000000 0.000000 0.000000 0.000000 0.000000 0.360255 0.000000 0.000000 0.000000 0.365753 0.000000 0.269053 0.000000 0.000000 0.000000 0.000000 0.000000 0.004939 0.000000
 0.000000 0.000000 0.000000 0.000000 0.000000 0.327095 0.000000 0.000000 0.000008 0.000000 0.000000 0.000000 0.326399 0.000000 0.000000 0.000000 0.069765 0.000000 0.276733 0.000000
 0.000000 0.000000 0.000000 0.000000 0.000000 0.000000 0.000000 0.000000 0.000000 0.000000 0.000000 0.000000 0.500000 0.000000 0.000000 0.500000 0.000000 0.000000 0.000000 0.000000
 0.000000 0.000000 0.000000 0.000000 0.452612 0.000000 0.000010 0.000000 0.000000 0.074318 0.020380 0.000000 0.000000 0.000000 0.000000 0.000000 0.000000 0.000000 0.452679 0.000000
 0.000000 0.000000 0.295285 0.261150 0.144044 0.000000 0.000000 0.000000 0.048494 0.000000 0.000000 0.000000 0.000000 0.000000 0.000001 0.000000 0.000000 0.000000 0.251026 0.000000
 0.000000 0.000000 0.000000 0.000000 0.489872 0.488079 0.000000 0.000000 0.022049 0.000000 0.000000 0.000000 0.000000 0.000000 0.000000 0.000000 0.000000 0.000000 0.000000 0.000000
 0.000000 0.000000 0.000000 0.000000 0.000000 0.000000 0.000000 0.000000 0.000000 0.000000 0.000000 0.000000 0.000000 0.137498 0.000000 0.433956 0.428546 0.000000 0.000000 0.000000
 0.000000 0.000000 0.000000 0.000000 0.000000 0.232891 0.311172 0.317756 0.000000 0.000000 0.000000 0.000000 0.000000 0.000000 0.000000 0.000000 0.138180 0.000000 0.000001 0.000000
 0.000000 0.000000 0.000000 0.000000 0.000000 0.000000 0.000000 0.000000 0.000000 0.000000 0.000000 0.137287 0.000000 0.000000 0.000000 0.000000 0.429424 0.433290 0.000000 0.000000
 0.000000 0.499999 0.000000 0.499999 0.000000 0.000000 0.000000 0.000000 0.000000 0.000001 0.000000 0.000000 0.000000 0.000000 0.000000 0.000000 0.000000 0.000000 0.000000 0.000000
 0.000000 0.000000 0.000000 0.000000 0.000000 0.000000 0.000000 0.500000 0.000000 0.000000 0.000000 0.500000 0.000000 0.000000 0.000000 0.000000 0.000000 0.000000 0.000000 0.000000
 0.000000 0.000000 0.180848 0.000000 0.000000 0.000000 0.062160 0.000000 0.000000 0.000000 0.000000 0.293273 0.129143 0.294326 0.000000 0.000000 0.000000 0.000000 0.040250 0.000000
 0.000000 0.000000 0.000000 0.000000 0.000000 0.000000 0.000000 0.000000 0.000000 0.000000 0.000000 0.000000 0.000000 0.500000 0.000000 0.000000 0.000000 0.000000 0.000000 0.500000
 0.000000 0.000000 0.000000 0.000000 0.000000 0.004756 0.293520 0.000000 0.353441 0.300367 0.000000 0.000000 0.000002 0.000000 0.000000 0.000000 0.047914 0.000000 0.000000 0.000000
 0.500000 0.000000 0.000000 0.000000 0.000000 0.000000 0.000000 0.000000 0.000000 0.000000 0.000000 0.000000 0.000000 0.000000 0.000000 0.000000 0.000000 0.500000 0.000000 0.000000
the mean of prob-rank is 2.0526315789473686
the number of false negetive edges is 0
the number of probability greater than 0 is 3.45/edge
