20
 0.000000 0.000000 0.000000 0.000000 0.000000 0.000000 0.000000 0.000437 0.000000 0.350261 0.000000 0.000000 0.000000 0.332029 0.000000 0.317273 0.000000 0.000000 0.000000 0.000000
 0.000000 0.000000 0.072311 0.000000 0.000000 0.364760 0.000000 0.000000 0.000000 0.000000 0.000000 0.000022 0.194367 0.000000 0.000000 0.000000 0.368540 0.000000 0.000000 0.000000
 0.000000 0.048307 0.000000 0.001151 0.000000 0.000000 0.000000 0.000000 0.245637 0.000000 0.000000 0.225532 0.000000 0.227828 0.000000 0.211832 0.001382 0.020204 0.000658 0.017471
 0.000000 0.000000 0.001824 0.000000 0.000000 0.000000 0.000000 0.000000 0.000000 0.000000 0.000000 0.385272 0.000000 0.000000 0.013514 0.000000 0.209151 0.000000 0.000000 0.390239
 0.000000 0.000000 0.000000 0.000000 0.000000 0.149087 0.000000 0.000000 0.000000 0.000000 0.000000 0.000000 0.420932 0.000000 0.000000 0.000000 0.000000 0.429982 0.000000 0.000000
 0.000000 0.423609 0.000000 0.000000 0.148392 0.000000 0.000000 0.000000 0.000000 0.000000 0.000000 0.000000 0.427998 0.000000 0.000000 0.000000 0.000000 0.000001 0.000000 0.000000
 0.000000 0.000000 0.000000 0.000000 0.000000 0.000000 0.000000 0.000000 0.000000 0.000000 0.499998 0.000000 0.000000 0.000000 0.000000 0.000000 0.000000 0.000004 0.499999 0.000000
 0.000496 0.000000 0.000000 0.000000 0.000000 0.000000 0.000000 0.000000 0.000000 0.397687 0.000000 0.000000 0.000000 0.000000 0.395030 0.000000 0.206787 0.000000 0.000000 0.000000
 0.000000 0.000000 0.364964 0.000000 0.000000 0.000000 0.000000 0.000000 0.000000 0.000000 0.365806 0.000000 0.000000 0.000000 0.000000 0.269230 0.000000 0.000000 0.000000 0.000000
 0.495094 0.000000 0.000000 0.000000 0.000000 0.000000 0.000000 0.495244 0.000000 0.000000 0.000000 0.000000 0.000000 0.000000 0.009661 0.000000 0.000000 0.000000 0.000000 0.000000
 0.000000 0.000000 0.000000 0.000000 0.000000 0.000000 0.499873 0.000000 0.499874 0.000000 0.000000 0.000000 0.000000 0.000000 0.000000 0.000254 0.000000 0.000000 0.000000 0.000000
 0.000000 0.000017 0.257750 0.277791 0.000000 0.000000 0.000000 0.000000 0.000000 0.000000 0.000000 0.000000 0.000000 0.000001 0.000000 0.000000 0.267563 0.000000 0.000000 0.196878
 0.000000 0.207156 0.000000 0.000000 0.384505 0.392789 0.000000 0.000000 0.000000 0.000000 0.000000 0.000000 0.000000 0.000000 0.000000 0.000000 0.015549 0.000000 0.000000 0.000000
 0.269099 0.000000 0.262768 0.000000 0.000000 0.000000 0.000000 0.000000 0.000000 0.000000 0.000000 0.000001 0.000000 0.000000 0.146238 0.283962 0.000000 0.000000 0.000000 0.037932
 0.000000 0.000000 0.000000 0.013518 0.000000 0.000000 0.000000 0.387762 0.000000 0.007615 0.000000 0.000000 0.000000 0.201037 0.000000 0.000000 0.000002 0.000000 0.000000 0.390066
 0.258547 0.000000 0.245656 0.000000 0.000000 0.000000 0.000000 0.000000 0.210137 0.000000 0.000145 0.000000 0.000000 0.285516 0.000000 0.000000 0.000000 0.000000 0.000000 0.000000
 0.000000 0.327650 0.001839 0.175604 0.000000 0.000000 0.000000 0.170369 0.000000 0.000000 0.000000 0.311565 0.012971 0.000000 0.000002 0.000000 0.000000 0.000000 0.000000 0.000000
 0.000000 0.000000 0.039414 0.000000 0.480283 0.000002 0.000004 0.000000 0.000000 0.000000 0.000000 0.000000 0.000000 0.000000 0.000000 0.000000 0.000000 0.000000 0.480297 0.000000
 0.000000 0.000000 0.001334 0.000000 0.000000 0.000000 0.499337 0.000000 0.000000 0.000000 0.000000 0.000000 0.000000 0.000000 0.000000 0.000000 0.000000 0.499329 0.000000 0.000000
 0.000000 0.000000 0.024440 0.344413 0.000000 0.000000 0.000000 0.000000 0.000000 0.000000 0.000000 0.240989 0.000000 0.046008 0.344150 0.000000 0.000000 0.000000 0.000000 0.000000
the mean of prob-rank is 1.4210526315789473
the number of false negetive edges is 0
the number of probability greater than 0 is 4.6/edge
