20
 0.000000 0.000000 0.000000 0.000000 0.317470 0.011759 0.151244 0.210059 0.000000 0.000000 0.309184 0.000000 0.000000 0.000001 0.000000 0.000000 0.000000 0.000000 0.000284 0.000000
 0.000000 0.000000 0.000349 0.000000 0.000000 0.000000 0.000000 0.000000 0.000000 0.000174 0.000000 0.000000 0.499765 0.499713 0.000000 0.000000 0.000000 0.000000 0.000000 0.000000
 0.000000 0.000194 0.000000 0.000000 0.000000 0.228826 0.000000 0.223343 0.000030 0.000172 0.271079 0.000000 0.000003 0.000000 0.000000 0.000000 0.000009 0.018576 0.257768 0.000000
 0.000000 0.000000 0.000000 0.000000 0.000000 0.000000 0.000698 0.000000 0.000000 0.000000 0.000000 0.499218 0.000000 0.000000 0.500080 0.000000 0.000000 0.000000 0.000000 0.000004
 0.250560 0.000000 0.000000 0.000000 0.000000 0.001875 0.220923 0.040035 0.000000 0.000000 0.189962 0.000311 0.000000 0.104728 0.000000 0.000000 0.000000 0.000000 0.191605 0.000000
 0.011891 0.000000 0.264735 0.000000 0.002403 0.000000 0.000000 0.321011 0.000000 0.000000 0.097935 0.000000 0.000000 0.000000 0.000000 0.000006 0.002190 0.299831 0.000000 0.000000
 0.112167 0.000000 0.000000 0.000329 0.207597 0.000000 0.000000 0.000000 0.000000 0.000000 0.000023 0.190047 0.000000 0.000000 0.217631 0.071578 0.000019 0.000000 0.000000 0.200609
 0.214238 0.000000 0.260591 0.000000 0.051735 0.323744 0.000000 0.000000 0.000000 0.000000 0.086805 0.000000 0.000000 0.000000 0.000000 0.000000 0.000009 0.062877 0.000000 0.000000
 0.000000 0.000000 0.000053 0.000000 0.000000 0.000000 0.000000 0.000000 0.000000 0.000000 0.000000 0.000000 0.000000 0.000000 0.000000 0.488339 0.488335 0.014616 0.000000 0.008657
 0.000000 0.000174 0.000310 0.000000 0.000000 0.000000 0.000000 0.000000 0.000000 0.000000 0.000006 0.000000 0.499740 0.000000 0.000000 0.000000 0.000000 0.000000 0.499770 0.000000
 0.248319 0.000000 0.249070 0.000000 0.193309 0.077778 0.000025 0.068357 0.000000 0.000003 0.000000 0.000000 0.000000 0.126950 0.000000 0.000005 0.000000 0.000000 0.036184 0.000000
 0.000000 0.000000 0.000000 0.359843 0.000448 0.000000 0.290962 0.000000 0.000000 0.000000 0.000000 0.000000 0.000000 0.348747 0.000000 0.000000 0.000000 0.000000 0.000000 0.000000
 0.000000 0.500019 0.000005 0.000000 0.000000 0.000000 0.000000 0.000000 0.000000 0.499974 0.000000 0.000000 0.000000 0.000000 0.000000 0.000000 0.000000 0.000000 0.000001 0.000000
 0.000001 0.346795 0.000000 0.000000 0.144967 0.000000 0.000000 0.000000 0.000000 0.000000 0.172685 0.335553 0.000000 0.000000 0.000000 0.000000 0.000000 0.000000 0.000000 0.000000
 0.000000 0.000000 0.000000 0.364768 0.000000 0.000000 0.337171 0.000000 0.000000 0.000000 0.000000 0.000000 0.000000 0.000000 0.000000 0.000000 0.000000 0.000000 0.000000 0.298061
 0.000000 0.000000 0.000000 0.000000 0.000000 0.000008 0.132251 0.000000 0.435021 0.000000 0.000008 0.000000 0.000000 0.000000 0.000000 0.000000 0.000000 0.000483 0.000000 0.432229
 0.000000 0.000000 0.000017 0.000000 0.000000 0.003398 0.000041 0.000014 0.498273 0.000000 0.000000 0.000000 0.000000 0.000000 0.000000 0.000000 0.000000 0.498258 0.000000 0.000000
 0.000000 0.000000 0.030071 0.000000 0.000000 0.419536 0.000000 0.087237 0.013446 0.000000 0.000000 0.000000 0.000000 0.000000 0.000000 0.000498 0.449212 0.000000 0.000000 0.000000
 0.000316 0.000000 0.327488 0.000000 0.269609 0.000000 0.000000 0.000000 0.000000 0.352553 0.050034 0.000000 0.000001 0.000000 0.000000 0.000000 0.000000 0.000000 0.000000 0.000000
 0.000000 0.000000 0.000000 0.000003 0.000000 0.000000 0.317869 0.000000 0.006613 0.000000 0.000000 0.000000 0.000000 0.000000 0.304841 0.370673 0.000000 0.000000 0.000000 0.000000
the mean of prob-rank is 1.631578947368421
the number of false negetive edges is 0
the number of probability greater than 0 is 6.1/edge
