20
 0.000000 0.436960 0.000000 0.000000 0.003588 0.439108 0.000000 0.000000 0.000000 0.000000 0.000000 0.000000 0.000000 0.000000 0.000000 0.000000 0.000000 0.120345 0.000000 0.000000
 0.376831 0.000000 0.000000 0.000000 0.223028 0.000000 0.000002 0.000000 0.000000 0.000000 0.021456 0.000000 0.000000 0.000000 0.000000 0.000000 0.000000 0.378683 0.000000 0.000000
 0.000000 0.000000 0.000000 0.000000 0.000000 0.000000 0.000000 0.000000 0.000000 0.169826 0.000000 0.000000 0.000000 0.415722 0.000012 0.000000 0.000000 0.000000 0.414439 0.000000
 0.000000 0.000000 0.000000 0.000000 0.000000 0.500000 0.000000 0.000000 0.500000 0.000000 0.000000 0.000000 0.000000 0.000000 0.000000 0.000000 0.000000 0.000000 0.000000 0.000000
 0.003150 0.227050 0.000000 0.000000 0.000000 0.000000 0.385509 0.000000 0.000000 0.000000 0.000000 0.000000 0.000054 0.000000 0.000000 0.000000 0.000000 0.384236 0.000000 0.000000
 0.500000 0.000000 0.000000 0.500000 0.000000 0.000000 0.000000 0.000000 0.000000 0.000000 0.000000 0.000000 0.000000 0.000000 0.000000 0.000000 0.000000 0.000000 0.000000 0.000000
 0.000000 0.000003 0.000000 0.000000 0.496520 0.000000 0.000000 0.000474 0.000000 0.000000 0.000000 0.000976 0.005502 0.000000 0.000000 0.496525 0.000000 0.000000 0.000000 0.000000
 0.000000 0.000000 0.000000 0.000000 0.000000 0.000000 0.000477 0.000000 0.000000 0.000000 0.000000 0.000000 0.000000 0.000000 0.000000 0.000000 0.499761 0.000000 0.000000 0.499762
 0.000000 0.000000 0.000000 0.500002 0.000000 0.000000 0.000000 0.000000 0.000000 0.000000 0.000000 0.000000 0.000000 0.000000 0.000000 0.000000 0.499998 0.000000 0.000000 0.000000
 0.000000 0.000000 0.170161 0.000000 0.000000 0.000000 0.000000 0.000000 0.000000 0.000000 0.000000 0.000000 0.004250 0.409047 0.416542 0.000000 0.000000 0.000000 0.000000 0.000000
 0.000000 0.027554 0.000000 0.000000 0.000000 0.000000 0.000000 0.000000 0.000000 0.000000 0.000000 0.000000 0.486251 0.000000 0.486195 0.000000 0.000000 0.000000 0.000000 0.000000
 0.000000 0.000000 0.000000 0.000000 0.000000 0.000000 0.000964 0.000000 0.000000 0.000000 0.000000 0.000000 0.000000 0.000000 0.000000 0.018084 0.000000 0.000000 0.490510 0.490442
 0.000000 0.000000 0.000000 0.000000 0.000070 0.000000 0.005462 0.000000 0.000000 0.005029 0.492892 0.000000 0.000000 0.000000 0.003655 0.492892 0.000000 0.000000 0.000000 0.000000
 0.000000 0.000000 0.387790 0.000000 0.000000 0.000000 0.000000 0.000000 0.000000 0.380812 0.000000 0.000000 0.000000 0.000000 0.000000 0.000000 0.000000 0.000000 0.231398 0.000000
 0.000000 0.000000 0.000015 0.000000 0.000000 0.000000 0.000000 0.000000 0.000000 0.498205 0.498086 0.000000 0.003694 0.000000 0.000000 0.000000 0.000000 0.000000 0.000000 0.000000
 0.000000 0.000000 0.000000 0.000000 0.000000 0.000000 0.490980 0.000000 0.000000 0.000000 0.000000 0.018102 0.490919 0.000000 0.000000 0.000000 0.000000 0.000000 0.000000 0.000000
 0.000000 0.000000 0.000000 0.000000 0.000000 0.000000 0.000000 0.499495 0.499494 0.000000 0.000000 0.000000 0.000000 0.000000 0.000000 0.000000 0.000000 0.000000 0.000000 0.001011
 0.120694 0.440381 0.000000 0.000000 0.438924 0.000000 0.000000 0.000000 0.000000 0.000000 0.000000 0.000000 0.000000 0.000000 0.000000 0.000000 0.000000 0.000000 0.000000 0.000000
 0.000000 0.000000 0.384371 0.000000 0.000000 0.000000 0.000000 0.000000 0.000000 0.000000 0.000000 0.385561 0.000000 0.230068 0.000000 0.000000 0.000000 0.000000 0.000000 0.000000
 0.000000 0.000000 0.000000 0.000000 0.000000 0.000000 0.000000 0.499528 0.000000 0.000000 0.000000 0.499460 0.000000 0.000000 0.000000 0.000000 0.001011 0.000000 0.000000 0.000000
the mean of prob-rank is 1.5263157894736843
the number of false negetive edges is 0
the number of probability greater than 0 is 3.6/edge
