20
 0.000000 0.359163 0.000000 0.000000 0.313036 0.000000 0.000000 0.000000 0.327802 0.000000 0.000000 0.000000 0.000000 0.000000 0.000000 0.000000 0.000000 0.000000 0.000000 0.000000
 0.408470 0.000000 0.000000 0.000000 0.000389 0.000000 0.158724 0.406878 0.000000 0.000000 0.000000 0.025539 0.000000 0.000001 0.000000 0.000000 0.000000 0.000000 0.000000 0.000000
 0.000000 0.000000 0.000000 0.000000 0.000000 0.000000 0.000000 0.000000 0.000000 0.428192 0.000000 0.142143 0.000000 0.000000 0.000000 0.000012 0.000000 0.004242 0.425410 0.000000
 0.000000 0.000000 0.000000 0.000000 0.000000 0.034540 0.000000 0.000000 0.000000 0.000000 0.317265 0.000000 0.000000 0.000000 0.154837 0.300301 0.068827 0.124229 0.000000 0.000000
 0.339478 0.000371 0.000000 0.000000 0.000000 0.000000 0.000000 0.000000 0.386122 0.000000 0.000000 0.000001 0.055846 0.218182 0.000000 0.000000 0.000000 0.000000 0.000000 0.000000
 0.000000 0.000000 0.000000 0.033530 0.000000 0.000000 0.000000 0.012146 0.000000 0.000000 0.000000 0.000000 0.000000 0.000000 0.308180 0.161871 0.000000 0.191344 0.000000 0.292929
 0.000000 0.162890 0.000000 0.000000 0.000000 0.000000 0.000000 0.417897 0.000000 0.000000 0.000000 0.000000 0.000000 0.000000 0.000000 0.000000 0.000000 0.000000 0.000000 0.419213
 0.000000 0.370684 0.000000 0.000000 0.000000 0.014435 0.370986 0.000000 0.000000 0.000275 0.000000 0.097361 0.000000 0.000000 0.000000 0.000000 0.000000 0.000000 0.000000 0.146259
 0.334589 0.000000 0.000000 0.000000 0.363417 0.000000 0.000000 0.000000 0.000000 0.000000 0.000000 0.000000 0.301994 0.000000 0.000000 0.000000 0.000000 0.000000 0.000000 0.000000
 0.000000 0.000000 0.449256 0.000000 0.000000 0.000000 0.000000 0.000332 0.000000 0.000000 0.000000 0.446868 0.000000 0.000000 0.000000 0.001623 0.000000 0.002451 0.099469 0.000000
 0.000000 0.000000 0.000000 0.465929 0.000000 0.000000 0.000000 0.000000 0.000000 0.000000 0.000000 0.000000 0.000000 0.000000 0.002384 0.000204 0.473736 0.049402 0.008346 0.000000
 0.000000 0.023683 0.125659 0.000000 0.000001 0.000000 0.000000 0.099102 0.000000 0.376523 0.000000 0.000000 0.000001 0.374580 0.000000 0.000000 0.000000 0.000000 0.000451 0.000000
 0.000000 0.000000 0.000000 0.000000 0.056402 0.000000 0.000000 0.000000 0.324056 0.000000 0.000000 0.000001 0.000000 0.391442 0.000000 0.000000 0.228099 0.000000 0.000000 0.000000
 0.000000 0.000001 0.000000 0.000000 0.220177 0.000000 0.000000 0.000000 0.000000 0.000000 0.000000 0.388696 0.391126 0.000000 0.000000 0.000000 0.000000 0.000000 0.000000 0.000000
 0.000000 0.000000 0.000000 0.194145 0.000000 0.398057 0.000000 0.000000 0.000000 0.000000 0.002035 0.000000 0.000000 0.000000 0.000000 0.404258 0.000000 0.001506 0.000000 0.000000
 0.000000 0.000000 0.000012 0.379007 0.000000 0.210451 0.000000 0.000000 0.000000 0.001470 0.000175 0.000000 0.000000 0.000000 0.406911 0.000000 0.000000 0.001974 0.000001 0.000000
 0.000000 0.000000 0.000000 0.079511 0.000000 0.000000 0.000000 0.000000 0.000000 0.000000 0.372654 0.000000 0.216069 0.000000 0.000000 0.000000 0.000000 0.331761 0.000004 0.000000
 0.000000 0.000000 0.003285 0.127780 0.000000 0.202741 0.000000 0.000000 0.000000 0.001809 0.034601 0.000000 0.000000 0.000000 0.001235 0.001609 0.295391 0.000000 0.331550 0.000000
 0.000000 0.000000 0.444777 0.000000 0.000000 0.000000 0.000000 0.000000 0.000000 0.099121 0.007893 0.000533 0.000000 0.000000 0.000000 0.000001 0.000005 0.447670 0.000000 0.000000
 0.000000 0.000000 0.000000 0.000000 0.000000 0.401742 0.429473 0.168785 0.000000 0.000000 0.000000 0.000000 0.000000 0.000000 0.000000 0.000000 0.000000 0.000000 0.000000 0.000000
the mean of prob-rank is 2.0
the number of false negetive edges is 0
the number of probability greater than 0 is 5.3/edge
