20
 0.000000 0.000000 0.000000 0.000000 0.000000 0.355689 0.317694 0.000000 0.000000 0.000000 0.000000 0.000000 0.000000 0.326617 0.000000 0.000000 0.000000 0.000000 0.000000 0.000000
 0.000000 0.000000 0.000000 0.000000 0.000000 0.000000 0.000000 0.000000 0.000000 0.000000 0.000000 0.000000 0.000000 0.000000 0.195806 0.000000 0.401812 0.000000 0.402382 0.000000
 0.000000 0.000000 0.000000 0.000000 0.000000 0.000000 0.000000 0.000000 0.000000 0.000000 0.000000 0.499954 0.000000 0.000000 0.000000 0.000000 0.000000 0.500046 0.000000 0.000000
 0.000000 0.000000 0.000000 0.000000 0.000000 0.000000 0.000000 0.000000 0.000000 0.000000 0.499968 0.000000 0.500019 0.000000 0.000000 0.000000 0.000010 0.000000 0.000000 0.000003
 0.000000 0.000000 0.000000 0.000000 0.000000 0.000000 0.000000 0.000000 0.000000 0.000000 0.000000 0.500000 0.000000 0.000000 0.000000 0.000000 0.000000 0.000000 0.500000 0.000000
 0.315649 0.000000 0.000000 0.000000 0.000000 0.000000 0.300197 0.000000 0.000000 0.000000 0.000000 0.000000 0.000000 0.245932 0.000000 0.138222 0.000000 0.000000 0.000000 0.000000
 0.285010 0.000000 0.000000 0.000000 0.000000 0.303476 0.000000 0.000000 0.000000 0.000000 0.000000 0.000000 0.000000 0.116125 0.000000 0.295390 0.000000 0.000000 0.000000 0.000000
 0.000000 0.000000 0.000000 0.000000 0.000000 0.000000 0.000000 0.000000 0.000000 0.499998 0.000000 0.000000 0.500002 0.000000 0.000000 0.000000 0.000000 0.000000 0.000000 0.000000
 0.000000 0.000000 0.000000 0.000000 0.000000 0.000000 0.000000 0.000000 0.000000 0.500000 0.000000 0.000000 0.000000 0.000000 0.000000 0.500000 0.000000 0.000000 0.000000 0.000000
 0.000000 0.000000 0.000000 0.000000 0.000000 0.000000 0.000000 0.499998 0.500002 0.000000 0.000000 0.000000 0.000000 0.000000 0.000000 0.000000 0.000000 0.000000 0.000000 0.000000
 0.000000 0.000000 0.000000 0.415761 0.000000 0.000000 0.000000 0.000000 0.000000 0.000000 0.000000 0.000000 0.000000 0.000000 0.000000 0.000000 0.168533 0.000000 0.000000 0.415706
 0.000000 0.000000 0.499954 0.000000 0.500046 0.000000 0.000000 0.000000 0.000000 0.000000 0.000000 0.000000 0.000000 0.000000 0.000000 0.000000 0.000000 0.000000 0.000000 0.000000
 0.000000 0.000000 0.000000 0.500000 0.000000 0.000000 0.000000 0.500000 0.000000 0.000000 0.000000 0.000000 0.000000 0.000000 0.000000 0.000000 0.000000 0.000000 0.000000 0.000000
 0.299959 0.000000 0.000000 0.000000 0.000000 0.254510 0.118876 0.000000 0.000000 0.000000 0.000000 0.000000 0.000000 0.000000 0.326655 0.000000 0.000000 0.000000 0.000000 0.000000
 0.000000 0.197353 0.000000 0.000000 0.000000 0.000000 0.000000 0.000000 0.000000 0.000000 0.000000 0.000000 0.000000 0.405552 0.000000 0.000000 0.397095 0.000000 0.000000 0.000000
 0.000000 0.000000 0.000000 0.000000 0.000000 0.185257 0.391630 0.000000 0.423070 0.000000 0.000000 0.000000 0.000000 0.000000 0.000000 0.000000 0.000043 0.000000 0.000000 0.000000
 0.000000 0.330183 0.000000 0.000006 0.000000 0.000000 0.000000 0.000000 0.000000 0.000000 0.134020 0.000000 0.000000 0.000000 0.323748 0.000034 0.000000 0.000000 0.000000 0.212009
 0.000000 0.000000 0.500005 0.000000 0.000000 0.000000 0.000000 0.000000 0.000000 0.000000 0.000000 0.000000 0.000000 0.000000 0.000000 0.000000 0.000000 0.000000 0.000000 0.499995
 0.000000 0.499998 0.000000 0.000000 0.500002 0.000000 0.000000 0.000000 0.000000 0.000000 0.000000 0.000000 0.000000 0.000000 0.000000 0.000000 0.000000 0.000000 0.000000 0.000000
 0.000000 0.000000 0.000000 0.000002 0.000000 0.000000 0.000000 0.000000 0.000000 0.000000 0.378565 0.000000 0.000000 0.000000 0.000000 0.000000 0.242786 0.378647 0.000000 0.000000
the mean of prob-rank is 1.5263157894736843
the number of false negetive edges is 0
the number of probability greater than 0 is 3.0/edge
