20
 0.000000 0.000000 0.000000 0.500000 0.000000 0.500000 0.000000 0.000000 0.000000 0.000000 0.000000 0.000000 0.000000 0.000000 0.000000 0.000000 0.000000 0.000000 0.000000 0.000000
 0.000000 0.000000 0.000000 0.000000 0.000000 0.000000 0.000000 0.000000 0.000000 0.000000 0.000000 0.000000 0.000000 0.500000 0.000000 0.500000 0.000000 0.000000 0.000000 0.000000
 0.000000 0.000000 0.000000 0.000000 0.000000 0.000000 0.000000 0.000025 0.000000 0.000000 0.000000 0.000000 0.000000 0.000000 0.000000 0.000000 0.499987 0.000000 0.000000 0.499989
 0.500000 0.000000 0.000000 0.000000 0.000000 0.000000 0.000000 0.000000 0.000000 0.000000 0.000000 0.000000 0.000000 0.000000 0.000000 0.000000 0.000000 0.000000 0.000000 0.500000
 0.000000 0.000000 0.000000 0.000000 0.000000 0.000000 0.000000 0.000000 0.000000 0.499966 0.000000 0.000000 0.000000 0.000000 0.000000 0.499997 0.000000 0.000000 0.000037 0.000000
 0.492354 0.000000 0.000000 0.000000 0.000000 0.000000 0.000000 0.000000 0.000000 0.000000 0.492308 0.015338 0.000000 0.000000 0.000000 0.000000 0.000000 0.000000 0.000000 0.000000
 0.000000 0.000000 0.000000 0.000000 0.000000 0.000000 0.000000 0.000000 0.499805 0.000000 0.000000 0.000000 0.000000 0.000202 0.499993 0.000000 0.000000 0.000001 0.000000 0.000000
 0.000000 0.000000 0.000025 0.000000 0.000000 0.000000 0.000000 0.000000 0.000000 0.000000 0.000000 0.000000 0.499982 0.000000 0.000000 0.000000 0.499993 0.000000 0.000000 0.000000
 0.000000 0.000000 0.000000 0.000000 0.000000 0.000000 0.499906 0.000000 0.000000 0.000000 0.000000 0.000000 0.500092 0.000000 0.000000 0.000000 0.000000 0.000002 0.000000 0.000000
 0.000000 0.000000 0.000000 0.000000 0.499984 0.000000 0.000000 0.000000 0.000000 0.000000 0.000000 0.000000 0.000000 0.000000 0.000000 0.000000 0.000000 0.000000 0.500016 0.000000
 0.000000 0.000000 0.000000 0.000000 0.000000 0.498486 0.000000 0.000000 0.000000 0.000000 0.000000 0.498532 0.000000 0.000000 0.000000 0.000000 0.000000 0.000000 0.002982 0.000000
 0.000000 0.000000 0.000000 0.000000 0.000000 0.015338 0.000000 0.000000 0.000000 0.000000 0.492358 0.000000 0.000000 0.000000 0.000000 0.000000 0.000000 0.000000 0.492303 0.000000
 0.000000 0.000000 0.000000 0.000000 0.000000 0.000000 0.000000 0.499996 0.500004 0.000000 0.000000 0.000000 0.000000 0.000000 0.000000 0.000000 0.000000 0.000000 0.000000 0.000000
 0.000000 0.499895 0.000000 0.000000 0.000000 0.000000 0.000202 0.000000 0.000000 0.000000 0.000000 0.000000 0.000000 0.000000 0.000023 0.000000 0.000000 0.499881 0.000000 0.000000
 0.000000 0.000000 0.000000 0.000000 0.000000 0.000000 0.499989 0.000000 0.000000 0.000000 0.000000 0.000000 0.000000 0.000023 0.000000 0.000000 0.000000 0.499989 0.000000 0.000000
 0.000000 0.500000 0.000000 0.000000 0.500000 0.000000 0.000000 0.000000 0.000000 0.000000 0.000000 0.000000 0.000000 0.000000 0.000000 0.000000 0.000000 0.000000 0.000000 0.000000
 0.000000 0.000000 0.499999 0.000000 0.000000 0.000000 0.000000 0.500001 0.000000 0.000000 0.000000 0.000000 0.000000 0.000000 0.000000 0.000000 0.000000 0.000000 0.000000 0.000000
 0.000000 0.000000 0.000000 0.000000 0.000000 0.000000 0.000001 0.000000 0.000002 0.000000 0.000000 0.000000 0.000000 0.499992 0.500006 0.000000 0.000000 0.000000 0.000000 0.000000
 0.000000 0.000000 0.000000 0.000000 0.000037 0.000000 0.000000 0.000000 0.000000 0.498518 0.002982 0.498463 0.000000 0.000000 0.000000 0.000000 0.000000 0.000000 0.000000 0.000000
 0.000000 0.000000 0.500000 0.500000 0.000000 0.000000 0.000000 0.000000 0.000000 0.000000 0.000000 0.000000 0.000000 0.000000 0.000000 0.000000 0.000000 0.000000 0.000000 0.000000
the mean of prob-rank is 1.631578947368421
the number of false negetive edges is 0
the number of probability greater than 0 is 2.7/edge
