20
 0.000000 0.000000 0.000000 0.000000 0.499999 0.000000 0.000000 0.000000 0.000000 0.000000 0.000000 0.000000 0.000000 0.000000 0.000000 0.000000 0.500001 0.000000 0.000000 0.000000
 0.000000 0.000000 0.500001 0.000000 0.000000 0.000000 0.000000 0.000000 0.000000 0.000000 0.000000 0.000000 0.000000 0.000000 0.499999 0.000000 0.000000 0.000000 0.000000 0.000000
 0.000000 0.500000 0.000000 0.000000 0.000000 0.000000 0.000000 0.000000 0.000000 0.000000 0.500000 0.000000 0.000000 0.000000 0.000000 0.000000 0.000000 0.000000 0.000000 0.000000
 0.000000 0.000000 0.000000 0.000000 0.000000 0.000000 0.000000 0.000905 0.000004 0.000000 0.000000 0.000000 0.000000 0.287828 0.000000 0.352812 0.000000 0.348669 0.009783 0.000000
 0.499999 0.000000 0.000000 0.000000 0.000000 0.000000 0.000000 0.000000 0.000000 0.000000 0.500001 0.000000 0.000000 0.000000 0.000000 0.000000 0.000000 0.000000 0.000000 0.000000
 0.000000 0.000000 0.000000 0.000000 0.000000 0.000000 0.360653 0.018075 0.000000 0.000000 0.000000 0.000000 0.000000 0.306357 0.000000 0.314915 0.000000 0.000000 0.000000 0.000000
 0.000000 0.000000 0.000000 0.000000 0.000000 0.384959 0.000000 0.000000 0.000000 0.000000 0.000000 0.234563 0.000000 0.000000 0.000000 0.001206 0.000000 0.000000 0.000000 0.379273
 0.000000 0.000000 0.000000 0.000899 0.000000 0.017561 0.000000 0.000000 0.000000 0.000000 0.000000 0.000000 0.000000 0.350405 0.000000 0.328389 0.000000 0.000000 0.302746 0.000000
 0.000000 0.000000 0.000000 0.000004 0.000000 0.000000 0.000000 0.000000 0.000000 0.340479 0.000000 0.000000 0.323097 0.000000 0.000000 0.000000 0.000000 0.282421 0.053999 0.000000
 0.000000 0.000000 0.000000 0.000000 0.000000 0.000000 0.000000 0.000000 0.341596 0.000000 0.000000 0.000000 0.000010 0.000000 0.000000 0.000000 0.000000 0.331073 0.327320 0.000000
 0.000000 0.000000 0.500000 0.000000 0.500000 0.000000 0.000000 0.000000 0.000000 0.000000 0.000000 0.000000 0.000000 0.000000 0.000000 0.000000 0.000000 0.000000 0.000000 0.000000
 0.000000 0.000000 0.000000 0.000000 0.000000 0.000000 0.234019 0.000000 0.000000 0.000000 0.000000 0.000000 0.000000 0.000000 0.000000 0.000000 0.381911 0.000000 0.000000 0.384071
 0.000000 0.000000 0.000000 0.000000 0.000000 0.000000 0.000000 0.000000 0.337800 0.000010 0.000000 0.000000 0.000000 0.000000 0.358677 0.000000 0.000000 0.000000 0.303512 0.000000
 0.000000 0.000000 0.000000 0.277539 0.000000 0.288980 0.000000 0.340198 0.000000 0.000000 0.000000 0.000000 0.000000 0.000000 0.000000 0.018456 0.000000 0.000000 0.074827 0.000000
 0.000000 0.499999 0.000000 0.000000 0.000000 0.000000 0.000000 0.000000 0.000000 0.000000 0.000000 0.000000 0.500001 0.000000 0.000000 0.000000 0.000000 0.000000 0.000000 0.000000
 0.000000 0.000000 0.000000 0.348709 0.000000 0.304483 0.001092 0.326798 0.000000 0.000000 0.000000 0.000000 0.000000 0.018917 0.000000 0.000000 0.000000 0.000001 0.000000 0.000000
 0.373572 0.000000 0.000000 0.000000 0.000000 0.000000 0.000000 0.000000 0.000000 0.000000 0.000000 0.371471 0.000000 0.000000 0.000000 0.000000 0.000000 0.000000 0.000000 0.254956
 0.000000 0.000000 0.000000 0.287281 0.000000 0.000000 0.000000 0.000000 0.239309 0.279617 0.000000 0.000000 0.000000 0.000000 0.000000 0.000001 0.000000 0.000000 0.193793 0.000000
 0.000000 0.000000 0.000000 0.007428 0.000000 0.000000 0.000000 0.231451 0.042166 0.254758 0.000000 0.000000 0.226687 0.058921 0.000000 0.000000 0.000000 0.178589 0.000000 0.000000
 0.000000 0.000000 0.000000 0.000000 0.000000 0.000000 0.369313 0.000000 0.000000 0.000000 0.000000 0.374855 0.000000 0.000000 0.000000 0.000000 0.255832 0.000000 0.000000 0.000000
the mean of prob-rank is 1.7894736842105263
the number of false negetive edges is 0
the number of probability greater than 0 is 3.7/edge
