20
 0.000000 0.000000 0.463741 0.000000 0.000000 0.000000 0.000000 0.000000 0.000000 0.000000 0.000000 0.000000 0.000000 0.000000 0.000000 0.000000 0.074493 0.000000 0.461766 0.000000
 0.000000 0.000000 0.000000 0.000000 0.000000 0.000000 0.000000 0.000000 0.000000 0.000000 0.499995 0.000000 0.000016 0.499989 0.000000 0.000000 0.000000 0.000000 0.000000 0.000000
 0.500000 0.000000 0.000000 0.000000 0.500000 0.000000 0.000000 0.000000 0.000000 0.000000 0.000000 0.000000 0.000000 0.000000 0.000000 0.000000 0.000000 0.000000 0.000000 0.000000
 0.000000 0.000000 0.000000 0.000000 0.000000 0.000000 0.000000 0.000000 0.000000 0.000000 0.500000 0.000000 0.000000 0.000000 0.000000 0.000000 0.000000 0.000000 0.000000 0.500000
 0.000000 0.000000 0.500000 0.000000 0.000000 0.000000 0.000000 0.000000 0.000000 0.000000 0.000000 0.500000 0.000000 0.000000 0.000000 0.000000 0.000000 0.000000 0.000000 0.000000
 0.000000 0.000000 0.000000 0.000000 0.000000 0.000000 0.000000 0.009679 0.000000 0.000000 0.000000 0.000000 0.000139 0.000000 0.428462 0.428709 0.000000 0.133012 0.000000 0.000000
 0.000000 0.000000 0.000000 0.000000 0.000000 0.000000 0.000000 0.000000 0.000000 0.498876 0.000000 0.000000 0.498866 0.000000 0.002258 0.000000 0.000000 0.000000 0.000000 0.000000
 0.000000 0.000000 0.000000 0.000000 0.000000 0.008812 0.000000 0.000000 0.000000 0.000000 0.000000 0.000000 0.000000 0.370206 0.000000 0.230617 0.000000 0.390365 0.000000 0.000000
 0.000000 0.000000 0.000000 0.000000 0.000000 0.000000 0.000000 0.000000 0.000000 0.000000 0.000000 0.500000 0.000000 0.000000 0.000000 0.000000 0.000000 0.000000 0.000000 0.500000
 0.000000 0.000000 0.000000 0.000000 0.000000 0.000000 0.339808 0.000000 0.000000 0.000000 0.000000 0.000000 0.000000 0.000000 0.000000 0.000000 0.338720 0.000000 0.321472 0.000000
 0.000000 0.499998 0.000000 0.499999 0.000000 0.000000 0.000000 0.000000 0.000000 0.000000 0.000000 0.000000 0.000000 0.000003 0.000000 0.000000 0.000000 0.000000 0.000000 0.000000
 0.000000 0.000000 0.000000 0.000000 0.500000 0.000000 0.000000 0.000000 0.500000 0.000000 0.000000 0.000000 0.000000 0.000000 0.000000 0.000000 0.000000 0.000000 0.000000 0.000000
 0.000000 0.000016 0.000000 0.000000 0.000000 0.000162 0.499906 0.000000 0.000000 0.000000 0.000000 0.000000 0.000000 0.000000 0.499916 0.000000 0.000000 0.000000 0.000000 0.000000
 0.000000 0.397222 0.000000 0.000000 0.000000 0.000000 0.000000 0.376714 0.000000 0.000000 0.000002 0.000000 0.000000 0.000000 0.000000 0.025329 0.000000 0.200732 0.000000 0.000000
 0.000000 0.000000 0.000000 0.000000 0.000000 0.498700 0.002259 0.000000 0.000000 0.000000 0.000000 0.000000 0.499042 0.000000 0.000000 0.000000 0.000000 0.000000 0.000000 0.000000
 0.000000 0.000000 0.000000 0.000000 0.000000 0.380820 0.000000 0.225002 0.000000 0.000000 0.000000 0.000000 0.000000 0.024286 0.000000 0.000000 0.000000 0.369893 0.000000 0.000000
 0.074456 0.000000 0.000000 0.000000 0.000000 0.000000 0.000000 0.000000 0.000000 0.462030 0.000000 0.000000 0.000000 0.000000 0.000000 0.000000 0.000000 0.000000 0.463513 0.000000
 0.000000 0.000000 0.000000 0.000000 0.000000 0.111322 0.000000 0.358840 0.000000 0.000000 0.000000 0.000000 0.000000 0.181333 0.000000 0.348505 0.000000 0.000000 0.000000 0.000000
 0.338481 0.000000 0.000000 0.000000 0.000000 0.000000 0.000000 0.000000 0.000000 0.321588 0.000000 0.000000 0.000000 0.000000 0.000000 0.000000 0.339930 0.000000 0.000000 0.000000
 0.000000 0.000000 0.000000 0.500000 0.000000 0.000000 0.000000 0.000000 0.500000 0.000000 0.000000 0.000000 0.000000 0.000000 0.000000 0.000000 0.000000 0.000000 0.000000 0.000000
the mean of prob-rank is 1.5263157894736843
the number of false negetive edges is 0
the number of probability greater than 0 is 3.1/edge
