20
 0.000000 0.032055 0.000000 0.000000 0.000000 0.018593 0.000000 0.000000 0.474686 0.000000 0.000000 0.000000 0.000000 0.000000 0.000000 0.000000 0.474667 0.000000 0.000000 0.000000
 0.020903 0.000000 0.133743 0.000000 0.000000 0.309377 0.000000 0.000000 0.000000 0.199159 0.000000 0.000000 0.026184 0.000000 0.000000 0.010989 0.299645 0.000000 0.000000 0.000000
 0.000000 0.135306 0.000000 0.000000 0.000000 0.057922 0.000000 0.000000 0.000000 0.181915 0.286959 0.000000 0.313148 0.000000 0.000000 0.000000 0.000000 0.004840 0.019909 0.000000
 0.000000 0.000000 0.000000 0.000000 0.000000 0.000000 0.000000 0.500000 0.000000 0.000000 0.000000 0.000000 0.000000 0.000000 0.000000 0.500000 0.000000 0.000000 0.000000 0.000000
 0.000000 0.000000 0.000000 0.000000 0.000000 0.000000 0.497515 0.000000 0.000000 0.000000 0.000000 0.000000 0.000000 0.004973 0.000000 0.000000 0.000000 0.000000 0.000000 0.497512
 0.013607 0.347203 0.064253 0.000000 0.000000 0.000000 0.000000 0.000000 0.000000 0.331529 0.000000 0.000000 0.017747 0.000000 0.000000 0.000235 0.225232 0.000000 0.000196 0.000000
 0.000000 0.000000 0.000000 0.000000 0.500000 0.000000 0.000000 0.000000 0.000000 0.000000 0.000000 0.000000 0.000000 0.000000 0.500000 0.000000 0.000000 0.000000 0.000000 0.000000
 0.000000 0.000000 0.000000 0.499995 0.000000 0.000000 0.000000 0.000000 0.000000 0.000000 0.000000 0.000000 0.000000 0.000000 0.000000 0.000000 0.000000 0.499994 0.000011 0.000000
 0.500000 0.000000 0.000000 0.000000 0.000001 0.000000 0.000000 0.000000 0.000000 0.000000 0.000000 0.000000 0.000000 0.499999 0.000000 0.000000 0.000000 0.000000 0.000000 0.000000
 0.000000 0.175836 0.158756 0.000000 0.000000 0.260815 0.000000 0.000000 0.000000 0.000000 0.265248 0.000039 0.000987 0.137880 0.000000 0.000000 0.000024 0.000000 0.000415 0.000000
 0.000000 0.000000 0.275440 0.000000 0.000000 0.000000 0.000000 0.000000 0.000000 0.291741 0.000000 0.297056 0.000001 0.086936 0.000000 0.000000 0.000000 0.003718 0.000072 0.045036
 0.000000 0.000000 0.000000 0.000000 0.000000 0.000000 0.000000 0.000000 0.000000 0.000048 0.339695 0.000000 0.000000 0.316898 0.000000 0.000000 0.000000 0.000000 0.000000 0.343358
 0.000000 0.039541 0.467437 0.000000 0.000000 0.023881 0.000000 0.000000 0.000000 0.001688 0.000002 0.000000 0.000000 0.000000 0.000000 0.000000 0.000000 0.000000 0.467451 0.000000
 0.000000 0.000000 0.000000 0.000000 0.003667 0.000000 0.000000 0.000000 0.366881 0.185099 0.106110 0.338239 0.000000 0.000000 0.000000 0.000000 0.000000 0.000000 0.000000 0.000004
 0.000000 0.000000 0.000000 0.000000 0.000000 0.000000 0.500031 0.000000 0.000000 0.000000 0.000000 0.000000 0.000000 0.000000 0.000000 0.000000 0.000000 0.499952 0.000000 0.000017
 0.000000 0.017443 0.000000 0.491329 0.000000 0.000332 0.000000 0.000000 0.000000 0.000000 0.000000 0.000000 0.000000 0.000000 0.000000 0.000000 0.000000 0.000000 0.490896 0.000000
 0.382178 0.369975 0.000000 0.000000 0.000000 0.247799 0.000000 0.000000 0.000000 0.000034 0.000000 0.000000 0.000000 0.000000 0.000000 0.000000 0.000000 0.000000 0.000014 0.000000
 0.000000 0.000000 0.007481 0.000000 0.000000 0.000000 0.000000 0.483990 0.000000 0.000000 0.005986 0.000000 0.000000 0.000000 0.483914 0.000000 0.000000 0.000000 0.018629 0.000000
 0.000000 0.000000 0.030222 0.000000 0.000000 0.000268 0.000000 0.000010 0.000000 0.000722 0.000114 0.000000 0.475383 0.000000 0.000000 0.474965 0.000018 0.018298 0.000000 0.000000
 0.000000 0.000000 0.000000 0.000000 0.465379 0.000000 0.000000 0.000000 0.000000 0.000000 0.069726 0.464874 0.000000 0.000005 0.000016 0.000000 0.000000 0.000000 0.000000 0.000000
the mean of prob-rank is 1.8421052631578947
the number of false negetive edges is 0
the number of probability greater than 0 is 5.1/edge
