20
 0.000000 0.000000 0.000000 0.000000 0.500000 0.000000 0.000000 0.000000 0.500000 0.000000 0.000000 0.000000 0.000000 0.000000 0.000000 0.000000 0.000000 0.000000 0.000000 0.000000
 0.000000 0.000000 0.000000 0.000000 0.311472 0.000000 0.000000 0.000000 0.000000 0.325777 0.000000 0.000000 0.000000 0.000000 0.000000 0.000000 0.000000 0.362751 0.000000 0.000000
 0.000000 0.000000 0.000000 0.000000 0.000000 0.045322 0.000000 0.000000 0.000000 0.000000 0.000000 0.000000 0.000000 0.477164 0.000000 0.000000 0.000000 0.000000 0.000000 0.477514
 0.000000 0.000000 0.000000 0.000000 0.000000 0.000000 0.334010 0.000000 0.000000 0.000000 0.060018 0.000000 0.263304 0.000000 0.342669 0.000000 0.000000 0.000000 0.000000 0.000000
 0.356189 0.305837 0.000000 0.000000 0.000000 0.000000 0.000000 0.000000 0.000000 0.000000 0.000000 0.000000 0.000000 0.000000 0.000000 0.000000 0.000000 0.337974 0.000000 0.000000
 0.000000 0.000000 0.045329 0.000000 0.000000 0.000000 0.000000 0.000000 0.000000 0.000000 0.000000 0.477581 0.000000 0.000000 0.000000 0.477086 0.000000 0.000000 0.000004 0.000000
 0.000000 0.000000 0.000000 0.377902 0.000000 0.000000 0.000000 0.000000 0.000000 0.000000 0.000000 0.000000 0.234396 0.000000 0.000000 0.000000 0.387702 0.000000 0.000000 0.000000
 0.000000 0.000000 0.000000 0.000000 0.000000 0.000000 0.000000 0.000000 0.500000 0.000000 0.000000 0.000000 0.000000 0.000000 0.000000 0.000000 0.000000 0.000000 0.500000 0.000000
 0.500000 0.000000 0.000000 0.000000 0.000000 0.000000 0.000000 0.500000 0.000000 0.000000 0.000000 0.000000 0.000000 0.000000 0.000000 0.000000 0.000000 0.000000 0.000000 0.000000
 0.000000 0.273765 0.000000 0.000000 0.000000 0.000000 0.000000 0.000000 0.000000 0.000000 0.155529 0.000000 0.290598 0.000000 0.000000 0.000000 0.000000 0.280108 0.000000 0.000000
 0.000000 0.000000 0.000000 0.067086 0.000000 0.000000 0.000000 0.000000 0.000000 0.195425 0.000000 0.000000 0.364177 0.000000 0.373312 0.000000 0.000000 0.000000 0.000000 0.000000
 0.000000 0.000000 0.000000 0.000000 0.000000 0.500000 0.000000 0.000000 0.000000 0.000000 0.000000 0.000000 0.000000 0.500000 0.000000 0.000000 0.000000 0.000000 0.000000 0.000000
 0.000000 0.000000 0.000000 0.234476 0.000000 0.000000 0.184489 0.000000 0.000000 0.290901 0.290134 0.000000 0.000000 0.000000 0.000000 0.000000 0.000000 0.000000 0.000000 0.000000
 0.000000 0.000000 0.485790 0.000000 0.000000 0.000000 0.000000 0.000000 0.000000 0.000000 0.000000 0.486146 0.000000 0.000000 0.000000 0.028064 0.000000 0.000000 0.000000 0.000000
 0.000000 0.000000 0.000000 0.506424 0.000000 0.000000 0.000000 0.000000 0.000000 0.000000 0.493576 0.000000 0.000000 0.000000 0.000000 0.000000 0.000000 0.000000 0.000000 0.000000
 0.000000 0.000000 0.000000 0.000000 0.000000 0.485714 0.000000 0.000000 0.000000 0.000000 0.000000 0.000000 0.000000 0.028068 0.000000 0.000000 0.486218 0.000000 0.000000 0.000000
 0.000000 0.000000 0.000000 0.000000 0.000000 0.000000 0.500000 0.000000 0.000000 0.000000 0.000000 0.000000 0.000000 0.000000 0.000000 0.500000 0.000000 0.000000 0.000000 0.000000
 0.000000 0.348706 0.000000 0.000000 0.330874 0.000000 0.000000 0.000000 0.000000 0.320420 0.000000 0.000000 0.000000 0.000000 0.000000 0.000000 0.000000 0.000000 0.000000 0.000000
 0.000000 0.000000 0.000000 0.000000 0.000000 0.000004 0.000000 0.499998 0.000000 0.000000 0.000000 0.000000 0.000000 0.000000 0.000000 0.000000 0.000000 0.000000 0.000000 0.499998
 0.000000 0.000000 0.500000 0.000000 0.000000 0.000000 0.000000 0.000000 0.000000 0.000000 0.000000 0.000000 0.000000 0.000000 0.000000 0.000000 0.000000 0.000000 0.500000 0.000000
the mean of prob-rank is 1.5789473684210527
the number of false negetive edges is 0
the number of probability greater than 0 is 2.9/edge
