20
 0.000000 0.000000 0.000000 0.400433 0.000000 0.392744 0.000000 0.184466 0.000000 0.000000 0.022357 0.000000 0.000000 0.000000 0.000000 0.000000 0.000000 0.000000 0.000000 0.000000
 0.000000 0.000000 0.000000 0.000000 0.000000 0.000000 0.479328 0.475307 0.000000 0.000000 0.000000 0.000000 0.000000 0.000000 0.000000 0.000000 0.000000 0.000000 0.045365 0.000000
 0.000000 0.000000 0.000000 0.000000 0.000000 0.000000 0.000000 0.000000 0.499447 0.001091 0.000000 0.499462 0.000000 0.000000 0.000000 0.000000 0.000000 0.000000 0.000000 0.000000
 0.484914 0.000000 0.000000 0.000000 0.000000 0.029947 0.000000 0.000000 0.000000 0.000000 0.485139 0.000000 0.000000 0.000000 0.000000 0.000000 0.000000 0.000000 0.000000 0.000000
 0.000000 0.000000 0.000000 0.000000 0.000000 0.000000 0.000000 0.000000 0.499999 0.000000 0.000000 0.000000 0.000000 0.000000 0.000000 0.500001 0.000000 0.000000 0.000000 0.000000
 0.408834 0.000000 0.000000 0.025743 0.000000 0.000000 0.000000 0.000000 0.000000 0.000000 0.148396 0.000000 0.000000 0.000000 0.000000 0.000000 0.000000 0.000000 0.000000 0.417027
 0.000000 0.500002 0.000000 0.000000 0.000000 0.000000 0.000000 0.000000 0.000000 0.000000 0.000000 0.000000 0.499998 0.000000 0.000000 0.000000 0.000000 0.000000 0.000000 0.000000
 0.185469 0.399420 0.000000 0.000000 0.000000 0.000000 0.000000 0.000000 0.000000 0.012929 0.398071 0.000000 0.000000 0.000000 0.000000 0.000000 0.000000 0.000000 0.004111 0.000000
 0.000000 0.000000 0.499953 0.000000 0.499966 0.000000 0.000000 0.000000 0.000000 0.000000 0.000000 0.000000 0.000000 0.000000 0.000000 0.000009 0.000071 0.000000 0.000000 0.000000
 0.000000 0.000000 0.001074 0.000000 0.000000 0.000000 0.000000 0.015778 0.000000 0.000000 0.000000 0.000000 0.000000 0.000000 0.000000 0.491512 0.000000 0.491559 0.000077 0.000000
 0.023054 0.000000 0.000000 0.413109 0.000000 0.147000 0.000000 0.408261 0.000000 0.000000 0.000000 0.000000 0.000000 0.000000 0.000000 0.008555 0.000000 0.000000 0.000000 0.000022
 0.000000 0.000000 0.499229 0.000000 0.000000 0.000000 0.000000 0.000000 0.000000 0.000000 0.000000 0.000000 0.001570 0.000000 0.000000 0.000000 0.499201 0.000000 0.000000 0.000000
 0.000000 0.000000 0.000000 0.000000 0.000000 0.000000 0.499360 0.000000 0.000000 0.000000 0.000000 0.001570 0.000000 0.000000 0.000000 0.000000 0.000000 0.000004 0.499065 0.000000
 0.000000 0.000000 0.000000 0.000000 0.000000 0.000000 0.000000 0.000000 0.000000 0.000000 0.000000 0.000000 0.000000 0.000000 0.500000 0.000000 0.500000 0.000000 0.000000 0.000000
 0.000000 0.000000 0.000000 0.000000 0.000000 0.000000 0.000000 0.000000 0.000000 0.000000 0.000000 0.000000 0.000000 0.500000 0.000000 0.000000 0.000000 0.000000 0.000000 0.500000
 0.000000 0.000000 0.000000 0.000000 0.494899 0.000000 0.000000 0.000000 0.000009 0.494843 0.010249 0.000000 0.000000 0.000000 0.000000 0.000000 0.000000 0.000000 0.000000 0.000000
 0.000000 0.000000 0.000000 0.000000 0.000000 0.000000 0.000000 0.000000 0.000071 0.000000 0.000000 0.499950 0.000000 0.499978 0.000000 0.000000 0.000000 0.000000 0.000000 0.000000
 0.000000 0.000000 0.000000 0.000000 0.000000 0.000000 0.000000 0.000000 0.000000 0.499996 0.000000 0.000000 0.000004 0.000000 0.000000 0.000000 0.000000 0.000000 0.500000 0.000000
 0.000000 0.044974 0.000000 0.000000 0.000000 0.000000 0.000000 0.004850 0.000000 0.000074 0.000000 0.000000 0.474911 0.000000 0.000000 0.000000 0.000000 0.475191 0.000000 0.000000
 0.000000 0.000000 0.000000 0.000000 0.000000 0.499984 0.000000 0.000000 0.000000 0.000000 0.000026 0.000000 0.000000 0.000000 0.499990 0.000000 0.000000 0.000000 0.000000 0.000000
the mean of prob-rank is 1.4210526315789473
the number of false negetive edges is 0
the number of probability greater than 0 is 3.5/edge
