20
 0.000000 0.000000 0.000000 0.000367 0.000000 0.000000 0.000000 0.370143 0.000000 0.354266 0.000000 0.000000 0.275224 0.000000 0.000000 0.000000 0.000000 0.000000 0.000000 0.000000
 0.000000 0.000000 0.000000 0.000000 0.239973 0.000000 0.000000 0.000000 0.000000 0.000000 0.000000 0.373776 0.000000 0.000000 0.000000 0.386251 0.000000 0.000000 0.000000 0.000000
 0.000000 0.000000 0.000000 0.000000 0.000000 0.000000 0.000000 0.000000 0.000000 0.000000 0.000000 0.000000 0.000000 0.000000 0.000000 0.500000 0.000000 0.000000 0.500000 0.000000
 0.000495 0.000000 0.000000 0.000000 0.000000 0.499679 0.000000 0.000225 0.000000 0.000001 0.000000 0.000000 0.499600 0.000000 0.000000 0.000000 0.000000 0.000000 0.000000 0.000000
 0.000000 0.241512 0.000000 0.000000 0.000000 0.000000 0.369758 0.000000 0.000000 0.000000 0.000000 0.388729 0.000000 0.000000 0.000000 0.000000 0.000000 0.000000 0.000000 0.000000
 0.000000 0.000000 0.000000 0.486769 0.000000 0.000000 0.000000 0.000000 0.000000 0.000000 0.000000 0.000000 0.026450 0.000000 0.000000 0.000000 0.000000 0.486782 0.000000 0.000000
 0.000000 0.000000 0.000000 0.000000 0.353991 0.000000 0.000000 0.000000 0.000000 0.000000 0.372151 0.273858 0.000000 0.000000 0.000000 0.000000 0.000000 0.000000 0.000000 0.000000
 0.369627 0.000000 0.000000 0.000166 0.000000 0.000000 0.000000 0.000000 0.000000 0.280695 0.000000 0.000000 0.349512 0.000000 0.000000 0.000000 0.000000 0.000000 0.000000 0.000000
 0.000000 0.000000 0.000000 0.000000 0.000000 0.000000 0.000000 0.000000 0.000000 0.499694 0.000001 0.000000 0.000000 0.000000 0.000000 0.000000 0.000000 0.000000 0.000000 0.500305
 0.352290 0.000000 0.000000 0.000001 0.000000 0.000000 0.000000 0.279519 0.367629 0.000000 0.000000 0.000000 0.000000 0.000000 0.000559 0.000000 0.000000 0.000000 0.000000 0.000003
 0.000000 0.000000 0.000000 0.000000 0.000000 0.000000 0.499998 0.000000 0.000001 0.000000 0.000000 0.000000 0.000000 0.500001 0.000000 0.000000 0.000000 0.000000 0.000000 0.000000
 0.000000 0.357934 0.000000 0.000000 0.369880 0.000000 0.272186 0.000000 0.000000 0.000000 0.000000 0.000000 0.000000 0.000000 0.000000 0.000000 0.000000 0.000000 0.000000 0.000000
 0.271047 0.000000 0.000000 0.364458 0.000000 0.019807 0.000000 0.344689 0.000000 0.000000 0.000000 0.000000 0.000000 0.000000 0.000000 0.000000 0.000000 0.000000 0.000000 0.000000
 0.000000 0.000000 0.000000 0.000000 0.000000 0.000000 0.000000 0.000000 0.000000 0.000000 0.500000 0.000000 0.000000 0.000000 0.000000 0.000000 0.500000 0.000000 0.000000 0.000000
 0.000000 0.000000 0.000000 0.000000 0.000000 0.000000 0.000000 0.000000 0.000000 0.000758 0.000000 0.000000 0.000000 0.000000 0.000000 0.000000 0.000000 0.000000 0.499632 0.499610
 0.000000 0.500000 0.500000 0.000000 0.000000 0.000000 0.000000 0.000000 0.000000 0.000000 0.000000 0.000000 0.000000 0.000000 0.000000 0.000000 0.000000 0.000000 0.000000 0.000000
 0.000000 0.000000 0.000000 0.000000 0.000000 0.000000 0.000000 0.000000 0.000000 0.000000 0.000000 0.000000 0.000000 0.500000 0.000000 0.000000 0.000000 0.500000 0.000000 0.000000
 0.000000 0.000000 0.000000 0.000000 0.000000 0.500000 0.000000 0.000000 0.000000 0.000000 0.000000 0.000000 0.000000 0.000000 0.000000 0.000000 0.500000 0.000000 0.000000 0.000000
 0.000000 0.000000 0.500000 0.000000 0.000000 0.000000 0.000000 0.000000 0.000000 0.000000 0.000000 0.000000 0.000000 0.000000 0.500000 0.000000 0.000000 0.000000 0.000000 0.000000
 0.000000 0.000000 0.000000 0.000000 0.000000 0.000000 0.000000 0.000000 0.500009 0.000005 0.000000 0.000000 0.000000 0.000000 0.499987 0.000000 0.000000 0.000000 0.000000 0.000000
the mean of prob-rank is 1.631578947368421
the number of false negetive edges is 0
the number of probability greater than 0 is 2.9/edge
