20
 0.000000 0.000000 0.000000 0.000000 0.000000 0.475810 0.000000 0.000000 0.475615 0.000000 0.000000 0.048575 0.000000 0.000000 0.000000 0.000000 0.000000 0.000000 0.000000 0.000000
 0.000000 0.000000 0.000000 0.000000 0.499851 0.000000 0.000000 0.000000 0.000000 0.000000 0.000000 0.000229 0.000000 0.499920 0.000000 0.000000 0.000000 0.000000 0.000000 0.000000
 0.000000 0.000000 0.000000 0.000000 0.000000 0.000000 0.499996 0.000008 0.000000 0.000000 0.000000 0.000000 0.499996 0.000000 0.000000 0.000000 0.000000 0.000000 0.000000 0.000000
 0.000000 0.000000 0.000000 0.000000 0.110857 0.444919 0.000000 0.000000 0.000000 0.000000 0.000000 0.444224 0.000000 0.000000 0.000000 0.000000 0.000000 0.000000 0.000000 0.000000
 0.000000 0.444728 0.000000 0.110825 0.000000 0.000000 0.000000 0.000000 0.000000 0.000000 0.000000 0.444447 0.000000 0.000000 0.000000 0.000000 0.000000 0.000000 0.000000 0.000000
 0.500000 0.000000 0.000000 0.500000 0.000000 0.000000 0.000000 0.000000 0.000000 0.000000 0.000000 0.000000 0.000000 0.000000 0.000000 0.000000 0.000000 0.000000 0.000000 0.000000
 0.000000 0.000000 0.360254 0.000000 0.000000 0.000000 0.000000 0.000000 0.000000 0.000000 0.000000 0.000000 0.000000 0.000000 0.000000 0.302413 0.000000 0.000000 0.337333 0.000000
 0.000000 0.000000 0.000007 0.000000 0.000000 0.000000 0.000000 0.000000 0.000000 0.000000 0.000000 0.000000 0.464188 0.000000 0.000000 0.000000 0.463870 0.000000 0.000000 0.071935
 0.487277 0.000000 0.000000 0.000000 0.000000 0.000000 0.000000 0.000000 0.000000 0.000000 0.000000 0.025248 0.000000 0.000000 0.000000 0.000000 0.000000 0.487476 0.000000 0.000000
 0.000000 0.000000 0.000000 0.000000 0.000000 0.000000 0.000000 0.000000 0.000000 0.000000 0.466515 0.000000 0.000000 0.466517 0.001369 0.000000 0.000000 0.000000 0.065599 0.000000
 0.000000 0.000000 0.000000 0.000000 0.000000 0.000000 0.000000 0.000000 0.000000 0.496867 0.000000 0.000000 0.000000 0.000014 0.496879 0.000000 0.000000 0.000000 0.006240 0.000000
 0.047439 0.000213 0.000000 0.463957 0.464324 0.000000 0.000000 0.000000 0.024067 0.000000 0.000000 0.000000 0.000000 0.000000 0.000000 0.000000 0.000000 0.000000 0.000000 0.000000
 0.000000 0.000000 0.497214 0.000000 0.000000 0.000000 0.000000 0.497215 0.000000 0.000000 0.000000 0.000000 0.000000 0.000000 0.000000 0.000000 0.005571 0.000000 0.000000 0.000000
 0.000000 0.499997 0.000000 0.000000 0.000000 0.000000 0.000000 0.000000 0.000000 0.499987 0.000014 0.000000 0.000000 0.000000 0.000000 0.000000 0.000000 0.000000 0.000001 0.000000
 0.000000 0.000000 0.000000 0.000000 0.000000 0.000000 0.000000 0.000000 0.000000 0.001386 0.472219 0.000000 0.000000 0.000000 0.000000 0.458911 0.000000 0.000000 0.067484 0.000000
 0.000000 0.000000 0.000000 0.000000 0.000000 0.000000 0.299258 0.000000 0.000000 0.000000 0.000000 0.000000 0.000000 0.000000 0.346449 0.000000 0.000000 0.000000 0.354294 0.000000
 0.000000 0.000000 0.000000 0.000000 0.000000 0.000000 0.000000 0.496919 0.000000 0.000000 0.000000 0.000000 0.005572 0.000000 0.000000 0.000000 0.000000 0.000257 0.000000 0.497252
 0.000000 0.000000 0.000000 0.000000 0.000000 0.000000 0.000000 0.000000 0.499972 0.000000 0.000000 0.000000 0.000000 0.000000 0.000000 0.000000 0.000259 0.000000 0.000000 0.499769
 0.000000 0.000000 0.000000 0.000000 0.000000 0.000000 0.420600 0.000000 0.000000 0.063160 0.005641 0.000000 0.000000 0.000001 0.064191 0.446407 0.000000 0.000000 0.000000 0.000000
 0.000000 0.000000 0.000000 0.000000 0.000000 0.000000 0.000000 0.071926 0.000000 0.000000 0.000000 0.000000 0.000000 0.000000 0.000000 0.000000 0.464128 0.463946 0.000000 0.000000
the mean of prob-rank is 1.5263157894736843
the number of false negetive edges is 0
the number of probability greater than 0 is 3.45/edge
