20
 0.000000 0.000000 0.000000 0.000000 0.000000 0.415666 0.166895 0.000000 0.000000 0.000000 0.000000 0.415834 0.000000 0.000000 0.000000 0.000000 0.001603 0.000000 0.000002 0.000000
 0.000000 0.000000 0.000000 0.000000 0.000000 0.000000 0.000017 0.000000 0.000000 0.000000 0.000000 0.000000 0.000000 0.000000 0.000000 0.499993 0.000000 0.000000 0.000000 0.499990
 0.000000 0.000000 0.000000 0.000000 0.000000 0.000000 0.000000 0.487471 0.000000 0.000000 0.000005 0.000000 0.000000 0.000000 0.487418 0.025106 0.000000 0.000000 0.000000 0.000000
 0.000000 0.000000 0.000000 0.000000 0.000000 0.000000 0.000000 0.000000 0.000000 0.500000 0.000000 0.000000 0.000000 0.000000 0.000000 0.000000 0.000000 0.500000 0.000000 0.000000
 0.000000 0.000000 0.000000 0.000000 0.000000 0.000000 0.309291 0.000000 0.000000 0.000000 0.000000 0.346930 0.000000 0.000000 0.000000 0.000000 0.000000 0.000000 0.316735 0.027044
 0.481208 0.000000 0.000000 0.000000 0.000000 0.000000 0.000000 0.000000 0.000000 0.000000 0.000000 0.000000 0.000000 0.000000 0.037447 0.000000 0.481345 0.000000 0.000000 0.000000
 0.127554 0.000011 0.000000 0.000000 0.283332 0.000000 0.000000 0.000000 0.000000 0.000000 0.000000 0.000000 0.000000 0.000000 0.000000 0.000000 0.000000 0.000000 0.317813 0.271290
 0.000000 0.000000 0.500000 0.000000 0.000000 0.000000 0.000000 0.000000 0.000000 0.000000 0.000000 0.000000 0.000000 0.500000 0.000000 0.000000 0.000000 0.000000 0.000000 0.000000
 0.000000 0.000000 0.000000 0.000000 0.000000 0.000000 0.000000 0.000000 0.000000 0.000000 0.499207 0.000000 0.000000 0.000000 0.000342 0.000000 0.001246 0.499205 0.000000 0.000000
 0.000000 0.000000 0.000000 0.500000 0.000000 0.000000 0.000000 0.000000 0.000000 0.000000 0.000000 0.000000 0.500000 0.000000 0.000000 0.000000 0.000000 0.000000 0.000000 0.000000
 0.000000 0.000000 0.000005 0.000000 0.000000 0.000000 0.000000 0.000000 0.493056 0.000000 0.000000 0.000000 0.000000 0.014230 0.492709 0.000000 0.000000 0.000000 0.000000 0.000000
 0.499999 0.000000 0.000000 0.000000 0.500001 0.000000 0.000000 0.000000 0.000000 0.000000 0.000000 0.000000 0.000000 0.000000 0.000000 0.000000 0.000000 0.000000 0.000000 0.000000
 0.000000 0.000000 0.000000 0.000000 0.000000 0.000000 0.000000 0.000000 0.000000 0.499798 0.000000 0.000000 0.000000 0.000000 0.000000 0.000000 0.499798 0.000404 0.000000 0.000000
 0.000000 0.000000 0.000000 0.000000 0.000000 0.000000 0.000000 0.492909 0.000000 0.000000 0.014225 0.000000 0.000000 0.000000 0.000000 0.492866 0.000000 0.000000 0.000000 0.000000
 0.000000 0.000000 0.481264 0.000000 0.000000 0.037440 0.000000 0.000000 0.000330 0.000000 0.480966 0.000000 0.000000 0.000000 0.000000 0.000000 0.000000 0.000000 0.000000 0.000000
 0.000000 0.487468 0.025106 0.000000 0.000000 0.000000 0.000000 0.000000 0.000000 0.000000 0.000000 0.000000 0.000000 0.487426 0.000000 0.000000 0.000000 0.000000 0.000000 0.000000
 0.001920 0.000000 0.000000 0.000000 0.000000 0.497956 0.000000 0.000000 0.001243 0.000000 0.000000 0.000000 0.498018 0.000000 0.000000 0.000000 0.000000 0.000863 0.000000 0.000000
 0.000000 0.000000 0.000000 0.499372 0.000000 0.000000 0.000000 0.000000 0.499360 0.000000 0.000000 0.000000 0.000403 0.000000 0.000000 0.000000 0.000865 0.000000 0.000000 0.000000
 0.000002 0.000000 0.000000 0.000000 0.326273 0.000000 0.357378 0.000000 0.000000 0.000000 0.000000 0.000000 0.000000 0.000000 0.000000 0.000000 0.000000 0.000000 0.000000 0.316346
 0.000000 0.355018 0.000000 0.000000 0.027674 0.000000 0.303050 0.000000 0.000000 0.000000 0.000000 0.000000 0.000000 0.000000 0.000000 0.000000 0.000000 0.000000 0.314258 0.000000
the mean of prob-rank is 1.6842105263157894
the number of false negetive edges is 0
the number of probability greater than 0 is 3.5/edge
