20
 0.000000 0.000000 0.000000 0.000000 0.386021 0.000000 0.393281 0.220698 0.000000 0.000000 0.000000 0.000000 0.000000 0.000000 0.000000 0.000000 0.000000 0.000000 0.000000 0.000000
 0.000000 0.000000 0.000000 0.000000 0.305932 0.346100 0.000000 0.000000 0.000037 0.000000 0.000000 0.000000 0.278768 0.000000 0.000000 0.000000 0.001412 0.000000 0.067751 0.000000
 0.000000 0.000000 0.000000 0.000000 0.000000 0.500000 0.000000 0.000000 0.000000 0.000000 0.000000 0.000000 0.000000 0.000000 0.000000 0.500000 0.000000 0.000000 0.000000 0.000000
 0.000000 0.000000 0.000000 0.000000 0.000000 0.000000 0.363881 0.000000 0.000000 0.000000 0.000000 0.299327 0.000000 0.000000 0.000000 0.000000 0.325858 0.000000 0.003186 0.007748
 0.287312 0.258744 0.000000 0.000000 0.000000 0.000000 0.000000 0.280589 0.000000 0.000000 0.000000 0.000000 0.000000 0.000000 0.000000 0.000000 0.173254 0.000000 0.000100 0.000000
 0.000000 0.500000 0.500000 0.000000 0.000000 0.000000 0.000000 0.000000 0.000000 0.000000 0.000000 0.000000 0.000000 0.000000 0.000000 0.000000 0.000000 0.000000 0.000000 0.000000
 0.499999 0.000000 0.000000 0.500001 0.000000 0.000000 0.000000 0.000000 0.000000 0.000000 0.000000 0.000000 0.000000 0.000000 0.000000 0.000000 0.000000 0.000000 0.000000 0.000000
 0.222710 0.000000 0.000000 0.000000 0.380424 0.000000 0.000000 0.000000 0.000000 0.000000 0.000000 0.000000 0.000000 0.000000 0.396867 0.000000 0.000000 0.000000 0.000000 0.000000
 0.000000 0.000053 0.000000 0.000000 0.000000 0.000000 0.000000 0.000000 0.000000 0.000000 0.499975 0.000000 0.499972 0.000000 0.000000 0.000000 0.000000 0.000000 0.000000 0.000000
 0.000000 0.000000 0.000000 0.000000 0.000000 0.000000 0.000000 0.000000 0.000000 0.000000 0.000000 0.000000 0.000000 0.500002 0.000000 0.000000 0.000000 0.499998 0.000000 0.000000
 0.000000 0.000000 0.000000 0.000000 0.000000 0.000000 0.000000 0.000000 0.500007 0.000000 0.000000 0.499993 0.000000 0.000000 0.000000 0.000000 0.000000 0.000000 0.000000 0.000000
 0.000000 0.000000 0.000000 0.307568 0.000000 0.000000 0.000000 0.000000 0.000000 0.000000 0.373889 0.000000 0.000000 0.000000 0.000000 0.000000 0.000000 0.000000 0.000000 0.318543
 0.000000 0.242548 0.000000 0.000000 0.000000 0.000000 0.000000 0.000000 0.301129 0.000000 0.000000 0.000000 0.000000 0.000000 0.000000 0.000000 0.000000 0.000000 0.179368 0.276955
 0.000000 0.000000 0.000000 0.000000 0.000000 0.000000 0.000000 0.000000 0.000000 0.500003 0.000000 0.000000 0.000000 0.000000 0.499997 0.000000 0.000000 0.000000 0.000000 0.000000
 0.000000 0.000000 0.000000 0.000000 0.000000 0.000000 0.000000 0.500003 0.000000 0.000000 0.000000 0.000000 0.000000 0.499997 0.000000 0.000000 0.000000 0.000000 0.000000 0.000000
 0.000000 0.000000 0.500000 0.000000 0.000000 0.000000 0.000000 0.000000 0.000000 0.000000 0.000000 0.000000 0.000000 0.000000 0.000000 0.000000 0.000000 0.500000 0.000000 0.000000
 0.000000 0.001231 0.000000 0.270277 0.178639 0.000000 0.000000 0.000000 0.000000 0.000000 0.000000 0.000000 0.000000 0.000000 0.000000 0.000000 0.000000 0.000000 0.301799 0.248054
 0.000000 0.000000 0.000000 0.000000 0.000000 0.000000 0.000000 0.000000 0.000000 0.499998 0.000000 0.000000 0.000000 0.000000 0.000000 0.500002 0.000000 0.000000 0.000000 0.000000
 0.000000 0.070297 0.000000 0.003145 0.000123 0.000000 0.000000 0.000000 0.000000 0.000000 0.000000 0.000000 0.213900 0.000000 0.000000 0.000000 0.359088 0.000000 0.000000 0.353446
 0.000000 0.000000 0.000000 0.005916 0.000000 0.000000 0.000000 0.000000 0.000000 0.000000 0.000000 0.236714 0.255542 0.000000 0.000000 0.000000 0.228357 0.000000 0.273470 0.000000
the mean of prob-rank is 1.7894736842105263
the number of false negetive edges is 0
the number of probability greater than 0 is 3.3/edge
