20
 0.000000 0.000000 0.000000 0.000000 0.000000 0.000000 0.500000 0.000000 0.000000 0.000000 0.500000 0.000000 0.000000 0.000000 0.000000 0.000000 0.000000 0.000000 0.000000 0.000000
 0.000000 0.000000 0.000000 0.000000 0.000000 0.000000 0.000000 0.000000 0.000000 0.500000 0.000000 0.000000 0.000000 0.000000 0.500000 0.000000 0.000000 0.000000 0.000000 0.000000
 0.000000 0.000000 0.000000 0.000000 0.000000 0.000000 0.000000 0.371833 0.000199 0.000000 0.000000 0.000000 0.246729 0.000000 0.000000 0.000000 0.000000 0.000000 0.381239 0.000000
 0.000000 0.000000 0.000000 0.000000 0.000000 0.000000 0.000000 0.000000 0.000000 0.000000 0.000000 0.359844 0.000000 0.000000 0.000000 0.000000 0.000000 0.282388 0.000000 0.357768
 0.000000 0.000000 0.000000 0.000000 0.000000 0.000000 0.000000 0.000000 0.346556 0.000000 0.000000 0.000000 0.000000 0.000000 0.000000 0.364373 0.289071 0.000000 0.000000 0.000000
 0.000000 0.000000 0.000000 0.000000 0.000000 0.000000 0.000000 0.000000 0.000000 0.500000 0.000000 0.000000 0.000000 0.000000 0.000000 0.000000 0.500000 0.000000 0.000000 0.000000
 0.500002 0.000000 0.000000 0.000000 0.000000 0.000000 0.000000 0.000000 0.000000 0.000000 0.000000 0.000000 0.000000 0.499998 0.000000 0.000000 0.000000 0.000000 0.000000 0.000000
 0.000000 0.000000 0.384704 0.000000 0.000000 0.000000 0.000000 0.000000 0.394432 0.000000 0.000000 0.000000 0.000000 0.000000 0.000000 0.000000 0.000000 0.000000 0.220865 0.000000
 0.000000 0.000000 0.000189 0.000000 0.344861 0.000000 0.000000 0.362588 0.000000 0.000000 0.000000 0.000000 0.000000 0.000000 0.000000 0.292363 0.000000 0.000000 0.000000 0.000000
 0.000000 0.500000 0.000000 0.000000 0.000000 0.500000 0.000000 0.000000 0.000000 0.000000 0.000000 0.000000 0.000000 0.000000 0.000000 0.000000 0.000000 0.000000 0.000000 0.000000
 0.500000 0.000000 0.000000 0.000000 0.000000 0.000000 0.000000 0.000000 0.000000 0.000000 0.000000 0.000000 0.000000 0.000000 0.500000 0.000000 0.000000 0.000000 0.000000 0.000000
 0.000000 0.000000 0.000000 0.381158 0.000000 0.000000 0.000000 0.000000 0.000000 0.000000 0.000000 0.000000 0.000000 0.000002 0.000000 0.000000 0.000000 0.377111 0.000000 0.241729
 0.000000 0.000000 0.245877 0.000000 0.000000 0.000000 0.000000 0.000000 0.000000 0.000000 0.000000 0.000000 0.000000 0.000000 0.000000 0.000000 0.000000 0.000000 0.374200 0.379923
 0.000000 0.000000 0.000000 0.000000 0.000000 0.000000 0.500088 0.000000 0.000000 0.000000 0.000000 0.000003 0.000000 0.000000 0.000000 0.000000 0.000000 0.499909 0.000000 0.000000
 0.000000 0.500000 0.000000 0.000000 0.000000 0.000000 0.000000 0.000000 0.000000 0.000000 0.500000 0.000000 0.000000 0.000000 0.000000 0.000000 0.000000 0.000000 0.000000 0.000000
 0.000000 0.000000 0.000000 0.000000 0.364429 0.000000 0.000000 0.000000 0.293845 0.000000 0.000000 0.000000 0.000000 0.000000 0.000000 0.000000 0.341726 0.000000 0.000000 0.000000
 0.000000 0.000000 0.000000 0.000000 0.290489 0.366161 0.000000 0.000000 0.000000 0.000000 0.000000 0.000000 0.000000 0.000000 0.000000 0.343351 0.000000 0.000000 0.000000 0.000000
 0.000000 0.000000 0.000000 0.282920 0.000000 0.000000 0.000000 0.000000 0.000000 0.000000 0.000000 0.356692 0.000000 0.360388 0.000000 0.000000 0.000000 0.000000 0.000000 0.000000
 0.000000 0.000000 0.392945 0.000000 0.000000 0.000000 0.000000 0.220030 0.000000 0.000000 0.000000 0.000000 0.387025 0.000000 0.000000 0.000000 0.000000 0.000000 0.000000 0.000000
 0.000000 0.000000 0.000000 0.378261 0.000000 0.000000 0.000000 0.000000 0.000000 0.000000 0.000000 0.241283 0.380456 0.000000 0.000000 0.000000 0.000000 0.000000 0.000000 0.000000
the mean of prob-rank is 1.631578947368421
the number of false negetive edges is 0
the number of probability greater than 0 is 2.8/edge
