20
 0.000000 0.004253 0.431026 0.000000 0.000000 0.430534 0.055262 0.000000 0.000000 0.000000 0.078925 0.000000 0.000000 0.000000 0.000000 0.000000 0.000000 0.000000 0.000000 0.000000
 0.003975 0.000000 0.402762 0.000000 0.000321 0.150315 0.000000 0.046828 0.001002 0.000241 0.000000 0.000000 0.000000 0.000000 0.000000 0.394555 0.000000 0.000000 0.000000 0.000000
 0.440409 0.440322 0.000000 0.000000 0.000000 0.003500 0.064893 0.000000 0.000000 0.050821 0.000037 0.000000 0.000000 0.000000 0.000000 0.000000 0.000000 0.000017 0.000000 0.000000
 0.000000 0.000000 0.000000 0.000000 0.372576 0.000000 0.000000 0.267982 0.000000 0.000000 0.000000 0.358363 0.000000 0.000000 0.001079 0.000000 0.000000 0.000000 0.000000 0.000000
 0.000000 0.000211 0.000000 0.260511 0.000000 0.000000 0.000000 0.226343 0.140451 0.000000 0.000000 0.138941 0.000000 0.000000 0.000000 0.233542 0.000000 0.000000 0.000000 0.000000
 0.344171 0.128570 0.002739 0.000000 0.000000 0.000000 0.000003 0.000000 0.171167 0.000000 0.339250 0.012612 0.000000 0.000000 0.000000 0.001489 0.000000 0.000000 0.000000 0.000000
 0.041982 0.000000 0.048249 0.000000 0.000000 0.000003 0.000000 0.000000 0.000000 0.222024 0.304348 0.000000 0.000000 0.000000 0.000000 0.000000 0.327446 0.055948 0.000000 0.000000
 0.000000 0.039655 0.000000 0.241488 0.291706 0.000000 0.000000 0.000000 0.000000 0.000000 0.000000 0.000000 0.000000 0.000000 0.341129 0.086023 0.000000 0.000000 0.000000 0.000000
 0.000000 0.000791 0.000000 0.000000 0.168741 0.157977 0.000000 0.000000 0.000000 0.000000 0.052039 0.318015 0.000000 0.000000 0.000000 0.302437 0.000000 0.000000 0.000000 0.000000
 0.000000 0.000167 0.032158 0.000000 0.000000 0.000000 0.188953 0.000000 0.000000 0.000000 0.000000 0.000000 0.000000 0.232909 0.000000 0.000000 0.257832 0.278642 0.000000 0.009340
 0.058595 0.000000 0.000027 0.000000 0.000000 0.315065 0.297426 0.000000 0.052364 0.000000 0.000000 0.030369 0.000000 0.000000 0.000000 0.000000 0.246154 0.000000 0.000000 0.000000
 0.000000 0.000000 0.000000 0.340661 0.188894 0.013172 0.000000 0.000000 0.359866 0.000000 0.034152 0.000000 0.000000 0.000000 0.000000 0.063255 0.000000 0.000000 0.000000 0.000000
 0.000000 0.000000 0.000000 0.000000 0.000000 0.000000 0.000000 0.000000 0.000000 0.000000 0.000000 0.000000 0.000000 0.000000 0.500000 0.000000 0.000000 0.000000 0.500000 0.000000
 0.000000 0.000000 0.000000 0.000000 0.000000 0.000000 0.000000 0.000000 0.000000 0.295316 0.000000 0.000000 0.000000 0.000000 0.000000 0.000000 0.000000 0.351342 0.000000 0.353342
 0.000000 0.000000 0.000000 0.001423 0.000000 0.000000 0.000000 0.499280 0.000000 0.000000 0.000000 0.000000 0.499296 0.000000 0.000000 0.000000 0.000000 0.000000 0.000000 0.000000
 0.000000 0.301826 0.000000 0.000000 0.271894 0.001332 0.000000 0.077708 0.293072 0.000000 0.000000 0.054168 0.000000 0.000000 0.000000 0.000000 0.000000 0.000000 0.000000 0.000000
 0.000000 0.000000 0.000000 0.000000 0.000000 0.000000 0.284205 0.000000 0.000000 0.262951 0.218620 0.000000 0.000000 0.000000 0.000000 0.000000 0.000000 0.234224 0.000000 0.000000
 0.000000 0.000000 0.000013 0.000000 0.000000 0.000000 0.057159 0.000000 0.000000 0.334493 0.000000 0.000000 0.000000 0.332637 0.000000 0.000000 0.275699 0.000000 0.000000 0.000000
 0.000000 0.000000 0.000000 0.000000 0.000000 0.000000 0.000000 0.000000 0.000000 0.000000 0.000000 0.000000 0.500000 0.000000 0.000000 0.000000 0.000000 0.000000 0.000000 0.500000
 0.000000 0.000000 0.000000 0.000000 0.000000 0.000000 0.000000 0.000000 0.000000 0.016481 0.000000 0.000000 0.000000 0.491756 0.000000 0.000000 0.000000 0.000000 0.491763 0.000000
the mean of prob-rank is 1.5789473684210527
the number of false negetive edges is 0
the number of probability greater than 0 is 5.2/edge
