20
 0.000000 0.099749 0.450341 0.000000 0.000000 0.000000 0.000000 0.000000 0.000000 0.000000 0.449910 0.000000 0.000000 0.000000 0.000000 0.000000 0.000000 0.000000 0.000000 0.000000
 0.079652 0.000000 0.000000 0.331995 0.000000 0.000000 0.000000 0.000000 0.000000 0.228774 0.359579 0.000000 0.000000 0.000000 0.000000 0.000000 0.000000 0.000000 0.000000 0.000000
 0.500000 0.000000 0.000000 0.000000 0.000000 0.500000 0.000000 0.000000 0.000000 0.000000 0.000000 0.000000 0.000000 0.000000 0.000000 0.000000 0.000000 0.000000 0.000000 0.000000
 0.000000 0.342639 0.000000 0.000000 0.286226 0.000000 0.000000 0.000000 0.000000 0.371136 0.000000 0.000000 0.000000 0.000000 0.000000 0.000000 0.000000 0.000000 0.000000 0.000000
 0.000000 0.000000 0.000000 0.271676 0.000000 0.000000 0.000000 0.000000 0.000000 0.346055 0.000000 0.000000 0.000000 0.000000 0.352266 0.000000 0.000000 0.000000 0.000000 0.030003
 0.000000 0.000000 0.500000 0.000000 0.000000 0.000000 0.000000 0.000000 0.000000 0.000000 0.000000 0.000000 0.000000 0.000000 0.000000 0.000000 0.000000 0.000000 0.500000 0.000000
 0.000000 0.000000 0.000000 0.000000 0.000000 0.000000 0.000000 0.000000 0.000000 0.000000 0.000000 0.500000 0.000000 0.000000 0.000000 0.500000 0.000000 0.000000 0.000000 0.000000
 0.000000 0.000000 0.000000 0.000000 0.000000 0.000000 0.000000 0.000000 0.000000 0.000000 0.000000 0.000000 0.203060 0.000000 0.092043 0.000000 0.302754 0.061848 0.000000 0.340294
 0.000000 0.000000 0.000000 0.000000 0.000000 0.000000 0.000000 0.000000 0.000000 0.000000 0.000000 0.000000 0.002359 0.371280 0.000000 0.000000 0.275445 0.350916 0.000000 0.000000
 0.000000 0.239863 0.000000 0.377038 0.370387 0.000000 0.000000 0.000000 0.000000 0.000000 0.012712 0.000000 0.000000 0.000000 0.000000 0.000000 0.000000 0.000000 0.000000 0.000000
 0.491491 0.491923 0.000000 0.000000 0.000000 0.000000 0.000000 0.000000 0.000000 0.016586 0.000000 0.000000 0.000000 0.000000 0.000000 0.000000 0.000000 0.000000 0.000000 0.000000
 0.000000 0.000000 0.000000 0.000000 0.000000 0.000000 0.500000 0.000000 0.000000 0.000000 0.000000 0.000000 0.000000 0.000000 0.000000 0.000000 0.000000 0.000000 0.500000 0.000000
 0.000000 0.000000 0.000000 0.000000 0.000000 0.000000 0.000000 0.232245 0.002493 0.000000 0.000000 0.000000 0.000000 0.000000 0.000000 0.000000 0.372919 0.392343 0.000000 0.000000
 0.000000 0.000000 0.000000 0.000000 0.000000 0.000000 0.000000 0.000000 0.500085 0.000000 0.000000 0.000000 0.000000 0.000000 0.000000 0.499914 0.000000 0.000000 0.000000 0.000000
 0.000000 0.000000 0.000000 0.000000 0.440853 0.000000 0.000000 0.118289 0.000000 0.000000 0.000000 0.000000 0.000000 0.000000 0.000000 0.000000 0.000000 0.000000 0.000000 0.440857
 0.000000 0.000000 0.000000 0.000000 0.000000 0.000000 0.475821 0.000000 0.000000 0.000000 0.000000 0.000000 0.000000 0.475551 0.000000 0.000000 0.000000 0.048627 0.000000 0.000000
 0.000000 0.000000 0.000000 0.000000 0.000000 0.000000 0.000000 0.252154 0.211912 0.000000 0.000000 0.000000 0.271562 0.000000 0.000000 0.000000 0.000000 0.264371 0.000000 0.000000
 0.000000 0.000000 0.000000 0.000000 0.000000 0.000000 0.000000 0.057186 0.299719 0.000000 0.000000 0.000000 0.317183 0.000000 0.000000 0.032415 0.293496 0.000000 0.000000 0.000000
 0.000000 0.000000 0.000000 0.000000 0.000000 0.500000 0.000000 0.000000 0.000000 0.000000 0.000000 0.500000 0.000000 0.000000 0.000000 0.000000 0.000000 0.000000 0.000000 0.000000
 0.000000 0.000000 0.000000 0.000000 0.041004 0.000000 0.000000 0.477572 0.000000 0.000000 0.000000 0.000000 0.000000 0.000000 0.481425 0.000000 0.000000 0.000000 0.000000 0.000000
the mean of prob-rank is 1.736842105263158
the number of false negetive edges is 0
the number of probability greater than 0 is 3.2/edge
