20
 0.000000 0.000000 0.000000 0.095206 0.000000 0.000000 0.000000 0.000000 0.000000 0.000000 0.000000 0.000000 0.000000 0.000000 0.000000 0.000000 0.452560 0.452235 0.000000 0.000000
 0.000000 0.000000 0.000000 0.424239 0.000000 0.428714 0.000000 0.000000 0.000000 0.000000 0.000000 0.000000 0.000000 0.011376 0.000000 0.000000 0.000000 0.135672 0.000000 0.000000
 0.000000 0.000000 0.000000 0.000000 0.000014 0.000000 0.000000 0.000000 0.460468 0.000000 0.458932 0.000000 0.000000 0.000000 0.000000 0.000000 0.000000 0.000000 0.080585 0.000000
 0.095629 0.449799 0.000000 0.000000 0.000000 0.000000 0.000000 0.000000 0.000000 0.000000 0.000000 0.000000 0.000000 0.000000 0.000000 0.000000 0.000000 0.454571 0.000000 0.000000
 0.000000 0.000000 0.000012 0.000000 0.000000 0.000000 0.000000 0.000000 0.000000 0.000000 0.181101 0.390924 0.015498 0.000000 0.000000 0.000000 0.000000 0.000000 0.391280 0.021185
 0.000000 0.447827 0.000000 0.000000 0.000000 0.000000 0.000000 0.000000 0.000000 0.000000 0.000000 0.000000 0.000000 0.445843 0.106330 0.000000 0.000000 0.000000 0.000000 0.000000
 0.000000 0.000000 0.000000 0.000000 0.000000 0.000000 0.000000 0.499904 0.000000 0.000000 0.000000 0.000093 0.000000 0.000000 0.000000 0.500003 0.000000 0.000000 0.000000 0.000000
 0.000000 0.000000 0.000000 0.000000 0.000000 0.000000 0.487366 0.000000 0.000225 0.000000 0.000000 0.487462 0.000000 0.000000 0.000000 0.024947 0.000000 0.000000 0.000000 0.000000
 0.000000 0.000000 0.499177 0.000000 0.000000 0.000000 0.000000 0.000230 0.000000 0.000000 0.000000 0.002057 0.000000 0.000000 0.000000 0.000000 0.000000 0.000000 0.498535 0.000000
 0.000000 0.000000 0.000000 0.000000 0.000000 0.000000 0.000000 0.000000 0.000000 0.000000 0.500000 0.000000 0.500000 0.000000 0.000000 0.000000 0.000000 0.000000 0.000000 0.000000
 0.000000 0.000000 0.405318 0.000000 0.188007 0.000000 0.000000 0.000000 0.000000 0.406675 0.000000 0.000000 0.000000 0.000000 0.000000 0.000000 0.000000 0.000000 0.000000 0.000000
 0.000000 0.000000 0.000000 0.000000 0.485213 0.000000 0.000091 0.486222 0.002003 0.000000 0.000000 0.000000 0.000000 0.000000 0.000000 0.000000 0.000000 0.000000 0.026471 0.000000
 0.000000 0.000000 0.000000 0.000000 0.019397 0.000000 0.000000 0.000000 0.000000 0.490316 0.000000 0.000000 0.000000 0.000000 0.000000 0.000000 0.000000 0.000000 0.000000 0.490287
 0.000000 0.010432 0.000000 0.000000 0.000000 0.391393 0.000000 0.000000 0.000000 0.000000 0.000000 0.000000 0.000000 0.000000 0.393156 0.205005 0.000000 0.000014 0.000000 0.000000
 0.000000 0.000000 0.000000 0.000000 0.000000 0.106694 0.000000 0.000000 0.000000 0.000000 0.000000 0.000000 0.000000 0.449384 0.000000 0.443922 0.000000 0.000000 0.000000 0.000000
 0.000000 0.000000 0.000000 0.000000 0.000000 0.000000 0.390557 0.019987 0.000000 0.000000 0.000000 0.000000 0.000000 0.203648 0.385808 0.000000 0.000000 0.000000 0.000000 0.000000
 0.500000 0.000000 0.000000 0.000000 0.000000 0.000000 0.000000 0.000000 0.000000 0.000000 0.000000 0.000000 0.000000 0.000000 0.000000 0.000000 0.000000 0.000000 0.000000 0.500000
 0.431513 0.136648 0.000000 0.431823 0.000000 0.000000 0.000000 0.000000 0.000000 0.000000 0.000000 0.000000 0.000000 0.000016 0.000000 0.000000 0.000000 0.000000 0.000000 0.000000
 0.000000 0.000000 0.078584 0.000000 0.448512 0.000000 0.000000 0.000000 0.448458 0.000000 0.000000 0.024446 0.000000 0.000000 0.000000 0.000000 0.000000 0.000000 0.000000 0.000000
 0.000000 0.000000 0.000000 0.000000 0.026329 0.000000 0.000000 0.000000 0.000000 0.000000 0.000000 0.000000 0.486821 0.000000 0.000000 0.000000 0.486850 0.000000 0.000000 0.000000
the mean of prob-rank is 1.5263157894736843
the number of false negetive edges is 0
the number of probability greater than 0 is 3.6/edge
