20
 0.000000 0.000000 0.000000 0.000000 0.000000 0.000000 0.000000 0.000000 0.000000 0.000000 0.000000 0.000000 0.500000 0.000000 0.000000 0.000000 0.500000 0.000000 0.000000 0.000000
 0.000000 0.000000 0.000000 0.468725 0.000000 0.000000 0.000000 0.000000 0.000000 0.059095 0.001725 0.000000 0.000000 0.000000 0.470455 0.000000 0.000000 0.000000 0.000000 0.000000
 0.000000 0.000000 0.000000 0.000000 0.000000 0.000000 0.000000 0.000005 0.352155 0.000000 0.000000 0.000000 0.000000 0.000000 0.000000 0.344658 0.000000 0.303182 0.000000 0.000000
 0.000000 0.485706 0.000000 0.000000 0.001691 0.000000 0.000000 0.000000 0.000000 0.000000 0.000000 0.000000 0.000019 0.000000 0.025043 0.000000 0.000000 0.000000 0.000000 0.487540
 0.000000 0.000000 0.000000 0.001732 0.000000 0.000000 0.000000 0.000000 0.000000 0.499136 0.000000 0.000000 0.000000 0.000000 0.000000 0.000000 0.000000 0.000000 0.000000 0.499133
 0.000000 0.000000 0.000000 0.000000 0.000000 0.000000 0.000000 0.000000 0.000000 0.000000 0.000000 0.000000 0.000000 0.500001 0.000000 0.000000 0.000000 0.000000 0.499999 0.000000
 0.000000 0.000000 0.000000 0.000000 0.000000 0.000000 0.000000 0.494727 0.000000 0.000000 0.000000 0.011267 0.000000 0.000000 0.000000 0.000001 0.494005 0.000000 0.000000 0.000000
 0.000000 0.000000 0.000007 0.000000 0.000000 0.000000 0.499561 0.000000 0.001061 0.000000 0.000000 0.499371 0.000000 0.000000 0.000000 0.000000 0.000000 0.000000 0.000000 0.000000
 0.000000 0.000000 0.499428 0.000000 0.000000 0.000000 0.000000 0.001060 0.000000 0.000000 0.000000 0.000000 0.000000 0.000000 0.000000 0.000000 0.000000 0.000001 0.499511 0.000000
 0.000000 0.046697 0.000000 0.000000 0.371782 0.000000 0.000000 0.000000 0.000000 0.000000 0.316910 0.000000 0.000000 0.264385 0.000000 0.000000 0.000000 0.000227 0.000000 0.000000
 0.000000 0.001020 0.000000 0.000000 0.000000 0.000000 0.000000 0.000000 0.000000 0.237295 0.000000 0.000000 0.262792 0.000000 0.226825 0.000002 0.000547 0.271519 0.000000 0.000000
 0.000000 0.000000 0.000000 0.000000 0.000000 0.000000 0.011261 0.494279 0.000000 0.000000 0.000000 0.000000 0.000000 0.000000 0.000000 0.494460 0.000000 0.000000 0.000000 0.000000
 0.327818 0.000000 0.000000 0.000013 0.000000 0.000000 0.000000 0.000000 0.000000 0.000000 0.309459 0.000000 0.000000 0.000000 0.244359 0.000000 0.000000 0.118350 0.000000 0.000000
 0.000000 0.000000 0.000000 0.000000 0.000000 0.380026 0.000000 0.000000 0.000000 0.270247 0.000000 0.000000 0.000000 0.000000 0.000000 0.000000 0.000000 0.349727 0.000000 0.000000
 0.000000 0.295903 0.000000 0.015201 0.000000 0.000000 0.000000 0.000000 0.000000 0.000000 0.241121 0.000000 0.220588 0.000000 0.000000 0.000000 0.000000 0.227188 0.000000 0.000000
 0.000000 0.000000 0.385587 0.000000 0.000000 0.000000 0.000000 0.000000 0.000000 0.000000 0.000003 0.394033 0.000000 0.000000 0.000000 0.000000 0.009281 0.211096 0.000000 0.000000
 0.494058 0.000000 0.000000 0.000000 0.000000 0.000000 0.493334 0.000000 0.000000 0.000000 0.000971 0.000000 0.000000 0.000000 0.000000 0.011637 0.000000 0.000001 0.000000 0.000000
 0.000000 0.000000 0.194683 0.000000 0.000000 0.000000 0.000000 0.000000 0.000000 0.000138 0.220593 0.000000 0.081652 0.208136 0.173633 0.121164 0.000000 0.000000 0.000000 0.000000
 0.000000 0.000000 0.000000 0.000000 0.000000 0.499999 0.000000 0.000000 0.500001 0.000000 0.000000 0.000000 0.000000 0.000000 0.000000 0.000000 0.000000 0.000000 0.000000 0.000000
 0.000000 0.000000 0.000000 0.500002 0.499998 0.000000 0.000000 0.000000 0.000000 0.000000 0.000000 0.000000 0.000000 0.000000 0.000000 0.000000 0.000000 0.000000 0.000000 0.000000
the mean of prob-rank is 1.5789473684210527
the number of false negetive edges is 0
the number of probability greater than 0 is 3.9/edge
