20
 0.000000 0.000000 0.356828 0.000000 0.000000 0.000000 0.000000 0.000000 0.000000 0.000000 0.000000 0.357784 0.000000 0.000000 0.285389 0.000000 0.000000 0.000000 0.000000 0.000000
 0.000000 0.000000 0.000000 0.000000 0.000000 0.029235 0.003590 0.000000 0.000000 0.000000 0.000000 0.000000 0.000000 0.483602 0.000000 0.000000 0.000000 0.000000 0.000000 0.483573
 0.335338 0.000000 0.000000 0.000000 0.000000 0.000000 0.000000 0.000000 0.000000 0.000000 0.000000 0.000000 0.328425 0.000000 0.336237 0.000000 0.000000 0.000000 0.000000 0.000000
 0.000000 0.000000 0.000000 0.000000 0.000000 0.000000 0.000000 0.000000 0.000000 0.500000 0.500000 0.000000 0.000000 0.000000 0.000000 0.000000 0.000000 0.000000 0.000000 0.000000
 0.000000 0.000000 0.000000 0.000000 0.000000 0.000000 0.000000 0.000000 0.000000 0.000000 0.499986 0.000000 0.000000 0.000000 0.000000 0.000000 0.500014 0.000000 0.000000 0.000000
 0.000000 0.029232 0.000000 0.000000 0.000000 0.000000 0.482680 0.477454 0.000000 0.000000 0.000000 0.000000 0.000000 0.010308 0.000000 0.000000 0.000000 0.000000 0.000000 0.000326
 0.000000 0.003702 0.000000 0.000000 0.000000 0.497699 0.000000 0.000001 0.000000 0.000000 0.000000 0.000000 0.000000 0.000000 0.000000 0.000000 0.000000 0.000000 0.000000 0.498598
 0.000000 0.000000 0.000000 0.000000 0.000000 0.358274 0.000001 0.000000 0.292530 0.000000 0.000000 0.000000 0.000000 0.000000 0.000000 0.347798 0.000000 0.000004 0.000000 0.001392
 0.000000 0.000000 0.000000 0.000000 0.000000 0.000000 0.000000 0.294265 0.000000 0.000000 0.000000 0.000000 0.000000 0.000000 0.000000 0.365005 0.000000 0.000017 0.340713 0.000000
 0.000000 0.000000 0.000000 0.500000 0.000000 0.000000 0.000000 0.000000 0.000000 0.000000 0.000000 0.000000 0.000000 0.500000 0.000000 0.000000 0.000000 0.000000 0.000000 0.000000
 0.000000 0.000000 0.000000 0.500014 0.499986 0.000000 0.000000 0.000000 0.000000 0.000000 0.000000 0.000000 0.000000 0.000000 0.000000 0.000000 0.000000 0.000000 0.000000 0.000000
 0.499999 0.000000 0.000000 0.000000 0.000000 0.000000 0.000000 0.000000 0.000000 0.000000 0.000000 0.000000 0.000000 0.000000 0.000000 0.000002 0.000000 0.499999 0.000000 0.000000
 0.000000 0.000000 0.336459 0.000000 0.000000 0.000000 0.000000 0.000000 0.000000 0.000000 0.000000 0.000000 0.000000 0.000000 0.319079 0.000000 0.344462 0.000000 0.000000 0.000000
 0.000000 0.494723 0.000000 0.000000 0.000000 0.010546 0.000000 0.000000 0.000000 0.494724 0.000000 0.000000 0.000000 0.000000 0.000000 0.000000 0.000000 0.000000 0.000000 0.000007
 0.292805 0.000000 0.367082 0.000000 0.000000 0.000000 0.000000 0.000000 0.000000 0.000000 0.000000 0.000000 0.340032 0.000000 0.000000 0.000000 0.000082 0.000000 0.000000 0.000000
 0.000000 0.000000 0.000000 0.000000 0.000000 0.000000 0.000000 0.351986 0.367223 0.000000 0.000000 0.000002 0.000000 0.000000 0.000000 0.000000 0.000000 0.000000 0.280788 0.000000
 0.000000 0.000000 0.000000 0.000000 0.499944 0.000000 0.000000 0.000000 0.000000 0.000000 0.000000 0.000000 0.499945 0.000000 0.000111 0.000000 0.000000 0.000000 0.000000 0.000000
 0.000000 0.000000 0.000000 0.000000 0.000000 0.000000 0.000000 0.000006 0.000024 0.000000 0.000000 0.499989 0.000000 0.000000 0.000000 0.000000 0.000000 0.000000 0.499981 0.000000
 0.000000 0.000000 0.000000 0.000000 0.000000 0.000000 0.000000 0.000000 0.345970 0.000000 0.000000 0.000000 0.000000 0.000000 0.000000 0.283399 0.000000 0.370631 0.000000 0.000000
 0.000000 0.498858 0.000000 0.000000 0.000000 0.000337 0.498884 0.001914 0.000000 0.000000 0.000000 0.000000 0.000000 0.000007 0.000000 0.000000 0.000000 0.000000 0.000000 0.000000
the mean of prob-rank is 1.6842105263157894
the number of false negetive edges is 0
the number of probability greater than 0 is 3.4/edge
