20
 0.000000 0.000000 0.000000 0.000000 0.000000 0.000104 0.105491 0.000000 0.001687 0.447705 0.445014 0.000000 0.000000 0.000000 0.000000 0.000000 0.000000 0.000000 0.000000 0.000000
 0.000000 0.000000 0.474551 0.000000 0.056537 0.000004 0.000000 0.000000 0.000000 0.000000 0.000000 0.000000 0.000000 0.468909 0.000000 0.000000 0.000000 0.000000 0.000000 0.000000
 0.000000 0.487700 0.000000 0.000000 0.486876 0.025424 0.000000 0.000000 0.000000 0.000000 0.000000 0.000000 0.000000 0.000000 0.000000 0.000000 0.000000 0.000000 0.000000 0.000000
 0.000000 0.000000 0.000000 0.000000 0.000000 0.000000 0.000000 0.000000 0.000000 0.000000 0.000000 0.278077 0.000000 0.000003 0.000000 0.280922 0.165937 0.000000 0.275061 0.000000
 0.000000 0.048573 0.407021 0.000000 0.000000 0.002531 0.134556 0.000000 0.000000 0.000000 0.000000 0.000000 0.000000 0.000000 0.000000 0.000000 0.000000 0.407318 0.000000 0.000000
 0.000109 0.000004 0.024528 0.000000 0.002921 0.000000 0.468831 0.000000 0.010056 0.470642 0.000000 0.000000 0.000000 0.000000 0.000000 0.000000 0.000000 0.022909 0.000000 0.000000
 0.091460 0.000000 0.000000 0.000000 0.128102 0.386759 0.000000 0.000000 0.000000 0.004163 0.001324 0.000000 0.000000 0.000000 0.000000 0.000000 0.000000 0.388192 0.000000 0.000000
 0.000000 0.000000 0.000000 0.000000 0.000000 0.000000 0.000000 0.000000 0.365223 0.000000 0.000000 0.268078 0.364600 0.000000 0.002099 0.000000 0.000000 0.000000 0.000000 0.000000
 0.001849 0.000000 0.000000 0.000000 0.000000 0.010490 0.000000 0.488798 0.000000 0.008140 0.490718 0.000003 0.000001 0.000000 0.000000 0.000000 0.000000 0.000000 0.000000 0.000000
 0.493195 0.000000 0.000000 0.000000 0.000000 0.493316 0.005289 0.000000 0.008179 0.000000 0.000021 0.000000 0.000000 0.000000 0.000000 0.000000 0.000000 0.000000 0.000000 0.000000
 0.392497 0.000000 0.000000 0.000000 0.000000 0.000000 0.001347 0.000000 0.394781 0.000017 0.000000 0.000000 0.211358 0.000000 0.000000 0.000000 0.000000 0.000000 0.000000 0.000000
 0.000000 0.000000 0.000000 0.201188 0.000000 0.000000 0.000000 0.153716 0.000001 0.000000 0.000000 0.000000 0.000000 0.035013 0.155844 0.000536 0.069773 0.000000 0.196962 0.186968
 0.000000 0.000000 0.000000 0.000000 0.000000 0.000000 0.000000 0.393952 0.000001 0.000000 0.212104 0.000000 0.000000 0.000000 0.393943 0.000000 0.000000 0.000000 0.000000 0.000000
 0.000000 0.345811 0.000000 0.000004 0.000000 0.000000 0.000000 0.000000 0.000000 0.000000 0.000000 0.058271 0.000000 0.000000 0.000000 0.245513 0.001500 0.000000 0.348901 0.000000
 0.000000 0.000000 0.000000 0.000000 0.000000 0.000000 0.000000 0.002088 0.000000 0.000000 0.000000 0.270353 0.362665 0.000000 0.000000 0.000000 0.000000 0.000000 0.000000 0.364894
 0.000000 0.000000 0.000000 0.292757 0.000000 0.000000 0.000000 0.000000 0.000000 0.000000 0.000000 0.000772 0.000000 0.212491 0.000000 0.000000 0.302978 0.000000 0.191003 0.000000
 0.000000 0.000000 0.000000 0.199629 0.000000 0.000000 0.000000 0.000000 0.000000 0.000000 0.000000 0.116021 0.000000 0.001499 0.000000 0.349760 0.000000 0.000000 0.000167 0.332924
 0.000000 0.000000 0.000000 0.000000 0.487855 0.023775 0.488370 0.000000 0.000000 0.000000 0.000000 0.000000 0.000000 0.000000 0.000000 0.000000 0.000000 0.000000 0.000000 0.000000
 0.000000 0.000000 0.000000 0.269541 0.000000 0.000000 0.000000 0.000000 0.000000 0.000000 0.000000 0.266772 0.000000 0.283949 0.000000 0.179602 0.000136 0.000000 0.000000 0.000000
 0.000000 0.000000 0.000000 0.000000 0.000000 0.000000 0.000000 0.000000 0.000000 0.000000 0.000000 0.312903 0.000000 0.000000 0.352021 0.000000 0.335076 0.000000 0.000000 0.000000
the mean of prob-rank is 1.5789473684210527
the number of false negetive edges is 0
the number of probability greater than 0 is 5.1/edge
