20
 0.000000 0.000000 0.000000 0.000000 0.000000 0.000000 0.000000 0.000000 0.000000 0.000000 0.000000 0.000000 0.000000 0.000000 0.000000 0.000000 0.000000 0.000000 0.500006 0.499994
 0.000000 0.000000 0.000000 0.000000 0.000000 0.000000 0.000000 0.500001 0.000000 0.000000 0.000000 0.000000 0.000000 0.000000 0.000000 0.499999 0.000000 0.000000 0.000000 0.000000
 0.000000 0.000000 0.000000 0.000000 0.000000 0.000000 0.000000 0.110254 0.011092 0.000000 0.000000 0.417867 0.000000 0.050218 0.000000 0.000000 0.000000 0.000000 0.000000 0.410568
 0.000000 0.000000 0.000000 0.000000 0.000000 0.000000 0.499946 0.000000 0.499930 0.000000 0.000000 0.000000 0.000000 0.000000 0.000124 0.000000 0.000000 0.000000 0.000000 0.000000
 0.000000 0.000000 0.000000 0.000000 0.000000 0.000000 0.000000 0.000000 0.000000 0.000000 0.000000 0.000000 0.500000 0.000000 0.000000 0.000000 0.000000 0.000000 0.500000 0.000000
 0.000000 0.000000 0.000000 0.000000 0.000000 0.000000 0.000000 0.000000 0.000608 0.000000 0.499764 0.000000 0.000000 0.000000 0.499627 0.000000 0.000000 0.000000 0.000000 0.000000
 0.000000 0.000000 0.000000 0.500000 0.000000 0.000000 0.000000 0.000000 0.000000 0.000000 0.000000 0.000000 0.000000 0.000000 0.000000 0.500000 0.000000 0.000000 0.000000 0.000000
 0.000000 0.442825 0.116570 0.000000 0.000000 0.000000 0.000000 0.000000 0.000000 0.000000 0.000000 0.000000 0.000000 0.440605 0.000000 0.000000 0.000000 0.000000 0.000000 0.000000
 0.000000 0.000000 0.013061 0.493161 0.000000 0.000600 0.000000 0.000000 0.000000 0.000000 0.000000 0.000000 0.000000 0.000000 0.493177 0.000000 0.000000 0.000000 0.000000 0.000000
 0.000000 0.000000 0.000000 0.000000 0.000000 0.000000 0.000000 0.000000 0.000000 0.000000 0.000000 0.000000 0.486730 0.000000 0.000000 0.000000 0.486637 0.026633 0.000000 0.000000
 0.000000 0.000000 0.000000 0.000000 0.000000 0.452480 0.000000 0.000000 0.000000 0.000000 0.000000 0.000000 0.000000 0.000000 0.000000 0.000000 0.095276 0.452244 0.000000 0.000000
 0.000000 0.000000 0.457362 0.000000 0.000000 0.000000 0.000000 0.000000 0.000000 0.000000 0.000000 0.000000 0.000000 0.458420 0.000000 0.000000 0.000000 0.000000 0.000000 0.084218
 0.000000 0.000000 0.000000 0.000000 0.500000 0.000000 0.000000 0.000000 0.000000 0.499999 0.000000 0.000000 0.000000 0.000001 0.000000 0.000000 0.000000 0.000000 0.000000 0.000000
 0.000000 0.000000 0.044755 0.000000 0.000000 0.000000 0.000000 0.371404 0.000000 0.000000 0.000000 0.373275 0.000001 0.000000 0.000000 0.000000 0.000000 0.000000 0.000000 0.210565
 0.000000 0.000000 0.000000 0.000124 0.000000 0.499862 0.000000 0.000000 0.500014 0.000000 0.000000 0.000000 0.000000 0.000000 0.000000 0.000000 0.000000 0.000000 0.000000 0.000000
 0.000000 0.499999 0.000000 0.000000 0.000000 0.000000 0.500001 0.000000 0.000000 0.000000 0.000000 0.000000 0.000000 0.000000 0.000000 0.000000 0.000000 0.000000 0.000000 0.000000
 0.000000 0.000000 0.000000 0.000000 0.000000 0.000000 0.000000 0.000000 0.000000 0.452327 0.095260 0.000000 0.000000 0.000000 0.000000 0.000000 0.000000 0.452413 0.000000 0.000000
 0.000000 0.000000 0.000000 0.000000 0.000000 0.000000 0.000000 0.000000 0.000000 0.026637 0.486547 0.000000 0.000000 0.000000 0.000000 0.000000 0.486815 0.000000 0.000000 0.000000
 0.498919 0.000000 0.000000 0.000000 0.498919 0.000000 0.000000 0.000000 0.000000 0.000000 0.000000 0.000000 0.000000 0.000000 0.000000 0.000000 0.000000 0.000000 0.000000 0.002161
 0.365971 0.000000 0.358758 0.000000 0.000000 0.000000 0.000000 0.000000 0.000000 0.000000 0.000000 0.067235 0.000000 0.206450 0.000000 0.000000 0.000000 0.000000 0.001585 0.000000
the mean of prob-rank is 1.631578947368421
the number of false negetive edges is 0
the number of probability greater than 0 is 3.0/edge
