20
 0.000000 0.146738 0.000000 0.407336 0.037354 0.000000 0.000000 0.000000 0.000000 0.000000 0.000000 0.000000 0.000000 0.000000 0.408572 0.000000 0.000000 0.000000 0.000000 0.000000
 0.152407 0.000000 0.423025 0.000000 0.000000 0.000000 0.000000 0.000000 0.000000 0.000000 0.000000 0.000000 0.000000 0.000000 0.424567 0.000000 0.000000 0.000000 0.000000 0.000000
 0.000000 0.496082 0.000000 0.000000 0.000000 0.000000 0.000000 0.000000 0.000027 0.000000 0.000257 0.497890 0.000016 0.000000 0.005727 0.000000 0.000000 0.000000 0.000000 0.000000
 0.350110 0.000000 0.000000 0.000000 0.308025 0.000000 0.000000 0.000000 0.000000 0.000450 0.000000 0.000000 0.000000 0.000000 0.000000 0.000000 0.341416 0.000000 0.000000 0.000000
 0.024498 0.000000 0.000000 0.235034 0.000000 0.000000 0.000000 0.000000 0.000000 0.257539 0.000000 0.000000 0.000000 0.000000 0.000000 0.000000 0.237156 0.000000 0.245773 0.000000
 0.000000 0.000000 0.000000 0.000000 0.000000 0.000000 0.000002 0.000000 0.034114 0.000000 0.065582 0.000000 0.040287 0.295162 0.000000 0.222934 0.000000 0.000811 0.000000 0.341108
 0.000000 0.000000 0.000000 0.000000 0.000000 0.000002 0.000000 0.270203 0.000000 0.000000 0.000000 0.000000 0.000000 0.330606 0.000000 0.000000 0.000000 0.339682 0.000000 0.059507
 0.000000 0.000000 0.000000 0.000000 0.000000 0.000000 0.290591 0.000000 0.000000 0.000000 0.000000 0.000000 0.000000 0.341696 0.000000 0.000000 0.000000 0.000000 0.367708 0.000005
 0.000000 0.000000 0.000021 0.000000 0.000000 0.037285 0.000000 0.000000 0.000000 0.000000 0.361941 0.380506 0.196972 0.000000 0.000000 0.023277 0.000000 0.000000 0.000000 0.000000
 0.000000 0.000000 0.000000 0.000444 0.333530 0.000000 0.000000 0.000000 0.000000 0.000000 0.000000 0.000000 0.000000 0.000000 0.000000 0.000000 0.344893 0.000000 0.321134 0.000000
 0.000000 0.000000 0.000201 0.000000 0.000000 0.073388 0.000000 0.000000 0.370579 0.000000 0.000000 0.000000 0.316347 0.005491 0.000047 0.233947 0.000000 0.000000 0.000000 0.000000
 0.000000 0.000000 0.500256 0.000000 0.000000 0.000000 0.000000 0.000000 0.499744 0.000000 0.000000 0.000000 0.000000 0.000000 0.000000 0.000000 0.000000 0.000000 0.000000 0.000000
 0.000000 0.000000 0.000013 0.000000 0.000000 0.047679 0.000000 0.000000 0.213287 0.000000 0.334565 0.000000 0.000000 0.005762 0.000011 0.398683 0.000000 0.000000 0.000000 0.000000
 0.000000 0.000000 0.000000 0.000000 0.000000 0.256783 0.293167 0.281741 0.000000 0.000000 0.004269 0.000000 0.004236 0.000000 0.000000 0.159804 0.000000 0.000000 0.000000 0.000000
 0.492054 0.492297 0.005663 0.000000 0.000000 0.000000 0.000000 0.000000 0.000000 0.000000 0.000059 0.000000 0.000014 0.000000 0.000000 0.009913 0.000000 0.000000 0.000000 0.000000
 0.000000 0.000000 0.000000 0.000000 0.000000 0.227281 0.000000 0.000000 0.021713 0.000000 0.213138 0.000000 0.343444 0.187269 0.007154 0.000000 0.000000 0.000000 0.000000 0.000000
 0.000000 0.000000 0.000000 0.336755 0.306563 0.000000 0.000000 0.000000 0.000000 0.344254 0.000000 0.000000 0.000000 0.000000 0.000000 0.000000 0.000000 0.000000 0.012427 0.000000
 0.000000 0.000000 0.000000 0.000000 0.000000 0.001166 0.497927 0.000000 0.000000 0.000000 0.000000 0.000000 0.000000 0.000000 0.000000 0.000000 0.000000 0.000000 0.000000 0.500906
 0.000000 0.000000 0.000000 0.000000 0.318588 0.000000 0.000000 0.347517 0.000000 0.321433 0.000000 0.000000 0.000000 0.000000 0.000000 0.000000 0.012462 0.000000 0.000000 0.000000
 0.000000 0.000000 0.000000 0.000000 0.000000 0.454766 0.080865 0.000006 0.000000 0.000000 0.000000 0.000000 0.000000 0.000000 0.000000 0.000000 0.000000 0.464362 0.000000 0.000000
the mean of prob-rank is 1.5789473684210527
the number of false negetive edges is 0
the number of probability greater than 0 is 4.9/edge
