20
 0.000000 0.000000 0.000000 0.000000 0.000000 0.500025 0.000000 0.000000 0.000000 0.499975 0.000000 0.000000 0.000000 0.000000 0.000000 0.000000 0.000000 0.000000 0.000000 0.000000
 0.000000 0.000000 0.485970 0.000000 0.000000 0.000000 0.000000 0.015585 0.000000 0.000000 0.013391 0.000000 0.000000 0.000000 0.485053 0.000000 0.000001 0.000000 0.000000 0.000000
 0.000000 0.479916 0.000000 0.000000 0.000000 0.000000 0.000000 0.479598 0.000000 0.000002 0.000000 0.000000 0.000000 0.000000 0.040484 0.000000 0.000000 0.000000 0.000000 0.000000
 0.000000 0.000000 0.000000 0.000000 0.500004 0.000000 0.000000 0.000000 0.000000 0.000000 0.000000 0.499996 0.000000 0.000000 0.000000 0.000000 0.000000 0.000000 0.000000 0.000000
 0.000000 0.000000 0.000000 0.499917 0.000000 0.000000 0.000000 0.000000 0.000000 0.000000 0.000000 0.000166 0.000000 0.000000 0.000000 0.000000 0.000000 0.499917 0.000000 0.000000
 0.485165 0.000000 0.000000 0.000000 0.000000 0.000000 0.000000 0.000000 0.000000 0.029795 0.000000 0.000000 0.000000 0.000000 0.485040 0.000000 0.000000 0.000000 0.000000 0.000000
 0.000000 0.000000 0.000000 0.000000 0.000000 0.000000 0.000000 0.000000 0.000000 0.000000 0.000000 0.500019 0.000000 0.000000 0.000000 0.499981 0.000000 0.000000 0.000000 0.000000
 0.000000 0.015684 0.488715 0.000000 0.000000 0.000000 0.000000 0.000000 0.000000 0.000000 0.000000 0.000000 0.000000 0.489039 0.006562 0.000000 0.000000 0.000000 0.000000 0.000000
 0.000000 0.000000 0.000000 0.000000 0.000000 0.000000 0.000000 0.000000 0.000000 0.000000 0.000000 0.000000 0.000000 0.000000 0.000000 0.500000 0.000000 0.000000 0.000000 0.500000
 0.479781 0.000000 0.000002 0.000000 0.000000 0.029467 0.000000 0.000000 0.000000 0.000000 0.000002 0.000000 0.000000 0.000000 0.000000 0.000000 0.479330 0.000000 0.000000 0.011418
 0.000000 0.013640 0.000000 0.000000 0.000000 0.000000 0.000000 0.000000 0.000000 0.000002 0.000000 0.000000 0.000000 0.000000 0.000000 0.000000 0.495014 0.000000 0.000000 0.491344
 0.000000 0.000000 0.000000 0.499912 0.000166 0.000000 0.499922 0.000000 0.000000 0.000000 0.000000 0.000000 0.000000 0.000000 0.000000 0.000000 0.000000 0.000000 0.000000 0.000000
 0.000000 0.000000 0.000000 0.000000 0.000000 0.000000 0.000000 0.000000 0.000000 0.000000 0.000000 0.000000 0.000000 0.000000 0.000000 0.000000 0.000000 0.500000 0.500000 0.000000
 0.000000 0.000000 0.000000 0.000000 0.000000 0.000000 0.000000 0.500003 0.000000 0.000000 0.000000 0.000000 0.000000 0.000000 0.000000 0.000000 0.000000 0.000000 0.499997 0.000000
 0.000000 0.476283 0.040254 0.000000 0.000000 0.477060 0.000000 0.006403 0.000000 0.000000 0.000000 0.000000 0.000000 0.000000 0.000000 0.000000 0.000000 0.000000 0.000000 0.000000
 0.000000 0.000000 0.000000 0.000000 0.000000 0.000000 0.499981 0.000000 0.500019 0.000000 0.000000 0.000000 0.000000 0.000000 0.000000 0.000000 0.000000 0.000000 0.000000 0.000000
 0.000000 0.000001 0.000000 0.000000 0.000000 0.000000 0.000000 0.000000 0.000000 0.493976 0.494490 0.000000 0.000000 0.000000 0.000000 0.000000 0.000000 0.000000 0.000000 0.011533
 0.000000 0.000000 0.000000 0.000000 0.499999 0.000000 0.000000 0.000000 0.000000 0.000000 0.000000 0.000000 0.500001 0.000000 0.000000 0.000000 0.000000 0.000000 0.000000 0.000000
 0.000000 0.000000 0.000000 0.000000 0.000000 0.000000 0.000000 0.000000 0.000000 0.000000 0.000000 0.000000 0.500003 0.499997 0.000000 0.000000 0.000000 0.000000 0.000000 0.000000
 0.000000 0.000000 0.000000 0.000000 0.000000 0.000000 0.000000 0.000000 0.490266 0.011667 0.486632 0.000000 0.000000 0.000000 0.000000 0.000000 0.011434 0.000000 0.000000 0.000000
the mean of prob-rank is 1.5789473684210527
the number of false negetive edges is 0
the number of probability greater than 0 is 3.1/edge
