20
 0.000000 0.000000 0.000000 0.000000 0.000000 0.000000 0.000000 0.000000 0.000000 0.000000 0.000000 0.000000 0.000000 0.000000 0.000001 0.500021 0.000000 0.000000 0.499979 0.000000
 0.000000 0.000000 0.011304 0.000000 0.000000 0.000000 0.000000 0.000000 0.000000 0.000000 0.492832 0.000031 0.000000 0.000000 0.493701 0.000000 0.002132 0.000000 0.000000 0.000000
 0.000000 0.006149 0.000000 0.000000 0.000000 0.000062 0.000000 0.000613 0.268538 0.177317 0.061405 0.215236 0.000000 0.000000 0.237326 0.000091 0.000000 0.033263 0.000000 0.000000
 0.000000 0.000000 0.000000 0.000000 0.000000 0.000000 0.500000 0.000000 0.000000 0.000000 0.000000 0.000000 0.500000 0.000000 0.000000 0.000000 0.000000 0.000000 0.000000 0.000000
 0.000000 0.000000 0.000000 0.000000 0.000000 0.000000 0.000000 0.062299 0.000000 0.000000 0.000000 0.000000 0.000000 0.016921 0.000000 0.000000 0.000000 0.460248 0.000000 0.460532
 0.000000 0.000000 0.000115 0.000000 0.000000 0.000000 0.499922 0.000000 0.000034 0.499929 0.000000 0.000000 0.000000 0.000000 0.000000 0.000000 0.000000 0.000000 0.000000 0.000000
 0.000000 0.000000 0.000000 0.500004 0.000000 0.499996 0.000000 0.000000 0.000000 0.000000 0.000000 0.000000 0.000000 0.000000 0.000000 0.000000 0.000000 0.000000 0.000000 0.000000
 0.000000 0.000000 0.000806 0.000000 0.047783 0.000000 0.000000 0.000000 0.275164 0.322917 0.000000 0.000000 0.000000 0.000000 0.000000 0.000000 0.000000 0.353330 0.000000 0.000000
 0.000000 0.000000 0.268158 0.000000 0.000000 0.000018 0.000000 0.208842 0.000000 0.109596 0.157224 0.003775 0.000000 0.000000 0.200619 0.000000 0.000000 0.051767 0.000000 0.000000
 0.000000 0.000000 0.221356 0.000000 0.000000 0.335246 0.000000 0.306389 0.137009 0.000000 0.000000 0.000000 0.000000 0.000000 0.000000 0.000000 0.000000 0.000000 0.000000 0.000000
 0.000000 0.346846 0.079447 0.000000 0.000000 0.000000 0.000000 0.000000 0.203710 0.000000 0.000000 0.000005 0.000000 0.346921 0.022930 0.000000 0.000141 0.000000 0.000000 0.000000
 0.000000 0.000024 0.307585 0.000000 0.000000 0.000000 0.000000 0.000000 0.005403 0.000000 0.000006 0.000000 0.000000 0.000000 0.303724 0.383258 0.000000 0.000000 0.000000 0.000000
 0.000000 0.000000 0.000000 0.500002 0.000000 0.000000 0.000000 0.000000 0.000000 0.000000 0.000000 0.000000 0.000000 0.000000 0.000000 0.000000 0.000000 0.000000 0.499998 0.000000
 0.000000 0.000000 0.000000 0.000000 0.017899 0.000000 0.000000 0.000000 0.000000 0.000000 0.486559 0.000000 0.000000 0.000000 0.000000 0.000000 0.487256 0.000000 0.000000 0.008286
 0.000000 0.285603 0.252398 0.000000 0.000000 0.000000 0.000000 0.000000 0.213661 0.000000 0.018848 0.226031 0.000000 0.000000 0.000000 0.000150 0.003309 0.000000 0.000000 0.000000
 0.500101 0.000000 0.000170 0.000000 0.000000 0.000000 0.000000 0.000000 0.000000 0.000000 0.000000 0.499431 0.000000 0.000000 0.000262 0.000000 0.000000 0.000000 0.000035 0.000000
 0.000000 0.002142 0.000000 0.000000 0.000000 0.000000 0.000000 0.000000 0.000000 0.000000 0.000201 0.000000 0.000000 0.495927 0.005747 0.000000 0.000000 0.000000 0.000000 0.495983
 0.000000 0.000000 0.053482 0.000000 0.431385 0.000000 0.000000 0.431783 0.083351 0.000000 0.000000 0.000000 0.000000 0.000000 0.000000 0.000000 0.000000 0.000000 0.000000 0.000000
 0.499963 0.000000 0.000000 0.000000 0.000000 0.000000 0.000000 0.000000 0.000000 0.000000 0.000000 0.000000 0.500003 0.000000 0.000000 0.000035 0.000000 0.000000 0.000000 0.000000
 0.000000 0.000000 0.000000 0.000000 0.495708 0.000000 0.000000 0.000000 0.000000 0.000000 0.000000 0.000000 0.000000 0.008431 0.000000 0.000000 0.495861 0.000000 0.000000 0.000000
the mean of prob-rank is 1.5789473684210527
the number of false negetive edges is 0
the number of probability greater than 0 is 4.6/edge
