20
 0.000000 0.027581 0.000000 0.000000 0.000000 0.486203 0.000000 0.000000 0.000000 0.000000 0.000000 0.000000 0.000000 0.000000 0.000000 0.000000 0.486216 0.000000 0.000000 0.000000
 0.027594 0.000000 0.000000 0.000000 0.000000 0.486445 0.000000 0.000000 0.000000 0.000000 0.000000 0.000000 0.485961 0.000000 0.000000 0.000000 0.000000 0.000000 0.000000 0.000000
 0.000000 0.000000 0.000000 0.000000 0.000000 0.000000 0.000000 0.000000 0.000000 0.499017 0.000000 0.001953 0.000000 0.000000 0.000000 0.000000 0.000000 0.000000 0.499030 0.000000
 0.000000 0.000000 0.000000 0.000000 0.000000 0.000000 0.000000 0.500000 0.000000 0.000000 0.000000 0.000000 0.000000 0.000000 0.000000 0.500000 0.000000 0.000000 0.000000 0.000000
 0.000000 0.000000 0.000000 0.000000 0.000000 0.000000 0.000013 0.000000 0.497746 0.000000 0.000000 0.000000 0.497558 0.000000 0.000000 0.000000 0.000000 0.000000 0.000000 0.004684
 0.481967 0.481980 0.000000 0.000000 0.000000 0.000000 0.000000 0.000000 0.000000 0.000000 0.000000 0.000000 0.036053 0.000000 0.000000 0.000000 0.000000 0.000000 0.000000 0.000000
 0.000000 0.000000 0.000000 0.000000 0.000013 0.000000 0.000000 0.000000 0.499994 0.000000 0.000000 0.000000 0.000000 0.000000 0.000000 0.000000 0.000000 0.000000 0.000000 0.499993
 0.000000 0.000000 0.000000 0.499854 0.000000 0.000000 0.000000 0.000000 0.000000 0.000293 0.000000 0.000000 0.000000 0.000000 0.499853 0.000000 0.000000 0.000000 0.000000 0.000000
 0.000000 0.000000 0.000000 0.000000 0.499522 0.000000 0.499522 0.000000 0.000000 0.000000 0.000000 0.000000 0.000000 0.000000 0.000000 0.000000 0.000000 0.000000 0.000000 0.000956
 0.000000 0.000000 0.499846 0.000000 0.000000 0.000000 0.000000 0.000293 0.000000 0.000000 0.000000 0.000000 0.000000 0.000000 0.000000 0.000000 0.000000 0.499862 0.000000 0.000000
 0.000000 0.000000 0.000000 0.000000 0.000000 0.000000 0.000000 0.000000 0.000000 0.000000 0.000000 0.000000 0.000000 0.000000 0.000000 0.499999 0.500001 0.000000 0.000000 0.000000
 0.000000 0.000000 0.001953 0.000000 0.000000 0.000000 0.000000 0.000000 0.000000 0.000000 0.000000 0.000000 0.000000 0.499025 0.000000 0.000000 0.000000 0.499022 0.000000 0.000000
 0.000000 0.481813 0.000000 0.000000 0.482111 0.036076 0.000000 0.000000 0.000000 0.000000 0.000000 0.000000 0.000000 0.000000 0.000000 0.000000 0.000000 0.000000 0.000000 0.000000
 0.000000 0.000000 0.000000 0.000000 0.000000 0.000000 0.000000 0.000000 0.000000 0.000000 0.000000 0.500000 0.000000 0.000000 0.500000 0.000000 0.000000 0.000000 0.000000 0.000000
 0.000000 0.000000 0.000000 0.000000 0.000000 0.000000 0.000000 0.499993 0.000000 0.000000 0.000000 0.000000 0.000000 0.499994 0.000000 0.000000 0.000000 0.000012 0.000000 0.000000
 0.000000 0.000000 0.000000 0.500001 0.000000 0.000000 0.000000 0.000000 0.000000 0.000000 0.499999 0.000000 0.000000 0.000000 0.000000 0.000000 0.000000 0.000000 0.000000 0.000000
 0.500000 0.000000 0.000000 0.000000 0.000000 0.000000 0.000000 0.000000 0.000000 0.000000 0.500000 0.000000 0.000000 0.000000 0.000000 0.000000 0.000000 0.000000 0.000000 0.000000
 0.000000 0.000000 0.000000 0.000000 0.000000 0.000000 0.000000 0.000000 0.000000 0.499995 0.000000 0.499992 0.000000 0.000000 0.000012 0.000000 0.000000 0.000000 0.000000 0.000000
 0.000000 0.000000 0.499999 0.000000 0.000000 0.000000 0.000000 0.000000 0.000000 0.000000 0.000000 0.000000 0.000000 0.000000 0.000000 0.000000 0.000000 0.000000 0.000000 0.500001
 0.000000 0.000000 0.000000 0.000000 0.004679 0.000000 0.497184 0.000000 0.000952 0.000000 0.000000 0.000000 0.000000 0.000000 0.000000 0.000000 0.000000 0.000000 0.497186 0.000000
the mean of prob-rank is 1.5789473684210527
the number of false negetive edges is 0
the number of probability greater than 0 is 2.8/edge
