20
 0.000000 0.000000 0.000000 0.000000 0.000000 0.000000 0.500000 0.000000 0.000000 0.000000 0.000000 0.000000 0.000000 0.000000 0.000000 0.000000 0.000000 0.500000 0.000000 0.000000
 0.000000 0.000000 0.061964 0.000000 0.000000 0.111191 0.000000 0.000000 0.021651 0.000000 0.000005 0.000000 0.000000 0.000000 0.254058 0.273904 0.208613 0.000000 0.000000 0.068615
 0.000000 0.081708 0.000000 0.000000 0.000704 0.000000 0.000000 0.000000 0.352069 0.000000 0.000316 0.000000 0.028535 0.000000 0.000000 0.362896 0.173772 0.000000 0.000000 0.000000
 0.000000 0.000000 0.000000 0.000000 0.000000 0.000000 0.000000 0.000000 0.000000 0.000000 0.000000 0.000000 0.500000 0.000000 0.000000 0.000000 0.000000 0.500000 0.000000 0.000000
 0.000000 0.000000 0.000840 0.000000 0.000000 0.000000 0.433179 0.000000 0.000344 0.000000 0.421546 0.141195 0.000000 0.002368 0.000000 0.000527 0.000000 0.000000 0.000000 0.000000
 0.000000 0.168725 0.000000 0.000000 0.000000 0.000000 0.000000 0.000000 0.000000 0.000000 0.000000 0.000000 0.000000 0.000000 0.000000 0.000000 0.000000 0.000000 0.417622 0.413654
 0.500001 0.000000 0.000000 0.000000 0.499999 0.000000 0.000000 0.000000 0.000000 0.000000 0.000000 0.000000 0.000000 0.000000 0.000000 0.000000 0.000000 0.000000 0.000000 0.000000
 0.000000 0.000000 0.000000 0.000000 0.000000 0.000000 0.000000 0.000000 0.000000 0.000000 0.000000 0.000000 0.329306 0.000000 0.355002 0.000000 0.000001 0.000000 0.000000 0.315691
 0.000000 0.033337 0.411118 0.000000 0.000337 0.000000 0.000000 0.000000 0.000000 0.000000 0.000000 0.000000 0.062484 0.000000 0.000986 0.020449 0.423772 0.000000 0.000000 0.047517
 0.000000 0.000000 0.000000 0.000000 0.000000 0.000000 0.000000 0.000000 0.000000 0.000000 0.000000 0.000000 0.000000 0.500000 0.000000 0.000000 0.000000 0.000000 0.500000 0.000000
 0.000000 0.000006 0.000305 0.000000 0.340142 0.000000 0.000000 0.000000 0.000000 0.000000 0.000000 0.348372 0.000000 0.059236 0.000000 0.251939 0.000000 0.000000 0.000000 0.000000
 0.000000 0.000000 0.000000 0.000000 0.140341 0.000000 0.000000 0.000000 0.000000 0.000000 0.429135 0.000000 0.000000 0.430524 0.000000 0.000000 0.000000 0.000000 0.000000 0.000000
 0.000000 0.000000 0.028018 0.356338 0.000000 0.000000 0.000000 0.330379 0.052541 0.000000 0.000000 0.000000 0.000000 0.000000 0.113638 0.000000 0.119086 0.000000 0.000000 0.000000
 0.000000 0.000000 0.000000 0.000000 0.002514 0.000000 0.000000 0.000000 0.000000 0.459801 0.077925 0.459761 0.000000 0.000000 0.000000 0.000000 0.000000 0.000000 0.000000 0.000000
 0.000000 0.258747 0.000000 0.000000 0.000000 0.000000 0.000000 0.280155 0.000652 0.000000 0.000000 0.000000 0.089388 0.000000 0.000000 0.000000 0.192062 0.000000 0.000000 0.178996
 0.000000 0.359646 0.361358 0.000000 0.000440 0.000000 0.000000 0.000000 0.017438 0.000000 0.260471 0.000000 0.000000 0.000000 0.000000 0.000000 0.000648 0.000000 0.000000 0.000000
 0.000000 0.192473 0.121587 0.000000 0.000000 0.000000 0.000000 0.000001 0.253922 0.000000 0.000000 0.000000 0.084859 0.000000 0.173990 0.000455 0.000000 0.000000 0.000000 0.172712
 0.500000 0.000000 0.000000 0.500000 0.000000 0.000000 0.000000 0.000000 0.000000 0.000000 0.000000 0.000000 0.000000 0.000000 0.000000 0.000000 0.000000 0.000000 0.000000 0.000000
 0.000000 0.000000 0.000000 0.000000 0.000000 0.500000 0.000000 0.000000 0.000000 0.500000 0.000000 0.000000 0.000000 0.000000 0.000000 0.000000 0.000000 0.000000 0.000000 0.000000
 0.000000 0.070041 0.000000 0.000000 0.000000 0.278266 0.000000 0.249700 0.031501 0.000000 0.000000 0.000000 0.000000 0.000000 0.179405 0.000000 0.191086 0.000000 0.000000 0.000000
the mean of prob-rank is 1.7894736842105263
the number of false negetive edges is 0
the number of probability greater than 0 is 4.65/edge
