20
 0.000000 0.000000 0.000000 0.499999 0.000000 0.000000 0.000000 0.000000 0.000000 0.000007 0.000000 0.499994 0.000000 0.000000 0.000000 0.000000 0.000000 0.000000 0.000000 0.000000
 0.000000 0.000000 0.000000 0.000000 0.000000 0.000000 0.000000 0.000000 0.000000 0.500000 0.000000 0.000000 0.500000 0.000000 0.000000 0.000000 0.000000 0.000000 0.000000 0.000000
 0.000000 0.000000 0.000000 0.352875 0.309440 0.000000 0.000000 0.000000 0.000000 0.000000 0.337685 0.000000 0.000000 0.000000 0.000000 0.000000 0.000000 0.000000 0.000000 0.000000
 0.499962 0.000000 0.499969 0.000000 0.000000 0.000000 0.000000 0.000000 0.000000 0.000000 0.000000 0.000069 0.000000 0.000000 0.000000 0.000000 0.000000 0.000000 0.000000 0.000000
 0.000000 0.000000 0.253405 0.000000 0.000000 0.000000 0.288974 0.000000 0.000000 0.000000 0.229499 0.000000 0.000000 0.000000 0.000000 0.228122 0.000000 0.000000 0.000000 0.000000
 0.000000 0.000000 0.000000 0.000000 0.000000 0.000000 0.000000 0.000000 0.000000 0.000000 0.000000 0.000000 0.000000 0.499898 0.000000 0.000000 0.499898 0.000204 0.000000 0.000000
 0.000000 0.000000 0.000000 0.000000 0.353726 0.000000 0.000000 0.000000 0.000000 0.000000 0.000001 0.000000 0.000000 0.000000 0.000000 0.306988 0.000000 0.339286 0.000000 0.000000
 0.000000 0.000000 0.000000 0.000000 0.000000 0.000000 0.000000 0.000000 0.000000 0.000000 0.000000 0.000000 0.500000 0.000000 0.000000 0.000000 0.000000 0.000000 0.000000 0.500000
 0.000000 0.000000 0.000000 0.000000 0.000000 0.000000 0.000000 0.000000 0.000000 0.499995 0.000000 0.000009 0.000000 0.000000 0.000000 0.000000 0.000000 0.000000 0.499995 0.000000
 0.000007 0.499879 0.000000 0.000000 0.000000 0.000000 0.000000 0.000000 0.499879 0.000000 0.000000 0.000236 0.000000 0.000000 0.000000 0.000000 0.000000 0.000000 0.000000 0.000000
 0.000000 0.000000 0.274815 0.000000 0.228071 0.000000 0.000001 0.000000 0.000000 0.000000 0.000000 0.000000 0.000000 0.224302 0.000000 0.272811 0.000000 0.000000 0.000000 0.000000
 0.499840 0.000000 0.000000 0.000069 0.000000 0.000000 0.000000 0.000000 0.000009 0.000236 0.000000 0.000000 0.000000 0.000000 0.000000 0.000000 0.000000 0.000000 0.499846 0.000000
 0.000000 0.500000 0.000000 0.000000 0.000000 0.000000 0.000000 0.500000 0.000000 0.000000 0.000000 0.000000 0.000000 0.000000 0.000000 0.000000 0.000000 0.000000 0.000000 0.000000
 0.000000 0.000000 0.000000 0.000000 0.000000 0.362325 0.000000 0.000000 0.000000 0.000000 0.282998 0.000000 0.000000 0.000000 0.000000 0.000908 0.000000 0.353769 0.000000 0.000000
 0.000000 0.000000 0.000000 0.000000 0.000000 0.000000 0.000000 0.000000 0.000000 0.000000 0.000000 0.000000 0.000000 0.000000 0.000000 0.000000 0.500000 0.000000 0.000000 0.500000
 0.000000 0.000000 0.000000 0.000000 0.220209 0.000000 0.242093 0.000000 0.000000 0.000000 0.264997 0.000000 0.000000 0.000699 0.000000 0.000000 0.000000 0.272001 0.000000 0.000000
 0.000000 0.000000 0.000000 0.000000 0.000000 0.500000 0.000000 0.000000 0.000000 0.000000 0.000000 0.000000 0.000000 0.000000 0.500000 0.000000 0.000000 0.000000 0.000000 0.000000
 0.000000 0.000000 0.000000 0.000000 0.000000 0.000140 0.329494 0.000000 0.000000 0.000000 0.000000 0.000000 0.000000 0.335405 0.000000 0.334960 0.000000 0.000000 0.000000 0.000000
 0.000000 0.000000 0.000000 0.000000 0.000000 0.000000 0.000000 0.000000 0.500003 0.000000 0.000000 0.499997 0.000000 0.000000 0.000000 0.000000 0.000000 0.000000 0.000000 0.000000
 0.000000 0.000000 0.000000 0.000000 0.000000 0.000000 0.000000 0.500000 0.000000 0.000000 0.000000 0.000000 0.000000 0.000000 0.500000 0.000000 0.000000 0.000000 0.000000 0.000000
the mean of prob-rank is 1.5789473684210527
the number of false negetive edges is 0
the number of probability greater than 0 is 3.1/edge
