20
 0.000000 0.000000 0.000000 0.000000 0.003815 0.000000 0.000000 0.000000 0.000000 0.495129 0.005982 0.000000 0.000000 0.000000 0.000000 0.000000 0.000000 0.000000 0.495074 0.000000
 0.000000 0.000000 0.000000 0.000000 0.000000 0.000000 0.055868 0.454317 0.000000 0.000000 0.019998 0.000000 0.015408 0.000000 0.000000 0.000000 0.454409 0.000000 0.000000 0.000000
 0.000000 0.000000 0.000000 0.000000 0.000000 0.495826 0.000000 0.494525 0.000000 0.000000 0.000000 0.000000 0.000000 0.000000 0.000000 0.000000 0.000000 0.009649 0.000000 0.000000
 0.000000 0.000000 0.000000 0.000000 0.000000 0.000000 0.000000 0.000000 0.001417 0.000000 0.000000 0.000000 0.000000 0.000000 0.499305 0.000000 0.000000 0.499277 0.000000 0.000000
 0.003739 0.000000 0.000000 0.000000 0.000000 0.000000 0.485173 0.000000 0.000000 0.000000 0.485193 0.000000 0.000000 0.000000 0.000000 0.000000 0.010510 0.000000 0.015385 0.000000
 0.000000 0.000000 0.460766 0.000000 0.000000 0.000000 0.000000 0.080343 0.000000 0.000000 0.000000 0.000000 0.458890 0.000000 0.000000 0.000000 0.000000 0.000000 0.000000 0.000000
 0.000000 0.057047 0.000000 0.000000 0.463974 0.000000 0.000000 0.000000 0.000000 0.000000 0.000000 0.000000 0.000000 0.000000 0.000000 0.000000 0.014945 0.000000 0.464035 0.000000
 0.000000 0.460390 0.459310 0.000000 0.000000 0.080300 0.000000 0.000000 0.000000 0.000000 0.000000 0.000000 0.000000 0.000000 0.000000 0.000000 0.000000 0.000000 0.000000 0.000000
 0.000000 0.000000 0.000000 0.001417 0.000000 0.000000 0.000000 0.000000 0.000000 0.000000 0.000000 0.000000 0.000000 0.499298 0.000000 0.000000 0.000000 0.499285 0.000000 0.000000
 0.500000 0.000000 0.000000 0.000000 0.000000 0.000000 0.000000 0.000000 0.000000 0.000000 0.000000 0.000000 0.000000 0.000000 0.000000 0.000000 0.000000 0.000000 0.000000 0.500000
 0.005877 0.021405 0.000000 0.000000 0.486376 0.000000 0.000000 0.000000 0.000000 0.000000 0.000000 0.000000 0.000000 0.000000 0.000000 0.000000 0.486342 0.000000 0.000000 0.000000
 0.000000 0.000000 0.000000 0.000000 0.000000 0.000000 0.000000 0.000000 0.000000 0.000000 0.000000 0.000000 0.000000 0.500000 0.000000 0.000000 0.000000 0.000000 0.000000 0.500000
 0.000000 0.016327 0.000000 0.000000 0.000000 0.479605 0.000000 0.000000 0.000000 0.000000 0.000000 0.000000 0.000000 0.000000 0.000000 0.481569 0.000000 0.022499 0.000000 0.000000
 0.000000 0.000000 0.000000 0.000000 0.000000 0.000000 0.000000 0.000000 0.500000 0.000000 0.000000 0.500000 0.000000 0.000000 0.000000 0.000000 0.000000 0.000000 0.000000 0.000000
 0.000000 0.000000 0.000000 0.500001 0.000000 0.000000 0.000000 0.000000 0.000000 0.000000 0.000000 0.000000 0.000000 0.000000 0.000000 0.499999 0.000000 0.000000 0.000000 0.000000
 0.000000 0.000000 0.000000 0.000000 0.000000 0.000000 0.000000 0.000000 0.000000 0.000000 0.000000 0.000000 0.500001 0.000000 0.499999 0.000000 0.000000 0.000000 0.000000 0.000000
 0.000000 0.486905 0.000000 0.000000 0.010547 0.000000 0.015682 0.000000 0.000000 0.000000 0.486866 0.000000 0.000000 0.000000 0.000000 0.000000 0.000000 0.000000 0.000000 0.000000
 0.000000 0.000000 0.009419 0.483977 0.000000 0.000000 0.000000 0.000000 0.483991 0.000000 0.000000 0.000000 0.022613 0.000000 0.000000 0.000000 0.000000 0.000000 0.000000 0.000000
 0.492169 0.000000 0.000000 0.000000 0.015607 0.000000 0.492224 0.000000 0.000000 0.000000 0.000000 0.000000 0.000000 0.000000 0.000000 0.000000 0.000000 0.000000 0.000000 0.000000
 0.000000 0.000000 0.000000 0.000000 0.000000 0.000000 0.000000 0.000000 0.000000 0.500000 0.000000 0.500000 0.000000 0.000000 0.000000 0.000000 0.000000 0.000000 0.000000 0.000000
the mean of prob-rank is 1.5263157894736843
the number of false negetive edges is 0
the number of probability greater than 0 is 3.2/edge
