20
 0.000000 0.000000 0.000000 0.000000 0.000000 0.486830 0.000000 0.000000 0.000000 0.000000 0.000000 0.000000 0.000000 0.000000 0.000000 0.485739 0.000000 0.027428 0.000000 0.000002
 0.000000 0.000000 0.000000 0.000000 0.000000 0.000000 0.218115 0.386020 0.000011 0.000000 0.000000 0.000000 0.000000 0.000000 0.000000 0.000000 0.000000 0.000000 0.395854 0.000000
 0.000000 0.000000 0.000000 0.372092 0.000000 0.000000 0.000000 0.000000 0.000000 0.000000 0.000000 0.000000 0.000000 0.373887 0.003899 0.000000 0.000000 0.000000 0.000000 0.250122
 0.000000 0.000000 0.349026 0.000000 0.343684 0.000000 0.000000 0.000000 0.000000 0.000000 0.000000 0.000000 0.000000 0.000000 0.000001 0.000000 0.000000 0.307287 0.000000 0.000002
 0.000000 0.000000 0.000000 0.233808 0.000000 0.000000 0.000000 0.000000 0.000000 0.000000 0.000000 0.000000 0.131380 0.000000 0.204301 0.000000 0.000000 0.219743 0.000000 0.210767
 0.500000 0.000000 0.000000 0.000000 0.000000 0.000000 0.000000 0.000000 0.000000 0.500000 0.000000 0.000000 0.000000 0.000000 0.000000 0.000000 0.000000 0.000000 0.000000 0.000000
 0.000000 0.216159 0.000000 0.000000 0.000000 0.000000 0.000000 0.392303 0.391538 0.000000 0.000000 0.000000 0.000000 0.000000 0.000000 0.000000 0.000000 0.000000 0.000000 0.000000
 0.000000 0.378684 0.000000 0.000000 0.000000 0.000000 0.388332 0.000000 0.232777 0.000000 0.000000 0.000000 0.000000 0.000000 0.000000 0.000000 0.000207 0.000000 0.000000 0.000000
 0.000000 0.000010 0.000000 0.000000 0.000000 0.000000 0.384238 0.230773 0.000000 0.000000 0.000000 0.000000 0.000000 0.000000 0.000000 0.000000 0.384979 0.000000 0.000000 0.000000
 0.000000 0.000000 0.000000 0.000000 0.000000 0.500000 0.000000 0.000000 0.000000 0.000000 0.000000 0.500000 0.000000 0.000000 0.000000 0.000000 0.000000 0.000000 0.000000 0.000000
 0.000000 0.000000 0.000000 0.000000 0.000000 0.000000 0.000000 0.000000 0.000000 0.000000 0.000000 0.000000 0.000000 0.499877 0.000000 0.000000 0.499878 0.000000 0.000000 0.000246
 0.000000 0.000000 0.000000 0.000000 0.000000 0.000000 0.000000 0.000000 0.000000 0.500000 0.000000 0.000000 0.000000 0.000000 0.000000 0.000000 0.000000 0.000000 0.500000 0.000000
 0.000000 0.000000 0.000000 0.000000 0.151309 0.000000 0.000000 0.000000 0.000000 0.000000 0.000000 0.000000 0.000000 0.000000 0.240192 0.235997 0.000000 0.274780 0.000000 0.097722
 0.000000 0.000000 0.499999 0.000000 0.000000 0.000000 0.000000 0.000000 0.000000 0.000000 0.499998 0.000000 0.000000 0.000000 0.000003 0.000000 0.000000 0.000000 0.000000 0.000000
 0.000000 0.000000 0.003088 0.000001 0.253507 0.000000 0.000000 0.000000 0.000000 0.000000 0.000000 0.000000 0.258786 0.000001 0.000000 0.181062 0.000000 0.007505 0.000000 0.296051
 0.288620 0.000000 0.000000 0.000000 0.000000 0.000000 0.000000 0.000000 0.000000 0.000000 0.000000 0.000000 0.248440 0.000000 0.176913 0.000000 0.000000 0.039404 0.000000 0.246623
 0.000000 0.000000 0.000000 0.000000 0.000000 0.000000 0.000000 0.000266 0.499860 0.000000 0.499873 0.000000 0.000000 0.000000 0.000000 0.000000 0.000000 0.000000 0.000000 0.000000
 0.018674 0.000000 0.000000 0.290413 0.305271 0.000000 0.000000 0.000000 0.000000 0.000000 0.000000 0.000000 0.331451 0.000000 0.008402 0.045150 0.000000 0.000000 0.000000 0.000639
 0.000000 0.500000 0.000000 0.000000 0.000000 0.000000 0.000000 0.000000 0.000000 0.000000 0.000000 0.500000 0.000000 0.000000 0.000000 0.000000 0.000000 0.000000 0.000000 0.000000
 0.000001 0.000000 0.177777 0.000002 0.234757 0.000000 0.000000 0.000000 0.000000 0.000000 0.000131 0.000000 0.094509 0.000000 0.265744 0.226568 0.000000 0.000512 0.000000 0.000000
the mean of prob-rank is 1.631578947368421
the number of false negetive edges is 0
the number of probability greater than 0 is 4.1/edge
