20
 0.000000 0.000000 0.000000 0.337044 0.000001 0.000000 0.000000 0.335830 0.000000 0.000000 0.312431 0.000000 0.000000 0.013732 0.000275 0.000000 0.000000 0.000000 0.000687 0.000000
 0.000000 0.000000 0.000000 0.000000 0.499999 0.000000 0.000000 0.000000 0.000000 0.000000 0.000000 0.000000 0.000000 0.000000 0.000000 0.000000 0.500001 0.000000 0.000000 0.000000
 0.000000 0.000000 0.000000 0.000000 0.000000 0.000037 0.000806 0.000000 0.000000 0.496250 0.000000 0.006638 0.000000 0.000000 0.000000 0.000000 0.000000 0.000000 0.000000 0.496269
 0.430445 0.000000 0.000000 0.000000 0.000000 0.000000 0.000000 0.356774 0.000000 0.000000 0.212782 0.000000 0.000000 0.000000 0.000000 0.000000 0.000000 0.000000 0.000000 0.000000
 0.000001 0.499998 0.000000 0.000000 0.000000 0.000000 0.000000 0.500001 0.000000 0.000000 0.000000 0.000000 0.000000 0.000000 0.000000 0.000000 0.000000 0.000000 0.000000 0.000000
 0.000000 0.000000 0.000037 0.000000 0.000000 0.000000 0.000000 0.000000 0.000000 0.004169 0.000040 0.498056 0.000000 0.000002 0.497696 0.000000 0.000000 0.000000 0.000000 0.000000
 0.000000 0.000000 0.000812 0.000000 0.000000 0.000000 0.000000 0.000000 0.000000 0.499595 0.000000 0.000000 0.000000 0.000000 0.000000 0.000000 0.000000 0.000000 0.499593 0.000000
 0.352676 0.000000 0.000000 0.293372 0.353951 0.000000 0.000000 0.000000 0.000000 0.000000 0.000000 0.000000 0.000000 0.000000 0.000000 0.000000 0.000000 0.000000 0.000000 0.000000
 0.000000 0.000000 0.000000 0.000000 0.000000 0.000000 0.000000 0.000000 0.000000 0.000000 0.102299 0.000000 0.448856 0.000000 0.000000 0.448845 0.000000 0.000000 0.000000 0.000000
 0.000000 0.000000 0.497889 0.000000 0.000000 0.004168 0.497909 0.000000 0.000000 0.000000 0.000000 0.000005 0.000000 0.000000 0.000015 0.000000 0.000000 0.000000 0.000015 0.000000
 0.305601 0.000000 0.000000 0.162969 0.000000 0.000026 0.000000 0.000000 0.075136 0.000000 0.000000 0.000000 0.000000 0.000000 0.126590 0.329677 0.000000 0.000000 0.000000 0.000000
 0.000000 0.000000 0.006643 0.000000 0.000000 0.496673 0.000000 0.000000 0.000000 0.000005 0.000000 0.000000 0.496674 0.000000 0.000005 0.000000 0.000000 0.000000 0.000000 0.000000
 0.000000 0.000000 0.000000 0.000000 0.000000 0.000000 0.000000 0.000000 0.499999 0.000000 0.000000 0.499999 0.000000 0.000000 0.000000 0.000003 0.000000 0.000000 0.000000 0.000000
 0.019970 0.000000 0.000000 0.000000 0.000000 0.000002 0.000000 0.000000 0.000000 0.000000 0.000000 0.000000 0.000000 0.000000 0.489890 0.000000 0.000000 0.000000 0.490137 0.000000
 0.000340 0.000000 0.000000 0.000000 0.000000 0.416821 0.000000 0.000000 0.000000 0.000013 0.160168 0.000004 0.000000 0.416909 0.000000 0.000000 0.000000 0.000000 0.005745 0.000000
 0.000000 0.000000 0.000000 0.000000 0.000000 0.000000 0.000000 0.000000 0.499992 0.000000 0.500005 0.000000 0.000003 0.000000 0.000000 0.000000 0.000000 0.000000 0.000000 0.000000
 0.000000 0.500000 0.000000 0.000000 0.000000 0.000000 0.000000 0.000000 0.000000 0.000000 0.000000 0.000000 0.000000 0.000000 0.000000 0.000000 0.000000 0.500000 0.000000 0.000000
 0.000000 0.000000 0.000000 0.000000 0.000000 0.000000 0.000000 0.000000 0.000000 0.000000 0.000000 0.000000 0.000000 0.000000 0.000000 0.000000 0.500000 0.000000 0.000000 0.500000
 0.001011 0.000000 0.000000 0.000000 0.000000 0.000000 0.496072 0.000000 0.000000 0.000015 0.000000 0.000000 0.000000 0.496069 0.006833 0.000000 0.000000 0.000000 0.000000 0.000000
 0.000000 0.000000 0.500000 0.000000 0.000000 0.000000 0.000000 0.000000 0.000000 0.000000 0.000000 0.000000 0.000000 0.000000 0.000000 0.000000 0.000000 0.500000 0.000000 0.000000
the mean of prob-rank is 1.5789473684210527
the number of false negetive edges is 0
the number of probability greater than 0 is 3.95/edge
