20
 0.000000 0.000000 0.000000 0.000000 0.000000 0.000000 0.000000 0.000000 0.000000 0.000000 0.000000 0.000000 0.000000 0.000000 0.000000 0.499999 0.000000 0.000000 0.000000 0.500001
 0.000000 0.000000 0.000000 0.000000 0.000000 0.000000 0.000000 0.000000 0.500000 0.500000 0.000000 0.000000 0.000000 0.000000 0.000000 0.000000 0.000000 0.000000 0.000000 0.000000
 0.000000 0.000000 0.000000 0.178939 0.346500 0.000000 0.000000 0.000000 0.000000 0.000000 0.000000 0.313010 0.000000 0.000001 0.000000 0.000000 0.000000 0.000000 0.161551 0.000000
 0.000000 0.000000 0.130846 0.000000 0.253319 0.000000 0.152948 0.000000 0.000000 0.000000 0.000000 0.000000 0.000000 0.221660 0.000000 0.000000 0.000000 0.000000 0.241227 0.000000
 0.000000 0.000000 0.420766 0.420678 0.000000 0.000000 0.155729 0.000000 0.000000 0.000000 0.000000 0.000000 0.000000 0.000000 0.000000 0.000000 0.000000 0.000000 0.002826 0.000000
 0.000000 0.000000 0.000000 0.000000 0.000000 0.000000 0.000000 0.000000 0.000000 0.500000 0.000000 0.000000 0.000000 0.000000 0.000000 0.000000 0.500000 0.000000 0.000000 0.000000
 0.000000 0.000000 0.000000 0.199620 0.122391 0.000000 0.000000 0.000000 0.000000 0.000000 0.000000 0.000000 0.331791 0.328615 0.017583 0.000000 0.000000 0.000000 0.000000 0.000000
 0.000000 0.000000 0.000000 0.000000 0.000000 0.000000 0.000000 0.000000 0.000000 0.000000 0.500000 0.000000 0.500000 0.000000 0.000000 0.000000 0.000000 0.000000 0.000000 0.000000
 0.000000 0.500000 0.000000 0.000000 0.000000 0.000000 0.000000 0.000000 0.000000 0.000000 0.000000 0.000000 0.000000 0.000000 0.000000 0.000000 0.000000 0.500000 0.000000 0.000000
 0.000000 0.500000 0.000000 0.000000 0.000000 0.500000 0.000000 0.000000 0.000000 0.000000 0.000000 0.000000 0.000000 0.000000 0.000000 0.000000 0.000000 0.000000 0.000000 0.000000
 0.000000 0.000000 0.000000 0.000000 0.000000 0.000000 0.000000 0.500022 0.000000 0.000000 0.000000 0.000000 0.000000 0.000000 0.499978 0.000000 0.000000 0.000000 0.000000 0.000000
 0.000000 0.000000 0.424700 0.000000 0.000000 0.000000 0.000000 0.000000 0.000000 0.000000 0.000000 0.000000 0.000000 0.000000 0.000000 0.000000 0.471811 0.000000 0.103489 0.000000
 0.000000 0.000000 0.000000 0.000000 0.000000 0.000000 0.495537 0.495647 0.000000 0.000000 0.000000 0.000000 0.000000 0.000000 0.008816 0.000000 0.000000 0.000000 0.000000 0.000000
 0.000000 0.000000 0.000001 0.304597 0.000000 0.000000 0.345990 0.000000 0.000000 0.000000 0.000000 0.000000 0.000000 0.000000 0.000000 0.000000 0.000000 0.000000 0.349412 0.000000
 0.000000 0.000000 0.000000 0.000000 0.000000 0.000000 0.025587 0.000000 0.000000 0.000000 0.482899 0.000000 0.008590 0.000000 0.000000 0.482924 0.000000 0.000000 0.000000 0.000000
 0.500008 0.000000 0.000000 0.000000 0.000000 0.000000 0.000000 0.000000 0.000000 0.000000 0.000000 0.000000 0.000000 0.000000 0.499992 0.000000 0.000000 0.000000 0.000000 0.000000
 0.000000 0.000000 0.000000 0.000000 0.000000 0.500001 0.000000 0.000000 0.000000 0.000000 0.000000 0.499999 0.000000 0.000000 0.000000 0.000000 0.000000 0.000000 0.000000 0.000000
 0.000000 0.000000 0.000000 0.000000 0.000000 0.000000 0.000000 0.000000 0.500000 0.000000 0.000000 0.000000 0.000000 0.000000 0.000000 0.000000 0.000000 0.000000 0.000000 0.500000
 0.000000 0.000000 0.176025 0.359446 0.002536 0.000000 0.000000 0.000000 0.000000 0.000000 0.000000 0.083106 0.000000 0.378887 0.000000 0.000000 0.000000 0.000000 0.000000 0.000000
 0.500000 0.000000 0.000000 0.000000 0.000000 0.000000 0.000000 0.000000 0.000000 0.000000 0.000000 0.000000 0.000000 0.000000 0.000000 0.000000 0.000000 0.500000 0.000000 0.000000
the mean of prob-rank is 1.631578947368421
the number of false negetive edges is 0
the number of probability greater than 0 is 2.9/edge
