20
 0.000000 0.000000 0.000000 0.000000 0.000000 0.000000 0.000000 0.000000 0.499998 0.000000 0.000000 0.000000 0.000000 0.000000 0.000000 0.500002 0.000000 0.000000 0.000000 0.000000
 0.000000 0.000000 0.050568 0.000003 0.000000 0.000000 0.000000 0.000000 0.000000 0.000000 0.000000 0.000000 0.000000 0.000000 0.000000 0.273766 0.000000 0.338105 0.337559 0.000000
 0.000000 0.059603 0.000000 0.004669 0.000000 0.000000 0.000000 0.000000 0.122201 0.000000 0.000000 0.000000 0.000000 0.386701 0.000003 0.000000 0.000000 0.406513 0.020309 0.000000
 0.000000 0.000004 0.005383 0.000000 0.000000 0.468664 0.000000 0.000000 0.000000 0.000000 0.000000 0.000000 0.000000 0.000001 0.468052 0.000000 0.000000 0.000000 0.033599 0.024296
 0.000000 0.000000 0.000000 0.000000 0.000000 0.000000 0.007792 0.033719 0.000000 0.000000 0.000022 0.000000 0.479181 0.000000 0.000000 0.000000 0.479286 0.000000 0.000000 0.000000
 0.000000 0.000000 0.000000 0.436696 0.000000 0.000000 0.020018 0.000000 0.000000 0.000000 0.436660 0.000000 0.000000 0.000000 0.000000 0.000000 0.000000 0.000000 0.000000 0.106626
 0.000000 0.000000 0.000000 0.000000 0.007578 0.021375 0.000000 0.464068 0.000000 0.000000 0.000124 0.003593 0.042442 0.000000 0.000000 0.000000 0.000000 0.000000 0.000000 0.460820
 0.000000 0.000000 0.000000 0.000000 0.034084 0.000000 0.482320 0.000000 0.000000 0.000000 0.000000 0.000000 0.483594 0.000000 0.000000 0.000000 0.000002 0.000000 0.000000 0.000000
 0.357250 0.000000 0.107378 0.000000 0.000000 0.000000 0.000000 0.000000 0.000000 0.000000 0.000000 0.000000 0.000000 0.215053 0.000000 0.000000 0.000000 0.320320 0.000000 0.000000
 0.000000 0.000000 0.000000 0.000000 0.000000 0.000000 0.000000 0.000000 0.000000 0.000000 0.000000 0.000000 0.000000 0.499997 0.500003 0.000000 0.000000 0.000000 0.000000 0.000000
 0.000000 0.000000 0.000000 0.000000 0.000023 0.480049 0.000128 0.000000 0.000000 0.000000 0.000000 0.000000 0.000000 0.000000 0.039907 0.000000 0.479894 0.000000 0.000000 0.000000
 0.000000 0.000000 0.000000 0.000000 0.000000 0.000000 0.003838 0.000000 0.000000 0.000000 0.000000 0.000000 0.000000 0.000000 0.000000 0.000000 0.000000 0.000000 0.498082 0.498081
 0.000000 0.000000 0.000000 0.000000 0.478552 0.000000 0.043582 0.477793 0.000000 0.000000 0.000000 0.000000 0.000000 0.000000 0.000000 0.000000 0.000074 0.000000 0.000000 0.000000
 0.000000 0.000000 0.372470 0.000001 0.000000 0.000000 0.000000 0.000000 0.235733 0.391595 0.000000 0.000000 0.000000 0.000000 0.000201 0.000000 0.000000 0.000000 0.000000 0.000000
 0.000000 0.000000 0.000004 0.479564 0.000000 0.000000 0.000000 0.000000 0.000000 0.480264 0.039915 0.000000 0.000000 0.000247 0.000000 0.000000 0.000006 0.000000 0.000000 0.000000
 0.284545 0.225834 0.000000 0.000000 0.000000 0.000000 0.000000 0.000000 0.000000 0.000000 0.000000 0.000000 0.000000 0.000000 0.000000 0.000000 0.000000 0.244756 0.244864 0.000000
 0.000000 0.000000 0.000000 0.000000 0.499971 0.000000 0.000000 0.000002 0.000000 0.000000 0.499944 0.000000 0.000077 0.000000 0.000007 0.000000 0.000000 0.000000 0.000000 0.000000
 0.000000 0.262298 0.267563 0.000000 0.000000 0.000000 0.000000 0.000000 0.239935 0.000000 0.000000 0.000000 0.000000 0.000000 0.000000 0.230180 0.000000 0.000000 0.000025 0.000000
 0.000000 0.330510 0.016870 0.024209 0.000000 0.000000 0.000000 0.000000 0.000000 0.000000 0.000000 0.337734 0.000000 0.000000 0.000000 0.290636 0.000000 0.000031 0.000000 0.000009
 0.000000 0.000000 0.000000 0.022693 0.000000 0.106881 0.432598 0.000000 0.000000 0.000000 0.000000 0.437816 0.000000 0.000000 0.000000 0.000000 0.000000 0.000000 0.000012 0.000000
the mean of prob-rank is 1.8421052631578947
the number of false negetive edges is 0
the number of probability greater than 0 is 4.7/edge
