20
 0.000000 0.250509 0.000000 0.000000 0.000000 0.000000 0.000000 0.001871 0.000000 0.294690 0.000000 0.000000 0.000000 0.000000 0.312656 0.000000 0.000000 0.140275 0.000000 0.000000
 0.288836 0.000000 0.000000 0.000000 0.000000 0.000000 0.348949 0.000000 0.000000 0.362214 0.000000 0.000000 0.000000 0.000000 0.000000 0.000000 0.000000 0.000000 0.000000 0.000000
 0.000000 0.000000 0.000000 0.000000 0.000000 0.092278 0.272072 0.198575 0.000000 0.000000 0.162615 0.000000 0.000000 0.000000 0.000000 0.000000 0.274461 0.000000 0.000000 0.000000
 0.000000 0.000000 0.000000 0.000000 0.000000 0.000000 0.000000 0.268708 0.000000 0.000000 0.007169 0.000000 0.000000 0.098102 0.000000 0.303839 0.000000 0.000000 0.000013 0.322170
 0.000000 0.000000 0.000000 0.000000 0.000000 0.000000 0.000000 0.000000 0.000001 0.000000 0.000000 0.000000 0.000000 0.000000 0.017636 0.000000 0.000000 0.490711 0.491651 0.000000
 0.000000 0.000000 0.141575 0.000000 0.000000 0.000000 0.000000 0.000000 0.000000 0.000000 0.000000 0.429819 0.000000 0.000000 0.000000 0.000000 0.428605 0.000000 0.000000 0.000000
 0.000000 0.280817 0.283083 0.000000 0.000000 0.000000 0.000000 0.165835 0.000000 0.270265 0.000000 0.000000 0.000000 0.000000 0.000000 0.000000 0.000000 0.000000 0.000000 0.000000
 0.001791 0.000000 0.213214 0.250887 0.000000 0.000000 0.171135 0.000000 0.000000 0.000797 0.300806 0.000000 0.000010 0.000000 0.048454 0.000000 0.000523 0.000000 0.000021 0.012362
 0.000000 0.000000 0.000000 0.000000 0.000001 0.000000 0.000000 0.000000 0.000000 0.000000 0.000000 0.000000 0.000000 0.499969 0.000000 0.000000 0.000000 0.000000 0.499965 0.000065
 0.327090 0.348689 0.000000 0.000000 0.000000 0.000000 0.323297 0.000924 0.000000 0.000000 0.000000 0.000000 0.000000 0.000000 0.000000 0.000000 0.000000 0.000000 0.000000 0.000000
 0.000000 0.000000 0.160188 0.006141 0.000000 0.000000 0.000000 0.275972 0.000000 0.000000 0.000000 0.000000 0.212506 0.000000 0.000000 0.101301 0.241397 0.000000 0.000000 0.002494
 0.000000 0.000000 0.000000 0.000000 0.000000 0.369751 0.000000 0.000000 0.000000 0.000000 0.000000 0.000000 0.357857 0.000000 0.000000 0.272392 0.000000 0.000000 0.000000 0.000000
 0.000000 0.000000 0.000000 0.000000 0.000000 0.000000 0.000000 0.000012 0.000000 0.000000 0.281276 0.353534 0.000000 0.000000 0.000000 0.365178 0.000000 0.000000 0.000000 0.000000
 0.000000 0.000000 0.000000 0.132797 0.000000 0.000000 0.000000 0.000000 0.436120 0.000000 0.000000 0.000000 0.000000 0.000000 0.000000 0.000000 0.000000 0.000000 0.000002 0.431081
 0.453992 0.000000 0.000000 0.000000 0.016363 0.000000 0.000000 0.073478 0.000000 0.000000 0.000001 0.000000 0.000000 0.000000 0.000000 0.000000 0.000000 0.456158 0.000008 0.000000
 0.000000 0.000000 0.000000 0.309558 0.000000 0.000000 0.000000 0.000000 0.000000 0.000000 0.120486 0.241812 0.328145 0.000000 0.000000 0.000000 0.000000 0.000000 0.000000 0.000000
 0.000000 0.000000 0.343349 0.000000 0.000000 0.349481 0.000000 0.000609 0.000000 0.000000 0.306561 0.000000 0.000000 0.000000 0.000000 0.000000 0.000000 0.000000 0.000000 0.000000
 0.182656 0.000000 0.000000 0.000000 0.408282 0.000000 0.000000 0.000000 0.000000 0.000000 0.000000 0.000000 0.000000 0.000000 0.409062 0.000000 0.000000 0.000000 0.000000 0.000000
 0.000000 0.000000 0.000000 0.000019 0.485429 0.000000 0.000000 0.000033 0.485426 0.000000 0.000000 0.000000 0.000000 0.000002 0.000009 0.000000 0.000000 0.000000 0.000000 0.029082
 0.000000 0.000000 0.000000 0.476499 0.000000 0.000000 0.000000 0.019583 0.000062 0.000000 0.004306 0.000000 0.000000 0.471002 0.000000 0.000000 0.000000 0.000000 0.028548 0.000000
the mean of prob-rank is 1.736842105263158
the number of false negetive edges is 0
the number of probability greater than 0 is 4.7/edge
