20
 0.000000 0.000000 0.000000 0.000000 0.000000 0.000000 0.000000 0.499998 0.000000 0.000000 0.000000 0.000000 0.000000 0.000000 0.000000 0.000000 0.000000 0.000000 0.000000 0.500002
 0.000000 0.000000 0.497990 0.000000 0.000868 0.000000 0.000000 0.000000 0.000000 0.000000 0.000000 0.000000 0.000000 0.000000 0.000000 0.000000 0.497720 0.003423 0.000000 0.000000
 0.000000 0.499974 0.000000 0.000000 0.000000 0.000000 0.000000 0.000000 0.000000 0.000000 0.000000 0.000000 0.000000 0.000000 0.000000 0.000000 0.000049 0.000000 0.000000 0.499977
 0.000000 0.000000 0.000000 0.000000 0.000000 0.000000 0.000000 0.000000 0.000000 0.000000 0.499988 0.000000 0.000023 0.000000 0.499988 0.000000 0.000000 0.000000 0.000000 0.000000
 0.000000 0.000699 0.000000 0.000000 0.000000 0.000000 0.000000 0.000000 0.000000 0.000000 0.000000 0.206613 0.000000 0.391478 0.000000 0.000000 0.000000 0.401209 0.000000 0.000000
 0.000000 0.000000 0.000000 0.000000 0.000000 0.000000 0.000000 0.000000 0.000000 0.000000 0.000000 0.385403 0.000000 0.224493 0.000000 0.390104 0.000000 0.000000 0.000000 0.000000
 0.000000 0.000000 0.000000 0.000000 0.000000 0.000000 0.000000 0.000000 0.500010 0.000000 0.000000 0.000000 0.000000 0.000000 0.000000 0.000000 0.000029 0.499961 0.000000 0.000000
 0.352785 0.000000 0.000000 0.000000 0.000000 0.000000 0.000000 0.000000 0.000000 0.000000 0.000000 0.000000 0.325733 0.000000 0.000000 0.000000 0.000000 0.000000 0.321482 0.000000
 0.000000 0.000000 0.000000 0.000000 0.000000 0.000000 0.499230 0.000000 0.000000 0.000000 0.000000 0.000000 0.000000 0.000000 0.000000 0.000000 0.499227 0.001544 0.000000 0.000000
 0.000000 0.000000 0.000000 0.000000 0.000000 0.000000 0.000000 0.000000 0.000000 0.000000 0.500000 0.000000 0.000000 0.000000 0.000000 0.500000 0.000000 0.000000 0.000000 0.000000
 0.000000 0.000000 0.000000 0.500000 0.000000 0.000000 0.000000 0.000000 0.000000 0.500000 0.000000 0.000000 0.000000 0.000000 0.000000 0.000000 0.000000 0.000000 0.000000 0.000000
 0.000000 0.000000 0.000000 0.000000 0.205736 0.394725 0.000000 0.000000 0.000000 0.000000 0.000000 0.000000 0.000000 0.399539 0.000000 0.000000 0.000000 0.000000 0.000000 0.000000
 0.000000 0.000000 0.000000 0.000016 0.000000 0.000000 0.000000 0.325667 0.000000 0.000000 0.000000 0.000000 0.000000 0.000000 0.321601 0.000000 0.000000 0.000000 0.352716 0.000000
 0.000000 0.000000 0.000000 0.000000 0.382444 0.225574 0.000000 0.000000 0.000000 0.000000 0.000000 0.391982 0.000000 0.000000 0.000000 0.000000 0.000000 0.000000 0.000000 0.000000
 0.000000 0.000000 0.000000 0.353895 0.000000 0.000000 0.000000 0.000000 0.000000 0.000000 0.000000 0.000000 0.322676 0.000000 0.000000 0.000000 0.000000 0.000000 0.323428 0.000000
 0.000000 0.000000 0.000000 0.000000 0.000000 0.500000 0.000000 0.000000 0.000000 0.500000 0.000000 0.000000 0.000000 0.000000 0.000000 0.000000 0.000000 0.000000 0.000000 0.000000
 0.000000 0.499826 0.000049 0.000000 0.000000 0.000000 0.000029 0.000000 0.500097 0.000000 0.000000 0.000000 0.000000 0.000000 0.000000 0.000000 0.000000 0.000000 0.000000 0.000000
 0.000000 0.003420 0.000000 0.000000 0.497525 0.000000 0.497516 0.000000 0.001538 0.000000 0.000000 0.000000 0.000000 0.000000 0.000000 0.000000 0.000000 0.000000 0.000000 0.000000
 0.000000 0.000000 0.000000 0.000000 0.000000 0.000000 0.000000 0.322551 0.000000 0.000000 0.000000 0.000000 0.353961 0.000000 0.323488 0.000000 0.000000 0.000000 0.000000 0.000000
 0.500000 0.000000 0.500000 0.000000 0.000000 0.000000 0.000000 0.000000 0.000000 0.000000 0.000000 0.000000 0.000000 0.000000 0.000000 0.000000 0.000000 0.000000 0.000000 0.000000
the mean of prob-rank is 1.631578947368421
the number of false negetive edges is 0
the number of probability greater than 0 is 3.0/edge
