20
 0.000000 0.000000 0.000000 0.000000 0.000000 0.499966 0.000000 0.000000 0.000000 0.000000 0.000001 0.499964 0.000000 0.000000 0.000000 0.000000 0.000000 0.000070 0.000000 0.000000
 0.000000 0.000000 0.000000 0.000000 0.000000 0.000000 0.000000 0.000000 0.000000 0.000000 0.000000 0.500001 0.499999 0.000000 0.000000 0.000000 0.000000 0.000000 0.000000 0.000000
 0.000000 0.000000 0.000000 0.000000 0.296015 0.000000 0.340805 0.000000 0.000000 0.000000 0.000000 0.000000 0.000000 0.000000 0.000000 0.000000 0.000000 0.000000 0.363180 0.000000
 0.000000 0.000000 0.000000 0.000000 0.000000 0.000000 0.000000 0.000000 0.000000 0.499816 0.500182 0.000000 0.000000 0.000000 0.000002 0.000000 0.000000 0.000000 0.000000 0.000000
 0.000000 0.000000 0.292254 0.000000 0.000000 0.000000 0.000000 0.000000 0.000000 0.000000 0.000000 0.000000 0.000000 0.000000 0.000000 0.358566 0.000000 0.000000 0.349181 0.000000
 0.500000 0.000000 0.000000 0.000000 0.000000 0.000000 0.000000 0.000000 0.000000 0.000000 0.000000 0.000001 0.000000 0.000000 0.000000 0.000000 0.000000 0.000000 0.000000 0.500000
 0.000000 0.000000 0.361457 0.000000 0.000000 0.000000 0.000000 0.000000 0.000000 0.000000 0.000000 0.000000 0.000000 0.385189 0.000000 0.000000 0.000000 0.000000 0.253353 0.000000
 0.000000 0.000000 0.000000 0.000000 0.000000 0.000000 0.000000 0.000000 0.000000 0.000000 0.000000 0.000000 0.500020 0.000000 0.000000 0.499980 0.000000 0.000000 0.000000 0.000000
 0.000000 0.000000 0.000000 0.000000 0.000000 0.000000 0.000000 0.000000 0.000000 0.244233 0.000000 0.000000 0.000000 0.000000 0.381191 0.000000 0.374576 0.000000 0.000000 0.000000
 0.000000 0.000000 0.000000 0.301448 0.000000 0.000000 0.000000 0.000000 0.193006 0.000000 0.000000 0.000000 0.000000 0.062646 0.259536 0.000000 0.183363 0.000000 0.000000 0.000000
 0.000001 0.000000 0.000000 0.500023 0.000000 0.000000 0.000000 0.000000 0.000000 0.000000 0.000000 0.000000 0.000000 0.000000 0.000001 0.000000 0.000000 0.499971 0.000000 0.000004
 0.499999 0.500001 0.000000 0.000000 0.000000 0.000001 0.000000 0.000000 0.000000 0.000000 0.000000 0.000000 0.000000 0.000000 0.000000 0.000000 0.000000 0.000000 0.000000 0.000000
 0.000000 0.499999 0.000000 0.000000 0.000000 0.000000 0.000000 0.500001 0.000000 0.000000 0.000000 0.000000 0.000000 0.000000 0.000000 0.000000 0.000000 0.000000 0.000000 0.000000
 0.000000 0.000000 0.000000 0.000000 0.000000 0.000000 0.468306 0.000000 0.000000 0.097251 0.000000 0.000000 0.000000 0.000000 0.000000 0.000000 0.434443 0.000000 0.000000 0.000000
 0.000000 0.000000 0.000000 0.000001 0.000000 0.000000 0.000000 0.000000 0.394963 0.340286 0.000001 0.000000 0.000000 0.000000 0.000000 0.000000 0.264749 0.000000 0.000000 0.000000
 0.000000 0.000000 0.000000 0.000000 0.500020 0.000000 0.000000 0.499980 0.000000 0.000000 0.000000 0.000000 0.000000 0.000000 0.000000 0.000000 0.000000 0.000000 0.000000 0.000000
 0.000000 0.000000 0.000000 0.000000 0.000000 0.000000 0.000000 0.000000 0.307974 0.190774 0.000000 0.000000 0.000000 0.291166 0.210085 0.000000 0.000000 0.000000 0.000000 0.000000
 0.000070 0.000000 0.000000 0.000000 0.000000 0.000000 0.000000 0.000000 0.000000 0.000000 0.499939 0.000000 0.000000 0.000000 0.000000 0.000000 0.000000 0.000000 0.000000 0.499991
 0.000000 0.000000 0.380002 0.000000 0.370056 0.000000 0.249942 0.000000 0.000000 0.000000 0.000000 0.000000 0.000000 0.000000 0.000000 0.000000 0.000000 0.000000 0.000000 0.000000
 0.000000 0.000000 0.000000 0.000000 0.000000 0.499998 0.000000 0.000000 0.000000 0.000000 0.000004 0.000000 0.000000 0.000000 0.000000 0.000000 0.000000 0.499998 0.000000 0.000000
the mean of prob-rank is 1.4736842105263157
the number of false negetive edges is 0
the number of probability greater than 0 is 2.95/edge
