20
 0.000000 0.000000 0.000000 0.000000 0.000000 0.000000 0.000000 0.000000 0.500001 0.000000 0.000000 0.000000 0.499999 0.000000 0.000000 0.000000 0.000000 0.000000 0.000000 0.000000
 0.000000 0.000000 0.000012 0.000000 0.000000 0.000000 0.009608 0.000000 0.000000 0.187443 0.017252 0.009585 0.000000 0.000000 0.000000 0.000000 0.379912 0.000000 0.396187 0.000000
 0.000000 0.000016 0.000000 0.000002 0.000000 0.000000 0.000000 0.000000 0.000000 0.000000 0.000182 0.499993 0.499749 0.000000 0.000000 0.000000 0.000058 0.000000 0.000000 0.000000
 0.000000 0.000000 0.000001 0.000000 0.000000 0.319224 0.000000 0.000000 0.000000 0.000000 0.000000 0.000000 0.000000 0.000000 0.000000 0.330359 0.000000 0.000000 0.000000 0.350416
 0.000000 0.000000 0.000000 0.000000 0.000000 0.000000 0.000000 0.000000 0.499981 0.000000 0.000000 0.000000 0.000005 0.500014 0.000000 0.000000 0.000000 0.000000 0.000000 0.000000
 0.000000 0.000000 0.000000 0.324739 0.000000 0.000000 0.000000 0.000000 0.000000 0.000000 0.000000 0.000000 0.000000 0.356493 0.000000 0.000000 0.000000 0.000000 0.000000 0.318768
 0.000000 0.011985 0.000000 0.000000 0.000000 0.000000 0.000000 0.000000 0.000000 0.000000 0.000000 0.000000 0.000000 0.000000 0.000133 0.493706 0.000000 0.494175 0.000000 0.000000
 0.000000 0.000000 0.000000 0.000000 0.000000 0.000000 0.000000 0.000000 0.000000 0.500038 0.000094 0.000000 0.000000 0.000000 0.499868 0.000000 0.000000 0.000000 0.000000 0.000000
 0.499737 0.000000 0.000000 0.000000 0.499702 0.000000 0.000000 0.000000 0.000000 0.000000 0.000000 0.000000 0.000000 0.000561 0.000000 0.000000 0.000000 0.000000 0.000000 0.000000
 0.000000 0.193277 0.000000 0.000000 0.000000 0.000000 0.000000 0.408517 0.000000 0.000000 0.000000 0.000000 0.000000 0.000000 0.000000 0.000000 0.000000 0.000000 0.398206 0.000000
 0.000000 0.021276 0.000178 0.000000 0.000000 0.000000 0.000000 0.000092 0.000000 0.000000 0.000000 0.483238 0.001277 0.000000 0.000000 0.000000 0.488597 0.000000 0.005341 0.000000
 0.000000 0.010439 0.431501 0.000000 0.000000 0.000000 0.000000 0.000000 0.000000 0.000000 0.426773 0.000000 0.000005 0.000000 0.000000 0.000000 0.131282 0.000000 0.000000 0.000000
 0.499466 0.000000 0.499217 0.000000 0.000005 0.000000 0.000000 0.000000 0.000000 0.000000 0.001306 0.000006 0.000000 0.000000 0.000000 0.000000 0.000000 0.000000 0.000000 0.000000
 0.000000 0.000000 0.000000 0.000000 0.499719 0.499721 0.000000 0.000000 0.000561 0.000000 0.000000 0.000000 0.000000 0.000000 0.000000 0.000000 0.000000 0.000000 0.000000 0.000000
 0.000000 0.000000 0.000000 0.000000 0.000000 0.000000 0.000135 0.499846 0.000000 0.000000 0.000000 0.000000 0.000000 0.000000 0.000000 0.000000 0.000000 0.500019 0.000000 0.000000
 0.000000 0.000000 0.000000 0.333939 0.000000 0.000000 0.353875 0.000000 0.000000 0.000000 0.000000 0.000000 0.000000 0.000000 0.000000 0.000000 0.000000 0.000015 0.000000 0.312171
 0.000000 0.350348 0.000043 0.000000 0.000000 0.000000 0.000000 0.000000 0.000000 0.000000 0.365357 0.111156 0.000000 0.000000 0.000000 0.000000 0.000000 0.000000 0.173095 0.000000
 0.000000 0.000000 0.000000 0.000000 0.000000 0.000000 0.499972 0.000000 0.000000 0.000000 0.000000 0.000000 0.000000 0.000000 0.500006 0.000021 0.000000 0.000000 0.000000 0.000000
 0.000000 0.406593 0.000000 0.000000 0.000000 0.000000 0.000000 0.000000 0.000000 0.396329 0.004445 0.000000 0.000000 0.000000 0.000000 0.000000 0.192632 0.000000 0.000000 0.000000
 0.000000 0.000000 0.000000 0.360290 0.000000 0.322184 0.000000 0.000000 0.000000 0.000000 0.000000 0.000000 0.000000 0.000000 0.000000 0.317526 0.000000 0.000000 0.000000 0.000000
the mean of prob-rank is 1.4736842105263157
the number of false negetive edges is 0
the number of probability greater than 0 is 4.0/edge
