20
 0.000000 0.000000 0.000000 0.000008 0.000000 0.000000 0.500004 0.499988 0.000000 0.000000 0.000000 0.000000 0.000000 0.000000 0.000000 0.000000 0.000000 0.000000 0.000000 0.000000
 0.000000 0.000000 0.000000 0.499998 0.000000 0.000000 0.000000 0.000000 0.000000 0.000000 0.000000 0.000000 0.000000 0.000000 0.000000 0.000000 0.000000 0.000000 0.000000 0.500002
 0.000000 0.000000 0.000000 0.000000 0.000000 0.000000 0.000000 0.000000 0.000000 0.008323 0.000000 0.453939 0.000000 0.000000 0.083209 0.454498 0.000032 0.000000 0.000000 0.000000
 0.000006 0.387655 0.000000 0.000000 0.000000 0.000000 0.000000 0.232968 0.000000 0.000000 0.000000 0.000000 0.379371 0.000000 0.000000 0.000000 0.000000 0.000000 0.000000 0.000000
 0.000000 0.000000 0.000000 0.000000 0.000000 0.000000 0.000000 0.000000 0.265268 0.354605 0.000000 0.000000 0.000000 0.000000 0.000000 0.000000 0.356411 0.023716 0.000000 0.000000
 0.000000 0.000000 0.000000 0.000000 0.000000 0.000000 0.000000 0.000000 0.000000 0.000000 0.441014 0.000000 0.000000 0.000000 0.000000 0.000000 0.128605 0.000000 0.430381 0.000000
 0.500000 0.000000 0.000000 0.000000 0.000000 0.000000 0.000000 0.000000 0.000000 0.000000 0.000000 0.000000 0.000000 0.500000 0.000000 0.000000 0.000000 0.000000 0.000000 0.000000
 0.385015 0.000000 0.000000 0.231387 0.000000 0.000000 0.000000 0.000000 0.000000 0.000000 0.000000 0.000000 0.383598 0.000000 0.000000 0.000000 0.000000 0.000000 0.000000 0.000000
 0.000000 0.000000 0.000000 0.000000 0.214309 0.000000 0.000000 0.000000 0.000000 0.000535 0.000000 0.000000 0.000000 0.000000 0.000000 0.000000 0.253475 0.290619 0.241063 0.000000
 0.000000 0.000000 0.007731 0.000000 0.416301 0.000000 0.000000 0.000000 0.000778 0.000000 0.000000 0.422149 0.000000 0.000000 0.000000 0.000000 0.000000 0.153041 0.000000 0.000000
 0.000000 0.000000 0.000000 0.000000 0.000000 0.420199 0.000000 0.000000 0.000000 0.000000 0.000000 0.000000 0.165828 0.000000 0.000000 0.000000 0.000000 0.000000 0.000000 0.413973
 0.000000 0.000000 0.372275 0.000000 0.000000 0.000000 0.000000 0.000000 0.000000 0.372706 0.000000 0.000000 0.000000 0.000000 0.000000 0.021034 0.000000 0.233766 0.000219 0.000000
 0.000000 0.000000 0.000000 0.341277 0.000000 0.000000 0.000000 0.347437 0.000000 0.000000 0.137624 0.000000 0.000000 0.000000 0.000000 0.000000 0.000000 0.000000 0.000000 0.173662
 0.000000 0.000000 0.000000 0.000000 0.000000 0.000000 0.499978 0.000000 0.000000 0.000000 0.000000 0.000000 0.000000 0.000000 0.499960 0.000062 0.000000 0.000000 0.000000 0.000000
 0.000000 0.000000 0.083840 0.000000 0.000000 0.000000 0.000000 0.000000 0.000000 0.000000 0.000000 0.000000 0.000000 0.458072 0.000000 0.458088 0.000000 0.000000 0.000000 0.000000
 0.000000 0.000000 0.486176 0.000000 0.000000 0.000000 0.000000 0.000000 0.000000 0.000000 0.000000 0.027435 0.000000 0.000060 0.486328 0.000000 0.000000 0.000000 0.000000 0.000000
 0.000000 0.000000 0.000023 0.000000 0.330701 0.097333 0.000000 0.000000 0.291115 0.000000 0.000000 0.000000 0.000000 0.000000 0.000000 0.000000 0.000000 0.000000 0.280828 0.000000
 0.000000 0.000000 0.000000 0.000000 0.021748 0.000000 0.000000 0.000000 0.329867 0.119541 0.000000 0.206818 0.000000 0.000000 0.000000 0.000000 0.000000 0.000000 0.322026 0.000000
 0.000000 0.000000 0.000000 0.000000 0.000000 0.269319 0.000000 0.000000 0.228913 0.000000 0.000000 0.000162 0.000000 0.000000 0.000000 0.000000 0.232194 0.269412 0.000000 0.000000
 0.000000 0.402712 0.000000 0.000000 0.000000 0.000000 0.000000 0.000000 0.000000 0.000000 0.396745 0.000000 0.200543 0.000000 0.000000 0.000000 0.000000 0.000000 0.000000 0.000000
the mean of prob-rank is 1.4736842105263157
the number of false negetive edges is 0
the number of probability greater than 0 is 3.8/edge
