20
 0.000000 0.000000 0.000000 0.094183 0.000000 0.000000 0.000000 0.000000 0.453899 0.000000 0.000004 0.000000 0.451915 0.000000 0.000000 0.000000 0.000000 0.000000 0.000000 0.000000
 0.000000 0.000000 0.000000 0.000000 0.000000 0.000000 0.000000 0.000000 0.000000 0.000000 0.000000 0.000000 0.000000 0.000000 0.000000 0.000000 0.000000 0.500000 0.500000 0.000000
 0.000000 0.000000 0.000000 0.000000 0.500000 0.000000 0.000000 0.500000 0.000000 0.000000 0.000000 0.000000 0.000000 0.000000 0.000000 0.000000 0.000000 0.000000 0.000000 0.000000
 0.094052 0.000000 0.000000 0.000000 0.000000 0.000000 0.452676 0.000000 0.000000 0.000000 0.000000 0.000000 0.453272 0.000000 0.000000 0.000000 0.000000 0.000000 0.000000 0.000000
 0.000000 0.000000 0.500000 0.000000 0.000000 0.000000 0.000000 0.000000 0.000000 0.000000 0.000000 0.000000 0.000000 0.000000 0.000000 0.000000 0.000000 0.000000 0.000000 0.500000
 0.000000 0.000000 0.000000 0.000000 0.000000 0.000000 0.000000 0.381782 0.000000 0.000000 0.000000 0.000000 0.000000 0.248644 0.000000 0.000000 0.369574 0.000000 0.000000 0.000000
 0.000000 0.000000 0.000000 0.473983 0.000000 0.000000 0.000000 0.000000 0.000000 0.000000 0.000000 0.000000 0.051410 0.000000 0.000000 0.000000 0.000000 0.474607 0.000000 0.000000
 0.000000 0.000000 0.500000 0.000000 0.000000 0.500000 0.000000 0.000000 0.000000 0.000000 0.000000 0.000000 0.000000 0.000000 0.000000 0.000000 0.000000 0.000000 0.000000 0.000000
 0.499176 0.000000 0.000000 0.000000 0.000000 0.000000 0.000000 0.000000 0.000000 0.001661 0.499163 0.000000 0.000000 0.000000 0.000000 0.000000 0.000000 0.000000 0.000000 0.000000
 0.000000 0.000000 0.000000 0.000000 0.000000 0.000000 0.000000 0.000000 0.001661 0.000000 0.499172 0.000000 0.000000 0.000000 0.000000 0.000000 0.000000 0.000000 0.000000 0.499168
 0.000004 0.000000 0.000000 0.000000 0.000000 0.000000 0.000000 0.000000 0.499989 0.500007 0.000000 0.000000 0.000000 0.000000 0.000000 0.000000 0.000000 0.000000 0.000000 0.000000
 0.000000 0.000000 0.000000 0.000000 0.000000 0.000000 0.000000 0.000000 0.000000 0.000000 0.000000 0.000000 0.000000 0.000000 0.499999 0.500001 0.000000 0.000000 0.000000 0.000000
 0.473216 0.000000 0.000000 0.475299 0.000000 0.000000 0.051485 0.000000 0.000000 0.000000 0.000000 0.000000 0.000000 0.000000 0.000000 0.000000 0.000000 0.000000 0.000000 0.000000
 0.000000 0.000000 0.000000 0.000000 0.000000 0.249434 0.000000 0.000000 0.000000 0.000000 0.000000 0.000000 0.000000 0.000000 0.367571 0.000000 0.382995 0.000000 0.000000 0.000000
 0.000000 0.000000 0.000000 0.000000 0.000000 0.000000 0.000000 0.000000 0.000000 0.000000 0.000000 0.364145 0.000000 0.349481 0.000000 0.000000 0.286375 0.000000 0.000000 0.000000
 0.000000 0.000000 0.000000 0.000000 0.000000 0.000000 0.000000 0.000000 0.000000 0.000000 0.000000 0.500000 0.000000 0.000000 0.000000 0.000000 0.000000 0.000000 0.500000 0.000000
 0.000000 0.000000 0.000000 0.000000 0.000000 0.351439 0.000000 0.000000 0.000000 0.000000 0.000000 0.000000 0.000000 0.363049 0.285512 0.000000 0.000000 0.000000 0.000000 0.000000
 0.000000 0.500000 0.000000 0.000000 0.000000 0.000000 0.500000 0.000000 0.000000 0.000000 0.000000 0.000000 0.000000 0.000000 0.000000 0.000000 0.000000 0.000000 0.000001 0.000000
 0.000000 0.500000 0.000000 0.000000 0.000000 0.000000 0.000000 0.000000 0.000000 0.000000 0.000000 0.000000 0.000000 0.000000 0.000000 0.499999 0.000000 0.000001 0.000000 0.000000
 0.000000 0.000000 0.000000 0.000000 0.500002 0.000000 0.000000 0.000000 0.000000 0.499998 0.000000 0.000000 0.000000 0.000000 0.000000 0.000000 0.000000 0.000000 0.000000 0.000000
the mean of prob-rank is 1.736842105263158
the number of false negetive edges is 0
the number of probability greater than 0 is 2.6/edge
