20
 0.000000 0.000000 0.000000 0.000000 0.000000 0.000000 0.000000 0.000000 0.000000 0.000000 0.003690 0.000000 0.498157 0.000000 0.000000 0.498152 0.000000 0.000000 0.000000 0.000000
 0.000000 0.000000 0.000000 0.332776 0.000000 0.000000 0.000000 0.000000 0.280066 0.056459 0.000003 0.000000 0.000000 0.000000 0.000000 0.000000 0.000000 0.013091 0.000000 0.317605
 0.000000 0.000000 0.000000 0.000000 0.000000 0.000000 0.355090 0.273554 0.000000 0.000000 0.000001 0.000000 0.000000 0.000000 0.000000 0.000000 0.000000 0.000000 0.000000 0.371354
 0.000000 0.410267 0.000000 0.000000 0.000000 0.000000 0.000000 0.000000 0.000000 0.409789 0.177069 0.002874 0.000000 0.000000 0.000000 0.000000 0.000000 0.000000 0.000000 0.000001
 0.000000 0.000000 0.000000 0.000000 0.000000 0.498162 0.000000 0.000000 0.000000 0.000000 0.000000 0.000000 0.000000 0.498350 0.003489 0.000000 0.000000 0.000000 0.000000 0.000000
 0.000000 0.000000 0.000000 0.000000 0.487689 0.000000 0.000000 0.000000 0.000000 0.000000 0.000000 0.000000 0.000000 0.000000 0.487876 0.024435 0.000000 0.000000 0.000000 0.000000
 0.000000 0.000000 0.333373 0.000000 0.000000 0.000000 0.000000 0.321614 0.000000 0.000000 0.344206 0.000000 0.000000 0.000000 0.000000 0.000000 0.000000 0.000000 0.000807 0.000000
 0.000000 0.000000 0.240318 0.000000 0.000000 0.000000 0.300944 0.000000 0.000000 0.000000 0.000002 0.000000 0.000000 0.000000 0.000000 0.000000 0.000000 0.000000 0.326041 0.132695
 0.000000 0.299601 0.000000 0.000000 0.000000 0.000000 0.000000 0.000000 0.000000 0.012624 0.000000 0.331773 0.000000 0.000000 0.000000 0.000000 0.000014 0.355987 0.000000 0.000000
 0.000000 0.076460 0.000000 0.450142 0.000000 0.000000 0.000000 0.000000 0.015981 0.000000 0.006751 0.450666 0.000000 0.000000 0.000000 0.000000 0.000000 0.000000 0.000000 0.000000
 0.002525 0.000003 0.000001 0.147120 0.000000 0.000000 0.336438 0.000002 0.000000 0.005106 0.000000 0.326406 0.000000 0.000000 0.000000 0.000000 0.000000 0.000000 0.182398 0.000000
 0.000000 0.000000 0.000000 0.002419 0.000000 0.000000 0.000000 0.000000 0.321757 0.345239 0.330584 0.000000 0.000000 0.000000 0.000000 0.000000 0.000000 0.000000 0.000000 0.000000
 0.500010 0.000000 0.000000 0.000000 0.000000 0.000000 0.000000 0.000000 0.000000 0.000000 0.000000 0.000000 0.000000 0.000000 0.000000 0.000075 0.000000 0.000000 0.499915 0.000000
 0.000000 0.000000 0.000000 0.000000 0.499998 0.000000 0.000000 0.000000 0.000000 0.000000 0.000000 0.000000 0.000000 0.000000 0.000000 0.000000 0.500002 0.000000 0.000000 0.000000
 0.000000 0.000000 0.000000 0.000000 0.003488 0.498308 0.000000 0.000000 0.000000 0.000000 0.000000 0.000000 0.000000 0.000000 0.000000 0.498203 0.000000 0.000000 0.000000 0.000000
 0.487796 0.000000 0.000000 0.000000 0.000000 0.024431 0.000000 0.000000 0.000000 0.000000 0.000000 0.000000 0.000074 0.000000 0.487699 0.000000 0.000000 0.000000 0.000000 0.000000
 0.000000 0.000000 0.000000 0.000000 0.000000 0.000000 0.000000 0.000000 0.000020 0.000000 0.000000 0.000000 0.000000 0.500000 0.000000 0.000000 0.000000 0.499980 0.000000 0.000000
 0.000000 0.019290 0.000000 0.000000 0.000000 0.000000 0.000000 0.000000 0.490364 0.000000 0.000000 0.000000 0.000000 0.000000 0.000000 0.000000 0.490345 0.000000 0.000000 0.000000
 0.000000 0.000000 0.000000 0.000000 0.000000 0.000000 0.000912 0.393920 0.000000 0.000000 0.210970 0.000000 0.394198 0.000000 0.000000 0.000000 0.000000 0.000000 0.000000 0.000000
 0.000000 0.404285 0.423469 0.000001 0.000000 0.000000 0.000000 0.172245 0.000000 0.000000 0.000000 0.000000 0.000000 0.000000 0.000000 0.000000 0.000000 0.000000 0.000000 0.000000
the mean of prob-rank is 1.631578947368421
the number of false negetive edges is 0
the number of probability greater than 0 is 4.0/edge
