20
 0.000000 0.000000 0.075829 0.000000 0.003702 0.000002 0.000000 0.000000 0.000000 0.000000 0.000000 0.459105 0.000000 0.000000 0.000000 0.000000 0.461362 0.000000 0.000000 0.000000
 0.000000 0.000000 0.000000 0.000000 0.000000 0.000000 0.001142 0.000000 0.000000 0.000000 0.000000 0.000000 0.000000 0.000000 0.000000 0.499474 0.000000 0.499132 0.000000 0.000252
 0.073404 0.000000 0.000000 0.000000 0.445373 0.000000 0.000000 0.000000 0.000000 0.000000 0.000000 0.000000 0.000000 0.000000 0.000000 0.000000 0.029406 0.005232 0.000000 0.446585
 0.000000 0.000000 0.000000 0.000000 0.000000 0.204932 0.000000 0.275498 0.237274 0.249009 0.000373 0.000000 0.000007 0.000000 0.032906 0.000001 0.000000 0.000000 0.000000 0.000000
 0.002972 0.000000 0.369301 0.000000 0.000000 0.000000 0.000000 0.257963 0.000000 0.000002 0.000000 0.000000 0.000000 0.000000 0.000000 0.000000 0.369763 0.000000 0.000000 0.000000
 0.000001 0.000000 0.000000 0.191471 0.000000 0.000000 0.000000 0.005230 0.250897 0.194228 0.209985 0.148189 0.000000 0.000000 0.000000 0.000000 0.000000 0.000000 0.000000 0.000000
 0.000000 0.000970 0.000000 0.000000 0.000000 0.000000 0.000000 0.000000 0.000017 0.000000 0.000000 0.000000 0.413161 0.000002 0.050004 0.111799 0.000000 0.000000 0.424047 0.000000
 0.000000 0.000000 0.000000 0.348365 0.242665 0.007079 0.000000 0.000000 0.000000 0.320051 0.081840 0.000000 0.000000 0.000000 0.000000 0.000000 0.000000 0.000000 0.000000 0.000000
 0.000000 0.000000 0.000000 0.301787 0.000000 0.341549 0.000014 0.000000 0.000000 0.008234 0.000000 0.000000 0.000000 0.347001 0.001412 0.000000 0.000000 0.000000 0.000002 0.000000
 0.000000 0.000000 0.000000 0.257048 0.000001 0.214594 0.000000 0.261278 0.006683 0.000000 0.260395 0.000000 0.000000 0.000000 0.000000 0.000000 0.000000 0.000000 0.000000 0.000000
 0.000000 0.000000 0.000000 0.000456 0.000000 0.274945 0.000000 0.079177 0.000000 0.308592 0.000000 0.336830 0.000000 0.000000 0.000000 0.000000 0.000000 0.000000 0.000000 0.000000
 0.387168 0.000000 0.000000 0.000000 0.000000 0.223992 0.000000 0.000000 0.000000 0.000000 0.388840 0.000000 0.000000 0.000000 0.000000 0.000000 0.000000 0.000000 0.000000 0.000000
 0.000000 0.000000 0.000000 0.000009 0.000000 0.000000 0.312648 0.000000 0.000000 0.000000 0.000000 0.000000 0.000000 0.000000 0.315862 0.319717 0.000000 0.000000 0.051766 0.000000
 0.000000 0.000000 0.000000 0.000000 0.000000 0.000000 0.000002 0.000000 0.360167 0.000000 0.000000 0.000000 0.000000 0.000000 0.359629 0.000000 0.000000 0.000000 0.280202 0.000000
 0.000000 0.000000 0.000000 0.037344 0.000000 0.000000 0.036869 0.000000 0.001260 0.000000 0.000000 0.000000 0.307763 0.309158 0.000000 0.000000 0.000000 0.000000 0.307607 0.000000
 0.000000 0.442473 0.000000 0.000002 0.000000 0.000000 0.116659 0.000000 0.000000 0.000000 0.000000 0.000000 0.440866 0.000000 0.000000 0.000000 0.000000 0.000000 0.000000 0.000000
 0.484421 0.000000 0.031896 0.000000 0.483683 0.000000 0.000000 0.000000 0.000000 0.000000 0.000000 0.000000 0.000000 0.000000 0.000000 0.000000 0.000000 0.000000 0.000000 0.000000
 0.000000 0.496914 0.005825 0.000000 0.000000 0.000000 0.000000 0.000000 0.000000 0.000000 0.000000 0.000000 0.000000 0.000000 0.000000 0.000000 0.000000 0.000000 0.000000 0.497260
 0.000000 0.000000 0.000000 0.000000 0.000000 0.000000 0.342984 0.000000 0.000002 0.000000 0.000000 0.000000 0.055330 0.264241 0.337443 0.000000 0.000000 0.000000 0.000000 0.000000
 0.000000 0.000252 0.499861 0.000000 0.000000 0.000000 0.000000 0.000000 0.000000 0.000000 0.000000 0.000000 0.000000 0.000000 0.000000 0.000000 0.000000 0.499887 0.000000 0.000000
the mean of prob-rank is 1.736842105263158
the number of false negetive edges is 0
the number of probability greater than 0 is 4.95/edge
