20
 0.000000 0.000000 0.000000 0.000000 0.000000 0.000000 0.000000 0.000000 0.113475 0.000000 0.000000 0.000000 0.000000 0.000000 0.000000 0.000000 0.434000 0.013647 0.438878 0.000000
 0.000000 0.000000 0.298713 0.000000 0.000000 0.000000 0.000000 0.000000 0.000000 0.000000 0.000000 0.000000 0.000000 0.001149 0.000000 0.349400 0.000005 0.350732 0.000000 0.000000
 0.000000 0.312279 0.000000 0.000000 0.000000 0.000000 0.000000 0.000000 0.000000 0.000000 0.000000 0.000000 0.000000 0.314108 0.000000 0.005773 0.366912 0.000928 0.000000 0.000000
 0.000000 0.000000 0.000000 0.000000 0.000000 0.322252 0.000000 0.292428 0.000000 0.028176 0.000000 0.000000 0.000000 0.000000 0.000000 0.036255 0.000000 0.000002 0.000000 0.320887
 0.000000 0.000000 0.000000 0.000000 0.000000 0.000000 0.500000 0.000000 0.000000 0.000000 0.000000 0.500000 0.000000 0.000000 0.000000 0.000000 0.000000 0.000000 0.000000 0.000000
 0.000000 0.000000 0.000000 0.434419 0.000000 0.000000 0.000000 0.000000 0.000000 0.434425 0.000000 0.000000 0.000000 0.131152 0.000000 0.000003 0.000000 0.000000 0.000000 0.000000
 0.000000 0.000000 0.000000 0.000000 0.499994 0.000000 0.000000 0.000000 0.000000 0.000000 0.000000 0.000000 0.000013 0.000000 0.499993 0.000000 0.000000 0.000000 0.000000 0.000000
 0.000000 0.000000 0.000000 0.284580 0.000000 0.000000 0.000000 0.000000 0.308509 0.001413 0.000000 0.000000 0.000000 0.000000 0.000000 0.001233 0.000000 0.090680 0.000000 0.313584
 0.086154 0.000000 0.000000 0.000000 0.000000 0.000000 0.000000 0.327836 0.000000 0.000000 0.009556 0.000000 0.000000 0.000000 0.000000 0.000000 0.000000 0.333241 0.002223 0.240990
 0.000000 0.000000 0.000000 0.040488 0.000000 0.463069 0.000000 0.002087 0.000000 0.000000 0.000000 0.029113 0.462617 0.000000 0.000000 0.000000 0.000000 0.000000 0.000000 0.002626
 0.000000 0.000000 0.000000 0.000000 0.000000 0.000000 0.000000 0.000001 0.013816 0.000000 0.000000 0.000000 0.007575 0.000000 0.480880 0.000000 0.000000 0.000000 0.481793 0.015935
 0.000000 0.000000 0.000000 0.000000 0.485057 0.000000 0.000000 0.000000 0.000000 0.030495 0.000000 0.000000 0.484448 0.000000 0.000000 0.000000 0.000000 0.000000 0.000000 0.000000
 0.000000 0.000000 0.000000 0.000000 0.000000 0.000000 0.000011 0.000000 0.000000 0.445631 0.007012 0.445506 0.000000 0.000000 0.052231 0.000000 0.000000 0.000000 0.000000 0.049608
 0.000000 0.001169 0.305529 0.000000 0.000000 0.107747 0.000000 0.000000 0.000000 0.000000 0.000000 0.000000 0.000000 0.000000 0.000000 0.356187 0.229368 0.000000 0.000000 0.000000
 0.000000 0.000000 0.000000 0.000000 0.000000 0.000000 0.472797 0.000000 0.000000 0.000000 0.471842 0.000000 0.055361 0.000000 0.000000 0.000000 0.000000 0.000000 0.000000 0.000000
 0.000000 0.421696 0.006664 0.047657 0.000000 0.000003 0.000000 0.001665 0.000000 0.000000 0.000000 0.000000 0.000000 0.422757 0.000000 0.000000 0.000000 0.099557 0.000000 0.000000
 0.375527 0.000006 0.379788 0.000000 0.000000 0.000000 0.000000 0.000000 0.000000 0.000000 0.000000 0.000000 0.000000 0.244084 0.000000 0.000000 0.000000 0.000565 0.000030 0.000000
 0.012152 0.390571 0.000989 0.000002 0.000000 0.000000 0.000000 0.113014 0.390831 0.000000 0.000000 0.000000 0.000000 0.000000 0.000000 0.091859 0.000582 0.000000 0.000000 0.000000
 0.498317 0.000000 0.000000 0.000000 0.000000 0.000000 0.000000 0.000000 0.003325 0.000000 0.498318 0.000000 0.000000 0.000000 0.000000 0.000000 0.000040 0.000000 0.000000 0.000000
 0.000000 0.000000 0.000000 0.347100 0.000000 0.000000 0.000000 0.348555 0.252074 0.001976 0.011528 0.000000 0.038767 0.000000 0.000000 0.000000 0.000000 0.000000 0.000000 0.000000
the mean of prob-rank is 1.4736842105263157
the number of false negetive edges is 0
the number of probability greater than 0 is 5.0/edge
