20
 0.000000 0.000000 0.000000 0.000000 0.000000 0.000000 0.000000 0.499993 0.000000 0.500007 0.000000 0.000000 0.000000 0.000000 0.000000 0.000000 0.000000 0.000000 0.000000 0.000000
 0.000000 0.000000 0.000000 0.000000 0.000000 0.000000 0.000000 0.000000 0.499998 0.000000 0.000000 0.000000 0.000000 0.500002 0.000000 0.000000 0.000000 0.000000 0.000000 0.000000
 0.000000 0.000000 0.000000 0.000000 0.000000 0.000000 0.000000 0.000000 0.000000 0.000000 0.000000 0.190306 0.474166 0.000000 0.000000 0.000000 0.000000 0.000000 0.000000 0.335529
 0.000000 0.000000 0.000000 0.000000 0.000000 0.490960 0.000000 0.000000 0.000000 0.000234 0.000000 0.000000 0.000000 0.000000 0.000000 0.000000 0.000000 0.000000 0.491198 0.017608
 0.000000 0.000000 0.000000 0.000000 0.000000 0.000000 0.136335 0.000000 0.000000 0.000000 0.000000 0.000000 0.000000 0.000000 0.000000 0.432532 0.000000 0.431133 0.000000 0.000000
 0.000000 0.000000 0.000000 0.412941 0.000000 0.000000 0.000000 0.000000 0.000000 0.396421 0.057434 0.000000 0.000000 0.000000 0.000000 0.000000 0.000000 0.000000 0.000000 0.133204
 0.000000 0.000000 0.000000 0.000000 0.106476 0.000000 0.000000 0.000000 0.000000 0.000000 0.000000 0.000000 0.000000 0.000000 0.337804 0.288292 0.000000 0.267428 0.000000 0.000000
 0.499993 0.000000 0.000000 0.000000 0.000000 0.000000 0.000000 0.000000 0.000000 0.000000 0.000000 0.000000 0.000000 0.000000 0.000000 0.000000 0.500007 0.000000 0.000000 0.000000
 0.000000 0.360670 0.000000 0.000000 0.000000 0.000000 0.000000 0.000000 0.000000 0.000000 0.000000 0.000000 0.000000 0.000000 0.000000 0.287160 0.000000 0.352171 0.000000 0.000000
 0.368528 0.000000 0.000000 0.000175 0.000000 0.353613 0.000000 0.000000 0.000000 0.000000 0.000000 0.000000 0.000000 0.000000 0.000000 0.000000 0.000000 0.000000 0.277683 0.000000
 0.000000 0.000000 0.000000 0.000000 0.000000 0.065386 0.000000 0.000000 0.000000 0.000000 0.000000 0.000000 0.470344 0.000000 0.464270 0.000000 0.000000 0.000000 0.000000 0.000000
 0.000000 0.000000 0.170099 0.000000 0.000000 0.000000 0.000000 0.000000 0.000000 0.000000 0.000000 0.000000 0.000000 0.000000 0.000000 0.000000 0.000000 0.052714 0.353525 0.423663
 0.000000 0.000000 0.499994 0.000000 0.000000 0.000000 0.000000 0.000000 0.000000 0.000000 0.500006 0.000000 0.000000 0.000000 0.000000 0.000000 0.000000 0.000000 0.000000 0.000000
 0.000000 0.500000 0.000000 0.000000 0.000000 0.000000 0.000000 0.000000 0.000000 0.000000 0.000000 0.000000 0.000000 0.000000 0.000000 0.000000 0.500000 0.000000 0.000000 0.000000
 0.000000 0.000000 0.000000 0.000000 0.000000 0.000000 0.409263 0.000000 0.000000 0.000000 0.403978 0.000000 0.000000 0.000000 0.000000 0.000000 0.000000 0.186759 0.000000 0.000000
 0.000000 0.000000 0.000000 0.000000 0.372666 0.000000 0.318045 0.000000 0.296709 0.000000 0.000000 0.000000 0.000000 0.000000 0.000000 0.000000 0.000000 0.012580 0.000000 0.000000
 0.000000 0.000000 0.000000 0.000000 0.000000 0.000000 0.000000 0.500000 0.000000 0.000000 0.000000 0.000000 0.000000 0.500000 0.000000 0.000000 0.000000 0.000000 0.000000 0.000000
 0.000000 0.000000 0.000000 0.000000 0.294960 0.000000 0.234268 0.000000 0.288942 0.000000 0.000000 0.036805 0.000000 0.000000 0.135036 0.009989 0.000000 0.000000 0.000000 0.000000
 0.000000 0.000000 0.000000 0.291777 0.000000 0.000000 0.000000 0.000000 0.000000 0.219851 0.000000 0.243379 0.000000 0.000000 0.000000 0.000000 0.000000 0.000000 0.000000 0.244993
 0.000000 0.000000 0.243569 0.012339 0.000000 0.110982 0.000000 0.000000 0.000000 0.000000 0.000000 0.344084 0.000000 0.000000 0.000000 0.000000 0.000000 0.000000 0.289025 0.000000
the mean of prob-rank is 1.631578947368421
the number of false negetive edges is 0
the number of probability greater than 0 is 3.3/edge
