20
 0.000000 0.000000 0.000000 0.000000 0.000000 0.000000 0.000000 0.500000 0.500000 0.000000 0.000000 0.000000 0.000000 0.000000 0.000000 0.000000 0.000000 0.000000 0.000000 0.000000
 0.000000 0.000000 0.054331 0.000000 0.000000 0.000000 0.000000 0.000000 0.000000 0.000990 0.000000 0.000000 0.313157 0.000000 0.286850 0.000000 0.000000 0.000000 0.000000 0.344672
 0.000000 0.043642 0.000000 0.000000 0.000003 0.046447 0.000000 0.000000 0.000000 0.000000 0.165665 0.276861 0.175617 0.000000 0.033356 0.258326 0.000000 0.000000 0.000000 0.000082
 0.000000 0.000000 0.000000 0.000000 0.000000 0.000000 0.500000 0.000000 0.000000 0.000000 0.000000 0.000000 0.000000 0.000000 0.000000 0.000000 0.500000 0.000000 0.000000 0.000000
 0.000000 0.000000 0.000006 0.000000 0.000000 0.499949 0.000000 0.000000 0.000000 0.000000 0.000095 0.000000 0.000000 0.000000 0.000000 0.000000 0.499949 0.000000 0.000000 0.000000
 0.000000 0.000000 0.066668 0.000000 0.397397 0.000000 0.000000 0.000000 0.000000 0.000000 0.384273 0.151662 0.000000 0.000000 0.000000 0.000000 0.000000 0.000000 0.000000 0.000000
 0.000000 0.000000 0.000000 0.499830 0.000000 0.000000 0.000000 0.000000 0.000000 0.000000 0.000000 0.000002 0.000000 0.499793 0.000375 0.000000 0.000000 0.000000 0.000000 0.000000
 0.500000 0.000000 0.000000 0.000000 0.000000 0.000000 0.000000 0.000000 0.000000 0.000000 0.000000 0.000000 0.000000 0.000000 0.000000 0.000000 0.000000 0.500000 0.000000 0.000000
 0.500000 0.000000 0.000000 0.000000 0.000000 0.000000 0.000000 0.000000 0.000000 0.499988 0.000000 0.000000 0.000000 0.000000 0.000013 0.000000 0.000000 0.000000 0.000000 0.000000
 0.000000 0.001119 0.000000 0.000000 0.000000 0.000000 0.000000 0.000000 0.389585 0.000000 0.000000 0.000000 0.000000 0.000000 0.389595 0.000000 0.000000 0.000000 0.000000 0.219701
 0.000000 0.000000 0.230138 0.000000 0.000073 0.371908 0.000000 0.000000 0.000000 0.000000 0.000000 0.000677 0.011628 0.000000 0.000000 0.384609 0.000000 0.000000 0.000000 0.000967
 0.000000 0.000000 0.343497 0.000000 0.000000 0.131092 0.000001 0.000000 0.000000 0.000000 0.000605 0.000000 0.342937 0.000000 0.181867 0.000000 0.000000 0.000000 0.000000 0.000000
 0.000000 0.289429 0.202066 0.000000 0.000000 0.000000 0.000000 0.000000 0.000000 0.000000 0.009631 0.318038 0.000000 0.000000 0.169562 0.000000 0.000000 0.000000 0.000000 0.011275
 0.000000 0.000000 0.000000 0.000000 0.000000 0.000000 0.499938 0.000000 0.000000 0.000000 0.000000 0.000000 0.000000 0.000000 0.000089 0.000000 0.000000 0.000000 0.499973 0.000000
 0.000000 0.221196 0.032022 0.000000 0.000000 0.000000 0.000199 0.000000 0.000007 0.265785 0.000000 0.140722 0.141473 0.000047 0.000000 0.000000 0.000000 0.000000 0.000000 0.198550
 0.000000 0.000000 0.329386 0.000000 0.000000 0.000000 0.000000 0.000000 0.000000 0.000000 0.353020 0.000000 0.000000 0.000000 0.000000 0.000000 0.000000 0.000000 0.000000 0.317594
 0.000000 0.000000 0.000000 0.500000 0.500000 0.000000 0.000000 0.000000 0.000000 0.000000 0.000000 0.000000 0.000000 0.000000 0.000000 0.000000 0.000000 0.000000 0.000000 0.000000
 0.000000 0.000000 0.000000 0.000000 0.000000 0.000000 0.000000 0.500000 0.000000 0.000000 0.000000 0.000000 0.000000 0.000000 0.000000 0.000000 0.000000 0.000000 0.500000 0.000000
 0.000000 0.000000 0.000000 0.000000 0.000000 0.000000 0.000000 0.000000 0.000000 0.000000 0.000000 0.000000 0.000000 0.500000 0.000000 0.000000 0.000000 0.500000 0.000000 0.000000
 0.000000 0.307804 0.000091 0.000000 0.000000 0.000000 0.000000 0.000000 0.000000 0.173579 0.000774 0.000000 0.010894 0.000000 0.229940 0.276917 0.000000 0.000000 0.000000 0.000000
the mean of prob-rank is 1.7894736842105263
the number of false negetive edges is 0
the number of probability greater than 0 is 4.3/edge
