20
 0.000000 0.000000 0.000079 0.000000 0.000000 0.000000 0.000000 0.000000 0.000000 0.000000 0.000000 0.000000 0.000000 0.000000 0.000000 0.499961 0.499960 0.000000 0.000000 0.000000
 0.000000 0.000000 0.500001 0.000000 0.000000 0.000000 0.000000 0.000000 0.000000 0.000000 0.000000 0.000000 0.000000 0.000000 0.000000 0.000000 0.499999 0.000000 0.000000 0.000000
 0.000079 0.499961 0.000000 0.000000 0.000000 0.000000 0.000000 0.000000 0.000000 0.000000 0.000000 0.000000 0.000000 0.000000 0.000000 0.000000 0.000000 0.499961 0.000000 0.000000
 0.000000 0.000000 0.000000 0.000000 0.000000 0.000000 0.000001 0.473697 0.050472 0.475830 0.000000 0.000000 0.000000 0.000000 0.000000 0.000000 0.000000 0.000000 0.000000 0.000000
 0.000000 0.000000 0.000000 0.000000 0.000000 0.000000 0.000000 0.016970 0.000000 0.000000 0.000000 0.000000 0.000000 0.000000 0.000000 0.491507 0.000000 0.000000 0.491523 0.000000
 0.000000 0.000000 0.000000 0.000000 0.000000 0.000000 0.000000 0.000000 0.000000 0.000000 0.486856 0.000000 0.000000 0.026295 0.486840 0.000000 0.000000 0.000008 0.000000 0.000000
 0.000000 0.000000 0.000000 0.000001 0.000000 0.000000 0.000000 0.500002 0.499997 0.000000 0.000000 0.000000 0.000000 0.000000 0.000000 0.000000 0.000000 0.000000 0.000000 0.000000
 0.000000 0.000000 0.000000 0.490359 0.017003 0.000000 0.492567 0.000000 0.000000 0.000000 0.000000 0.000000 0.000000 0.000000 0.000000 0.000000 0.000000 0.000000 0.000070 0.000000
 0.000000 0.000000 0.000000 0.050375 0.000000 0.000000 0.474912 0.000000 0.000000 0.000000 0.000000 0.000000 0.000000 0.000000 0.000000 0.000000 0.000000 0.000000 0.474713 0.000000
 0.000000 0.000000 0.000000 0.500000 0.000000 0.000000 0.000000 0.000000 0.000000 0.000000 0.000000 0.500000 0.000000 0.000000 0.000000 0.000000 0.000000 0.000000 0.000000 0.000000
 0.000000 0.000000 0.000000 0.000000 0.000000 0.458482 0.000000 0.000000 0.000000 0.000000 0.000000 0.000000 0.000000 0.457448 0.000000 0.000000 0.000000 0.000000 0.000000 0.084070
 0.000000 0.000000 0.000000 0.000000 0.000000 0.000000 0.000000 0.000000 0.000000 0.500000 0.000000 0.000000 0.500000 0.000000 0.000000 0.000000 0.000000 0.000000 0.000000 0.000000
 0.000000 0.000000 0.000000 0.000000 0.000000 0.000000 0.000000 0.000000 0.000000 0.000000 0.000000 0.500002 0.000000 0.000000 0.000000 0.000000 0.000000 0.000000 0.000000 0.499998
 0.000000 0.000000 0.000000 0.000000 0.000000 0.026158 0.000000 0.000000 0.000000 0.000000 0.483233 0.000000 0.000000 0.000000 0.000000 0.000000 0.000000 0.000000 0.006800 0.483809
 0.000000 0.000000 0.000000 0.000000 0.000000 0.498910 0.000000 0.000000 0.000000 0.000000 0.000000 0.000000 0.000000 0.000000 0.000000 0.000000 0.000000 0.498922 0.002169 0.000000
 0.488374 0.000000 0.000000 0.000000 0.488293 0.000000 0.000000 0.000000 0.000000 0.000000 0.000000 0.000000 0.000000 0.000000 0.000000 0.000000 0.023333 0.000000 0.000000 0.000000
 0.488335 0.488334 0.000000 0.000000 0.000000 0.000000 0.000000 0.000000 0.000000 0.000000 0.000000 0.000000 0.000000 0.000000 0.000000 0.023331 0.000000 0.000000 0.000000 0.000000
 0.000000 0.000000 0.499998 0.000000 0.000000 0.000009 0.000000 0.000000 0.000000 0.000000 0.000000 0.000000 0.000000 0.000000 0.499994 0.000000 0.000000 0.000000 0.000000 0.000000
 0.000000 0.000000 0.000000 0.000000 0.495482 0.000000 0.000000 0.000071 0.495335 0.000000 0.000000 0.000000 0.000000 0.006957 0.002154 0.000000 0.000000 0.000000 0.000000 0.000000
 0.000000 0.000000 0.000000 0.000000 0.000000 0.000000 0.000000 0.000000 0.000000 0.000000 0.084024 0.000000 0.458230 0.457745 0.000000 0.000000 0.000000 0.000000 0.000000 0.000000
the mean of prob-rank is 1.5263157894736843
the number of false negetive edges is 0
the number of probability greater than 0 is 3.0/edge
