20
 0.000000 0.000000 0.000000 0.000000 0.020600 0.000000 0.000000 0.000000 0.031140 0.012005 0.000000 0.468158 0.000000 0.000000 0.000000 0.000000 0.000000 0.000000 0.000005 0.468093
 0.000000 0.000000 0.000000 0.000000 0.000000 0.495479 0.000000 0.000000 0.000000 0.000000 0.000000 0.000000 0.000000 0.009067 0.000000 0.000000 0.495454 0.000000 0.000000 0.000000
 0.000000 0.000000 0.000000 0.000000 0.000000 0.000000 0.357711 0.000000 0.000000 0.000000 0.358038 0.000000 0.284250 0.000000 0.000000 0.000000 0.000000 0.000000 0.000000 0.000000
 0.000000 0.000000 0.000000 0.000000 0.060553 0.000000 0.044841 0.019209 0.000000 0.000000 0.000000 0.000000 0.000003 0.436054 0.439339 0.000000 0.000000 0.000000 0.000000 0.000000
 0.015189 0.000000 0.000000 0.047564 0.000000 0.000000 0.000000 0.000000 0.000000 0.000000 0.000000 0.000000 0.303799 0.000000 0.000000 0.000000 0.000001 0.288182 0.000000 0.345265
 0.000000 0.500002 0.000000 0.000000 0.000000 0.000000 0.000000 0.000000 0.000000 0.499998 0.000000 0.000000 0.000000 0.000000 0.000000 0.000000 0.000000 0.000000 0.000000 0.000000
 0.000000 0.000000 0.475232 0.048579 0.000000 0.000000 0.000000 0.000000 0.000000 0.000000 0.000000 0.000000 0.000000 0.000000 0.000000 0.476189 0.000000 0.000000 0.000000 0.000000
 0.000000 0.000000 0.000000 0.021387 0.000000 0.000000 0.000000 0.000000 0.000000 0.000000 0.000000 0.000000 0.000000 0.000000 0.489374 0.489239 0.000000 0.000000 0.000000 0.000000
 0.032189 0.000000 0.000000 0.000000 0.000000 0.000000 0.000000 0.000000 0.000000 0.483770 0.000000 0.000000 0.000000 0.000000 0.000000 0.000000 0.000000 0.000000 0.484040 0.000000
 0.012660 0.000000 0.000000 0.000000 0.000000 0.493807 0.000000 0.000000 0.493533 0.000000 0.000000 0.000000 0.000000 0.000000 0.000000 0.000000 0.000000 0.000000 0.000000 0.000000
 0.000000 0.000000 0.368475 0.000000 0.000000 0.000000 0.000000 0.000000 0.000000 0.000000 0.000000 0.000000 0.262644 0.000000 0.000000 0.000000 0.000000 0.368880 0.000000 0.000000
 0.480764 0.000000 0.000000 0.000000 0.000000 0.000000 0.000000 0.000000 0.000000 0.000000 0.000000 0.000000 0.000000 0.000000 0.000000 0.000000 0.000000 0.036910 0.480865 0.001461
 0.000000 0.000000 0.240348 0.000002 0.266674 0.000000 0.000000 0.000000 0.000000 0.000000 0.215789 0.000000 0.000000 0.000000 0.000000 0.000000 0.000000 0.274823 0.000000 0.002364
 0.000000 0.009048 0.000000 0.490529 0.000000 0.000000 0.000000 0.000000 0.000000 0.000000 0.000000 0.000000 0.000000 0.000000 0.005967 0.000000 0.494456 0.000000 0.000000 0.000000
 0.000000 0.000000 0.000000 0.483690 0.000000 0.000000 0.000000 0.483923 0.000000 0.000000 0.000000 0.000000 0.000000 0.005839 0.000000 0.026548 0.000000 0.000000 0.000000 0.000000
 0.000000 0.000000 0.000000 0.000000 0.000000 0.000000 0.486717 0.486582 0.000000 0.000000 0.000000 0.000000 0.000000 0.000000 0.026701 0.000000 0.000000 0.000000 0.000000 0.000000
 0.000000 0.499990 0.000000 0.000000 0.000001 0.000000 0.000000 0.000000 0.000000 0.000000 0.000000 0.000000 0.000000 0.500009 0.000000 0.000000 0.000000 0.000000 0.000000 0.000000
 0.000000 0.000000 0.000000 0.000000 0.282513 0.000000 0.000000 0.000000 0.000000 0.000000 0.338472 0.025980 0.306923 0.000000 0.000000 0.000000 0.000000 0.000000 0.000000 0.046112
 0.000005 0.000000 0.000000 0.000000 0.000000 0.000000 0.000000 0.000000 0.499997 0.000000 0.000000 0.499998 0.000000 0.000000 0.000000 0.000000 0.000000 0.000000 0.000000 0.000000
 0.465664 0.000000 0.000000 0.000000 0.465826 0.000000 0.000000 0.000000 0.000000 0.000000 0.000000 0.001415 0.003633 0.000000 0.000000 0.000000 0.000000 0.063462 0.000000 0.000000
the mean of prob-rank is 1.736842105263158
the number of false negetive edges is 0
the number of probability greater than 0 is 3.8/edge
