20
 0.000000 0.000000 0.000000 0.000000 0.000000 0.000000 0.000000 0.412940 0.000000 0.000000 0.000000 0.000000 0.000000 0.418105 0.000000 0.000000 0.000000 0.000000 0.168955 0.000000
 0.000000 0.000000 0.341786 0.000162 0.000000 0.000000 0.330103 0.000001 0.000000 0.000000 0.006077 0.000000 0.157057 0.000000 0.161327 0.000000 0.000000 0.000000 0.000000 0.003487
 0.000000 0.354720 0.000000 0.004054 0.023053 0.000000 0.000014 0.000013 0.000000 0.000000 0.000000 0.000000 0.354378 0.000000 0.000000 0.000000 0.061414 0.002029 0.200325 0.000000
 0.000000 0.000236 0.005678 0.000000 0.000000 0.000000 0.000000 0.000000 0.000000 0.000000 0.497022 0.000000 0.000000 0.000000 0.000000 0.000000 0.000000 0.497065 0.000000 0.000000
 0.000000 0.000000 0.023439 0.000000 0.000000 0.000000 0.000000 0.002953 0.000000 0.000000 0.000000 0.356600 0.001800 0.000000 0.000000 0.000000 0.254373 0.000000 0.360836 0.000000
 0.000000 0.000000 0.000000 0.000000 0.000000 0.000000 0.000000 0.000000 0.332024 0.000000 0.000000 0.000000 0.000000 0.000000 0.000028 0.310912 0.000000 0.000000 0.000000 0.357037
 0.000000 0.316026 0.000013 0.000000 0.000000 0.000000 0.000000 0.325992 0.009792 0.000000 0.000000 0.000000 0.271793 0.000000 0.000000 0.000000 0.000000 0.000000 0.000000 0.076384
 0.412677 0.000001 0.000015 0.000000 0.003420 0.000000 0.416205 0.000000 0.033997 0.000000 0.000000 0.000000 0.116068 0.000000 0.000000 0.000000 0.000000 0.000000 0.017618 0.000000
 0.000000 0.000000 0.000000 0.000000 0.000000 0.320008 0.010294 0.027993 0.000000 0.000000 0.000000 0.000000 0.000000 0.297594 0.000000 0.344110 0.000000 0.000000 0.000000 0.000000
 0.000000 0.000000 0.000000 0.000000 0.000000 0.000000 0.000000 0.000000 0.000000 0.000000 0.499999 0.000000 0.000000 0.000000 0.500001 0.000000 0.000000 0.000000 0.000000 0.000000
 0.000000 0.008808 0.000000 0.495576 0.000000 0.000000 0.000000 0.000000 0.000000 0.495615 0.000000 0.000000 0.000000 0.000000 0.000000 0.000000 0.000000 0.000000 0.000000 0.000000
 0.000000 0.000000 0.000000 0.000000 0.409511 0.000000 0.000000 0.000000 0.000000 0.000000 0.000000 0.000000 0.000000 0.000000 0.000000 0.000000 0.414370 0.121171 0.054948 0.000000
 0.000000 0.146815 0.319190 0.000000 0.001595 0.000000 0.265385 0.088767 0.000000 0.000000 0.000000 0.000000 0.000000 0.000000 0.000000 0.000000 0.000000 0.000000 0.178248 0.000000
 0.357818 0.000000 0.000000 0.000000 0.000000 0.000000 0.000000 0.000000 0.309504 0.000000 0.000000 0.000000 0.000000 0.000000 0.000000 0.332677 0.000000 0.000000 0.000000 0.000000
 0.000000 0.191149 0.000000 0.000000 0.000000 0.000032 0.000000 0.000000 0.000000 0.405164 0.000000 0.000000 0.000000 0.000000 0.000000 0.000000 0.000000 0.000000 0.000000 0.403655
 0.000000 0.000000 0.000000 0.000000 0.000000 0.310965 0.000000 0.000000 0.357092 0.000000 0.000000 0.000000 0.000000 0.331943 0.000000 0.000000 0.000000 0.000000 0.000000 0.000000
 0.000000 0.000000 0.060351 0.000000 0.245855 0.000000 0.000000 0.000000 0.000000 0.000000 0.000000 0.348747 0.000000 0.000000 0.000000 0.000000 0.000000 0.344979 0.000068 0.000000
 0.000000 0.000000 0.002500 0.437194 0.000000 0.000000 0.000000 0.000000 0.000000 0.000000 0.000000 0.127843 0.000000 0.000000 0.000000 0.000000 0.432463 0.000000 0.000000 0.000000
 0.149564 0.000000 0.208983 0.000000 0.370231 0.000000 0.000000 0.015606 0.000000 0.000000 0.000000 0.049094 0.206451 0.000000 0.000000 0.000000 0.000072 0.000000 0.000000 0.000000
 0.000000 0.004552 0.000000 0.000000 0.000000 0.446442 0.104178 0.000000 0.000000 0.000000 0.000000 0.000000 0.000000 0.000000 0.444828 0.000000 0.000000 0.000000 0.000000 0.000000
the mean of prob-rank is 2.0
the number of false negetive edges is 0
the number of probability greater than 0 is 4.8/edge
