20
 0.000000 0.000000 0.000000 0.465319 0.000000 0.000000 0.000000 0.000000 0.000000 0.464608 0.022649 0.047423 0.000000 0.000000 0.000000 0.000000 0.000000 0.000000 0.000000 0.000000
 0.000000 0.000000 0.000000 0.000000 0.500000 0.000000 0.000000 0.000000 0.000000 0.000000 0.000000 0.000000 0.500000 0.000000 0.000000 0.000000 0.000000 0.000000 0.000000 0.000000
 0.000000 0.000000 0.000000 0.000000 0.000000 0.500000 0.000000 0.000000 0.000000 0.000000 0.000000 0.000000 0.000000 0.000000 0.000000 0.500000 0.000000 0.000000 0.000000 0.000000
 0.482551 0.000000 0.000000 0.000000 0.000000 0.000000 0.000000 0.000000 0.483073 0.034376 0.000000 0.000000 0.000000 0.000000 0.000000 0.000000 0.000000 0.000000 0.000000 0.000000
 0.000000 0.500000 0.000000 0.000000 0.000000 0.000000 0.000000 0.000000 0.000000 0.000000 0.000000 0.000000 0.000000 0.000000 0.500000 0.000000 0.000000 0.000000 0.000000 0.000000
 0.000000 0.000000 0.500000 0.000000 0.000000 0.000000 0.000000 0.000000 0.000000 0.000000 0.000000 0.000000 0.000000 0.000000 0.000000 0.000000 0.000000 0.000000 0.000000 0.500000
 0.000000 0.000000 0.000000 0.000000 0.000000 0.000000 0.000000 0.000000 0.000000 0.000000 0.000887 0.000001 0.000000 0.000000 0.000000 0.000000 0.000000 0.499561 0.499551 0.000000
 0.000000 0.000000 0.000000 0.000000 0.000000 0.000000 0.000000 0.000000 0.499908 0.000041 0.000000 0.000000 0.000000 0.000241 0.000000 0.000000 0.499810 0.000000 0.000000 0.000000
 0.000000 0.000000 0.000000 0.500000 0.000000 0.000000 0.000000 0.500000 0.000000 0.000000 0.000000 0.000000 0.000000 0.000000 0.000000 0.000000 0.000000 0.000000 0.000000 0.000000
 0.482150 0.000000 0.000000 0.034400 0.000000 0.000000 0.000000 0.000039 0.000000 0.000000 0.000000 0.483410 0.000000 0.000000 0.000000 0.000000 0.000000 0.000000 0.000000 0.000000
 0.023568 0.000000 0.000000 0.000000 0.000000 0.000000 0.000861 0.000000 0.000000 0.000000 0.000000 0.484533 0.000000 0.000000 0.000000 0.000000 0.000000 0.484712 0.006327 0.000000
 0.048382 0.000000 0.000000 0.000000 0.000000 0.000000 0.000001 0.000000 0.000000 0.475243 0.475060 0.000000 0.000000 0.000000 0.000000 0.000000 0.000000 0.001314 0.000000 0.000000
 0.000000 0.461143 0.000000 0.000000 0.000000 0.000000 0.000000 0.000000 0.000000 0.000000 0.000000 0.000000 0.000000 0.461113 0.000000 0.000000 0.077744 0.000000 0.000000 0.000000
 0.000000 0.000000 0.000000 0.000000 0.000000 0.000000 0.000000 0.000241 0.000000 0.000000 0.000000 0.000000 0.499864 0.000000 0.000000 0.000000 0.499896 0.000000 0.000000 0.000000
 0.000000 0.000000 0.000000 0.000000 0.500000 0.000000 0.000000 0.000000 0.000000 0.000000 0.000000 0.000000 0.000000 0.000000 0.000000 0.000000 0.000000 0.000000 0.000000 0.500000
 0.000000 0.000000 0.500007 0.000000 0.000000 0.000000 0.000000 0.000000 0.000000 0.000000 0.000000 0.000000 0.000000 0.000000 0.000000 0.000000 0.000000 0.000000 0.499993 0.000000
 0.000000 0.000000 0.000000 0.000000 0.000000 0.000000 0.000000 0.461080 0.000000 0.000000 0.000000 0.000000 0.077749 0.461171 0.000000 0.000000 0.000000 0.000000 0.000000 0.000000
 0.000000 0.000000 0.000000 0.000000 0.000000 0.000000 0.499313 0.000000 0.000000 0.000000 0.499306 0.001381 0.000000 0.000000 0.000000 0.000000 0.000000 0.000000 0.000000 0.000000
 0.000000 0.000000 0.000000 0.000000 0.000000 0.000000 0.496760 0.000000 0.000000 0.000000 0.006484 0.000000 0.000000 0.000000 0.000000 0.496756 0.000000 0.000000 0.000000 0.000000
 0.000000 0.000000 0.000000 0.000000 0.000000 0.500000 0.000000 0.000000 0.000000 0.000000 0.000000 0.000000 0.000000 0.000000 0.500000 0.000000 0.000000 0.000000 0.000000 0.000000
the mean of prob-rank is 1.736842105263158
the number of false negetive edges is 0
the number of probability greater than 0 is 2.95/edge
