20
 0.000000 0.000000 0.000000 0.000000 0.000000 0.000000 0.000000 0.000000 0.000000 0.488375 0.000000 0.023208 0.000000 0.000000 0.488417 0.000000 0.000000 0.000000 0.000000 0.000000
 0.000000 0.000000 0.000000 0.013809 0.492563 0.000000 0.000350 0.000834 0.000000 0.000000 0.456855 0.000000 0.014785 0.000754 0.000000 0.000000 0.013798 0.000000 0.000000 0.006252
 0.000000 0.000000 0.000000 0.000000 0.000000 0.000000 0.500044 0.499897 0.000000 0.000000 0.000000 0.000000 0.000000 0.000000 0.000000 0.000000 0.000059 0.000000 0.000000 0.000000
 0.000000 0.012030 0.000000 0.000000 0.002950 0.000000 0.000000 0.000000 0.000000 0.000000 0.097489 0.008605 0.429514 0.427792 0.019443 0.000000 0.000000 0.000000 0.000000 0.002177
 0.000000 0.494246 0.000000 0.003398 0.000000 0.000000 0.000000 0.000000 0.000000 0.000000 0.005578 0.000000 0.001923 0.000000 0.000000 0.000000 0.000000 0.000000 0.494855 0.000000
 0.000000 0.000000 0.000000 0.000000 0.000000 0.000000 0.000000 0.000000 0.460381 0.000000 0.000000 0.000000 0.000000 0.000001 0.000000 0.461865 0.000000 0.077752 0.000000 0.000001
 0.000000 0.000355 0.499803 0.000000 0.000000 0.000000 0.000000 0.000000 0.000000 0.000000 0.000000 0.000000 0.000000 0.000008 0.000000 0.000000 0.499755 0.000000 0.000000 0.000079
 0.000000 0.000845 0.499473 0.000000 0.000000 0.000000 0.000000 0.000000 0.000000 0.000000 0.000000 0.000000 0.000000 0.000000 0.000000 0.000000 0.000000 0.499682 0.000000 0.000000
 0.000000 0.000000 0.000000 0.000000 0.000000 0.484863 0.000000 0.000000 0.000000 0.000000 0.000000 0.486423 0.000000 0.019969 0.000000 0.008746 0.000000 0.000000 0.000000 0.000000
 0.412090 0.000000 0.000000 0.000000 0.000000 0.000000 0.000000 0.000000 0.000000 0.000000 0.000000 0.000000 0.000000 0.000000 0.175785 0.000000 0.000000 0.000000 0.412125 0.000000
 0.000000 0.411421 0.000000 0.100782 0.005006 0.000000 0.000000 0.000000 0.000000 0.000000 0.000000 0.000189 0.444101 0.028679 0.000002 0.000000 0.000000 0.000000 0.000000 0.009820
 0.022724 0.000000 0.000000 0.009579 0.000000 0.000000 0.000000 0.000000 0.478217 0.000000 0.000204 0.000000 0.000001 0.012280 0.476995 0.000000 0.000000 0.000000 0.000000 0.000000
 0.000000 0.014735 0.000000 0.491393 0.001910 0.000000 0.000000 0.000000 0.000000 0.000000 0.491480 0.000001 0.000000 0.000339 0.000142 0.000000 0.000000 0.000000 0.000000 0.000000
 0.000000 0.000713 0.000000 0.464667 0.000000 0.000001 0.000008 0.000000 0.019156 0.000000 0.030133 0.011983 0.000322 0.000000 0.000000 0.000000 0.006375 0.000000 0.000000 0.466643
 0.404939 0.000000 0.000000 0.018326 0.000000 0.000000 0.000000 0.000000 0.000000 0.172720 0.000002 0.403896 0.000117 0.000000 0.000000 0.000000 0.000000 0.000000 0.000000 0.000000
 0.000000 0.000000 0.000000 0.000000 0.000000 0.495776 0.000000 0.000000 0.008914 0.000000 0.000000 0.000000 0.000000 0.000000 0.000000 0.000000 0.000000 0.495309 0.000000 0.000001
 0.000000 0.013705 0.000058 0.000000 0.000000 0.000000 0.489733 0.000000 0.000000 0.000000 0.000000 0.000000 0.000000 0.006692 0.000000 0.000000 0.000000 0.000000 0.000000 0.489811
 0.000000 0.000000 0.000000 0.000000 0.000000 0.077671 0.000000 0.461379 0.000000 0.000000 0.000000 0.000000 0.000000 0.000000 0.000000 0.460949 0.000000 0.000000 0.000000 0.000000
 0.000000 0.000000 0.000000 0.000000 0.500000 0.000000 0.000000 0.000000 0.000000 0.500000 0.000000 0.000000 0.000000 0.000000 0.000000 0.000000 0.000000 0.000000 0.000000 0.000000
 0.000000 0.006215 0.000000 0.002484 0.000000 0.000001 0.000078 0.000000 0.000000 0.000000 0.010839 0.000000 0.000000 0.490212 0.000000 0.000001 0.490171 0.000000 0.000000 0.000000
the mean of prob-rank is 1.368421052631579
the number of false negetive edges is 0
the number of probability greater than 0 is 5.2/edge
