20
 0.000000 0.000000 0.000000 0.000000 0.007979 0.030817 0.476488 0.000008 0.000000 0.000000 0.000000 0.000000 0.000000 0.476332 0.000000 0.000016 0.000000 0.000000 0.008361 0.000000
 0.000000 0.000000 0.000000 0.000000 0.000000 0.000000 0.000000 0.000000 0.000000 0.000000 0.000000 0.000000 0.019837 0.003476 0.488396 0.000000 0.000000 0.000000 0.488290 0.000000
 0.000000 0.000000 0.000000 0.000004 0.000000 0.000000 0.000000 0.000000 0.215179 0.000000 0.008791 0.388768 0.000000 0.000000 0.000000 0.000000 0.387258 0.000000 0.000000 0.000000
 0.000000 0.000000 0.000003 0.000000 0.000000 0.000000 0.000000 0.000000 0.349567 0.000000 0.358742 0.000000 0.000000 0.000000 0.000000 0.000000 0.291688 0.000000 0.000000 0.000000
 0.008142 0.000000 0.000000 0.000000 0.000000 0.483799 0.000000 0.486238 0.000000 0.000000 0.000000 0.000000 0.000000 0.001493 0.000000 0.000000 0.000000 0.000000 0.020328 0.000000
 0.026635 0.000000 0.000000 0.000000 0.409768 0.000000 0.005402 0.147757 0.000000 0.000000 0.000000 0.000000 0.000000 0.000000 0.000000 0.000000 0.000000 0.410439 0.000000 0.000000
 0.496953 0.000000 0.000000 0.000000 0.000000 0.006518 0.000000 0.000000 0.000000 0.000000 0.000000 0.000000 0.000000 0.000005 0.000000 0.496524 0.000000 0.000000 0.000000 0.000000
 0.000007 0.000000 0.000000 0.000000 0.427160 0.153255 0.000000 0.000000 0.000000 0.000000 0.416903 0.000000 0.000000 0.000847 0.000000 0.000000 0.000000 0.000000 0.001828 0.000000
 0.000000 0.000000 0.156928 0.276274 0.000000 0.000000 0.000000 0.000000 0.000000 0.000000 0.232953 0.000004 0.000000 0.000000 0.000000 0.000000 0.281694 0.000000 0.052147 0.000000
 0.000000 0.000000 0.000000 0.000000 0.000000 0.000000 0.000000 0.000000 0.000000 0.000000 0.000000 0.500000 0.000000 0.000000 0.000000 0.000000 0.000000 0.000000 0.000000 0.500000
 0.000000 0.000000 0.007956 0.351863 0.000000 0.000000 0.000000 0.343415 0.289103 0.000000 0.000000 0.000000 0.000000 0.000000 0.000000 0.000000 0.007661 0.000000 0.000002 0.000000
 0.000000 0.000000 0.499997 0.000000 0.000000 0.000000 0.000000 0.000000 0.000007 0.499996 0.000000 0.000000 0.000000 0.000000 0.000000 0.000000 0.000000 0.000000 0.000000 0.000000
 0.000000 0.019915 0.000000 0.000000 0.000000 0.000000 0.000000 0.000000 0.000000 0.000000 0.000000 0.000000 0.000000 0.000000 0.000000 0.490321 0.000000 0.489763 0.000000 0.000000
 0.496895 0.003538 0.000000 0.000000 0.001526 0.000000 0.000005 0.000986 0.000000 0.000000 0.000000 0.000000 0.000000 0.000000 0.000000 0.000000 0.000000 0.000000 0.497050 0.000000
 0.000000 0.500000 0.000000 0.000000 0.000000 0.000000 0.000000 0.000000 0.000000 0.000000 0.000000 0.000000 0.000000 0.000000 0.000000 0.000000 0.000000 0.000000 0.000000 0.500000
 0.000016 0.000000 0.000000 0.000000 0.000000 0.000000 0.482876 0.000000 0.000000 0.000000 0.000000 0.000000 0.483283 0.000000 0.000000 0.000000 0.000000 0.033824 0.000000 0.000000
 0.000000 0.000000 0.352667 0.287867 0.000000 0.000000 0.000000 0.000000 0.351757 0.000000 0.007709 0.000000 0.000000 0.000000 0.000000 0.000000 0.000000 0.000000 0.000000 0.000000
 0.000000 0.000000 0.000000 0.000000 0.000000 0.482518 0.000000 0.000000 0.000000 0.000000 0.000000 0.000000 0.483597 0.000000 0.000000 0.033885 0.000000 0.000000 0.000000 0.000000
 0.007808 0.444876 0.000000 0.000000 0.018603 0.000000 0.000000 0.001904 0.081841 0.000000 0.000003 0.000000 0.000000 0.444965 0.000000 0.000000 0.000000 0.000000 0.000000 0.000000
 0.000000 0.000000 0.000000 0.000000 0.000000 0.000000 0.000000 0.000000 0.000000 0.500000 0.000000 0.000000 0.000000 0.000000 0.500000 0.000000 0.000000 0.000000 0.000000 0.000000
the mean of prob-rank is 1.5263157894736843
the number of false negetive edges is 0
the number of probability greater than 0 is 4.4/edge
