20
 0.000000 0.000000 0.000000 0.000000 0.000163 0.000000 0.000000 0.000000 0.000000 0.000000 0.000000 0.000000 0.000000 0.499920 0.499917 0.000000 0.000000 0.000000 0.000000 0.000000
 0.000000 0.000000 0.000000 0.000000 0.000000 0.072169 0.000000 0.000000 0.000000 0.464218 0.000000 0.000000 0.000000 0.000000 0.000000 0.463612 0.000000 0.000001 0.000000 0.000000
 0.000000 0.000000 0.000000 0.000000 0.000000 0.000000 0.000000 0.000000 0.000000 0.000000 0.000000 0.000000 0.000000 0.019509 0.000000 0.000000 0.490240 0.000001 0.000000 0.490250
 0.000000 0.000000 0.000000 0.000000 0.000000 0.000000 0.000000 0.000000 0.000000 0.499385 0.001576 0.000000 0.499038 0.000000 0.000000 0.000000 0.000000 0.000000 0.000001 0.000000
 0.000163 0.000000 0.000000 0.000000 0.000000 0.000000 0.499916 0.000000 0.000000 0.000000 0.000000 0.000000 0.000000 0.000000 0.499921 0.000000 0.000000 0.000000 0.000000 0.000000
 0.000000 0.072129 0.000000 0.000000 0.000000 0.000000 0.000000 0.000000 0.000000 0.000000 0.000000 0.000000 0.000000 0.000000 0.000000 0.463893 0.000000 0.463978 0.000000 0.000000
 0.000000 0.000000 0.000000 0.000000 0.499997 0.000000 0.000000 0.000000 0.500003 0.000000 0.000000 0.000000 0.000000 0.000000 0.000000 0.000000 0.000000 0.000000 0.000000 0.000000
 0.000000 0.000000 0.000000 0.000000 0.000000 0.000000 0.000000 0.000000 0.499001 0.000000 0.000000 0.499039 0.000000 0.000000 0.000000 0.000000 0.001959 0.000000 0.000000 0.000000
 0.000000 0.000000 0.000000 0.000000 0.000000 0.000000 0.499896 0.499858 0.000000 0.000000 0.000000 0.000000 0.000000 0.000000 0.000000 0.000000 0.000247 0.000000 0.000000 0.000000
 0.000000 0.435560 0.000000 0.435576 0.000000 0.000000 0.000000 0.000000 0.000000 0.000000 0.000000 0.000000 0.000000 0.000000 0.000000 0.128864 0.000000 0.000000 0.000000 0.000000
 0.000000 0.000000 0.000000 0.001576 0.000000 0.000000 0.000000 0.000000 0.000000 0.000000 0.000000 0.000000 0.000000 0.499165 0.000000 0.000000 0.000000 0.000000 0.499259 0.000000
 0.000000 0.000000 0.000000 0.000000 0.000000 0.000000 0.000000 0.497865 0.000000 0.000000 0.000000 0.000000 0.000000 0.000000 0.000000 0.004273 0.497862 0.000000 0.000000 0.000000
 0.000000 0.000000 0.000000 0.487837 0.000000 0.000000 0.000000 0.000000 0.000000 0.000000 0.000000 0.000000 0.000000 0.000000 0.000000 0.000000 0.000000 0.000000 0.488176 0.023987
 0.490291 0.000000 0.019511 0.000000 0.000000 0.000000 0.000000 0.000000 0.000000 0.000000 0.490199 0.000000 0.000000 0.000000 0.000000 0.000000 0.000000 0.000000 0.000000 0.000000
 0.499998 0.000000 0.000000 0.000000 0.500002 0.000000 0.000000 0.000000 0.000000 0.000000 0.000000 0.000000 0.000000 0.000000 0.000000 0.000000 0.000000 0.000000 0.000000 0.000000
 0.000000 0.424404 0.000000 0.000000 0.000000 0.424894 0.000000 0.000000 0.000000 0.125728 0.000000 0.003647 0.000000 0.000000 0.000000 0.000000 0.000000 0.021326 0.000000 0.000000
 0.000000 0.000000 0.498893 0.000000 0.000000 0.000000 0.000000 0.001959 0.000246 0.000000 0.000000 0.498902 0.000000 0.000000 0.000000 0.000000 0.000000 0.000000 0.000000 0.000000
 0.000000 0.000002 0.000001 0.000000 0.000000 0.487788 0.000000 0.000000 0.000000 0.000000 0.000000 0.000000 0.000000 0.000000 0.000000 0.024478 0.000000 0.000000 0.000000 0.487732
 0.000000 0.000000 0.000000 0.000001 0.000000 0.000000 0.000000 0.000000 0.000000 0.000000 0.499999 0.000000 0.499999 0.000000 0.000000 0.000000 0.000000 0.000000 0.000000 0.000000
 0.000000 0.000000 0.488039 0.000000 0.000000 0.000000 0.000000 0.000000 0.000000 0.000000 0.000000 0.000000 0.023980 0.000000 0.000000 0.000000 0.000000 0.487981 0.000000 0.000000
the mean of prob-rank is 1.4736842105263157
the number of false negetive edges is 0
the number of probability greater than 0 is 3.2/edge
