20
 0.000000 0.000000 0.000000 0.000007 0.000000 0.000000 0.500022 0.499971 0.000000 0.000000 0.000000 0.000000 0.000000 0.000000 0.000000 0.000000 0.000000 0.000000 0.000000 0.000000
 0.000000 0.000000 0.000000 0.000000 0.500000 0.000000 0.000000 0.000000 0.000000 0.000000 0.000000 0.000000 0.000000 0.000000 0.000000 0.000000 0.000000 0.500000 0.000000 0.000000
 0.000000 0.000000 0.000000 0.000000 0.000000 0.000000 0.000000 0.000000 0.500001 0.000000 0.000000 0.000000 0.000000 0.000000 0.000000 0.000000 0.499999 0.000000 0.000000 0.000000
 0.000007 0.000000 0.000000 0.000000 0.000000 0.000000 0.500000 0.000000 0.000000 0.000000 0.000000 0.000000 0.000000 0.499994 0.000000 0.000000 0.000000 0.000000 0.000000 0.000000
 0.000000 0.363688 0.000000 0.000000 0.000000 0.347231 0.000000 0.289081 0.000000 0.000000 0.000000 0.000000 0.000000 0.000000 0.000000 0.000000 0.000000 0.000000 0.000000 0.000000
 0.000000 0.000000 0.000000 0.000000 0.341078 0.000000 0.000000 0.002718 0.000000 0.000000 0.000330 0.000000 0.357243 0.000000 0.000000 0.000000 0.000000 0.298630 0.000000 0.000000
 0.500000 0.000000 0.000000 0.500000 0.000000 0.000000 0.000000 0.000000 0.000000 0.000000 0.000000 0.000000 0.000000 0.000000 0.000000 0.000000 0.000000 0.000000 0.000000 0.000000
 0.370960 0.000000 0.000000 0.000000 0.294891 0.002823 0.000000 0.000000 0.000000 0.000000 0.000000 0.000000 0.331326 0.000000 0.000000 0.000000 0.000000 0.000000 0.000000 0.000000
 0.000000 0.000000 0.500000 0.000000 0.000000 0.000000 0.000000 0.000000 0.000000 0.500000 0.000000 0.000000 0.000000 0.000000 0.000000 0.000000 0.000000 0.000000 0.000000 0.000000
 0.000000 0.000000 0.000000 0.000000 0.000000 0.000000 0.000000 0.000000 0.500000 0.000000 0.000000 0.000000 0.000000 0.000000 0.000000 0.000000 0.000000 0.000000 0.000000 0.500000
 0.000000 0.000000 0.000000 0.000000 0.000000 0.000270 0.000000 0.000000 0.000000 0.000000 0.000000 0.275128 0.271892 0.000000 0.000000 0.291321 0.000000 0.007710 0.153679 0.000000
 0.000000 0.000000 0.000000 0.000000 0.000000 0.000000 0.000000 0.000000 0.000000 0.000000 0.255250 0.000000 0.000000 0.000000 0.249669 0.000000 0.258667 0.000000 0.236415 0.000000
 0.000000 0.000000 0.000000 0.000000 0.000000 0.353967 0.000000 0.316117 0.000000 0.000000 0.329916 0.000000 0.000000 0.000000 0.000000 0.000000 0.000000 0.000000 0.000000 0.000000
 0.000000 0.000000 0.000000 0.499997 0.000000 0.000000 0.000000 0.000000 0.000000 0.000000 0.000000 0.000000 0.000000 0.000000 0.000000 0.000000 0.000000 0.000000 0.000000 0.500003
 0.000000 0.000000 0.000000 0.000000 0.000000 0.000000 0.000000 0.000000 0.000000 0.000000 0.000000 0.344525 0.000000 0.000000 0.000000 0.000000 0.282231 0.000000 0.373244 0.000000
 0.000000 0.000000 0.000000 0.000000 0.000000 0.000000 0.000000 0.000000 0.000000 0.000000 0.355749 0.000000 0.000000 0.000000 0.000000 0.000000 0.000000 0.328262 0.315989 0.000000
 0.000000 0.000000 0.368801 0.000000 0.000000 0.000000 0.000000 0.000000 0.000000 0.000000 0.000000 0.352489 0.000000 0.000000 0.278710 0.000000 0.000000 0.000000 0.000000 0.000000
 0.000000 0.359215 0.000000 0.000000 0.000000 0.300278 0.000000 0.000000 0.000000 0.000000 0.009494 0.000000 0.000000 0.000000 0.000000 0.331013 0.000000 0.000000 0.000000 0.000000
 0.000000 0.000000 0.000000 0.000000 0.000000 0.000000 0.000000 0.000000 0.000000 0.000000 0.160280 0.265772 0.000000 0.000000 0.304069 0.269878 0.000000 0.000000 0.000000 0.000000
 0.000000 0.000000 0.000000 0.000000 0.000000 0.000000 0.000000 0.000000 0.000000 0.500000 0.000000 0.000000 0.000000 0.500000 0.000000 0.000000 0.000000 0.000000 0.000000 0.000000
the mean of prob-rank is 1.631578947368421
the number of false negetive edges is 0
the number of probability greater than 0 is 3.1/edge
