20
 0.000000 0.000000 0.000000 0.000000 0.000000 0.000000 0.488522 0.000000 0.488750 0.000000 0.000000 0.000000 0.000000 0.000000 0.000000 0.000000 0.000000 0.000000 0.000000 0.022729
 0.000000 0.000000 0.346482 0.000000 0.000000 0.130422 0.000000 0.000000 0.000000 0.000000 0.000000 0.000000 0.000000 0.000000 0.181869 0.000000 0.000000 0.000000 0.000000 0.341228
 0.000000 0.358689 0.000000 0.000000 0.000000 0.018709 0.000000 0.000000 0.000000 0.000022 0.000306 0.000000 0.000238 0.000000 0.342893 0.000000 0.000000 0.000000 0.000000 0.279143
 0.000000 0.000000 0.000000 0.000000 0.000000 0.000000 0.500000 0.000000 0.000000 0.000000 0.000000 0.000000 0.000000 0.000000 0.000000 0.000000 0.000000 0.000000 0.500000 0.000000
 0.000000 0.000000 0.000000 0.000000 0.000000 0.000000 0.000000 0.075780 0.000000 0.000000 0.000000 0.461505 0.000000 0.000133 0.000000 0.000000 0.462031 0.000551 0.000000 0.000000
 0.000000 0.093137 0.012906 0.000000 0.000000 0.000000 0.000000 0.000010 0.000000 0.000000 0.238227 0.000000 0.000000 0.210278 0.239483 0.205951 0.000000 0.000000 0.000000 0.000007
 0.499883 0.000000 0.000000 0.500117 0.000000 0.000000 0.000000 0.000000 0.000000 0.000000 0.000000 0.000000 0.000000 0.000000 0.000000 0.000000 0.000000 0.000000 0.000000 0.000000
 0.000000 0.000000 0.000000 0.000000 0.055367 0.000014 0.000000 0.000000 0.000000 0.000000 0.000000 0.297397 0.000000 0.333369 0.000000 0.313854 0.000000 0.000000 0.000000 0.000000
 0.499999 0.000000 0.000000 0.000000 0.000000 0.000000 0.000000 0.000000 0.000000 0.500001 0.000000 0.000000 0.000000 0.000000 0.000000 0.000000 0.000000 0.000000 0.000000 0.000000
 0.000000 0.000000 0.000031 0.000000 0.000000 0.000000 0.000000 0.000000 0.499987 0.000000 0.000000 0.000000 0.000000 0.000000 0.000000 0.000000 0.000000 0.000000 0.000000 0.499982
 0.000000 0.000000 0.000310 0.000000 0.000000 0.349260 0.000000 0.000000 0.000000 0.000000 0.000000 0.000000 0.362751 0.000000 0.287680 0.000000 0.000000 0.000000 0.000000 0.000000
 0.000000 0.000000 0.000000 0.000000 0.350452 0.000000 0.000000 0.309096 0.000000 0.000000 0.000000 0.000000 0.000000 0.340452 0.000000 0.000000 0.000000 0.000000 0.000000 0.000000
 0.000000 0.000000 0.000332 0.000000 0.000000 0.000000 0.000000 0.000000 0.000000 0.000000 0.499884 0.000000 0.000000 0.000000 0.000000 0.499784 0.000000 0.000000 0.000000 0.000000
 0.000000 0.000000 0.000000 0.000000 0.000103 0.302678 0.000000 0.351646 0.000000 0.000000 0.000000 0.345525 0.000000 0.000000 0.000000 0.000000 0.000048 0.000000 0.000000 0.000000
 0.000000 0.161916 0.294886 0.000000 0.000000 0.298565 0.000000 0.000000 0.000000 0.000000 0.244633 0.000000 0.000000 0.000000 0.000000 0.000000 0.000000 0.000000 0.000000 0.000000
 0.000000 0.000000 0.000000 0.000000 0.000000 0.301395 0.000000 0.336583 0.000000 0.000000 0.000000 0.000000 0.362022 0.000000 0.000000 0.000000 0.000000 0.000000 0.000000 0.000000
 0.000000 0.000000 0.000000 0.000000 0.499921 0.000000 0.000000 0.000000 0.000000 0.000000 0.000000 0.000000 0.000000 0.000068 0.000000 0.000000 0.000000 0.500012 0.000000 0.000000
 0.000000 0.000000 0.000000 0.000000 0.000596 0.000000 0.000000 0.000000 0.000000 0.000000 0.000000 0.000000 0.000000 0.000000 0.000000 0.000000 0.499696 0.000000 0.499709 0.000000
 0.000000 0.000000 0.000000 0.500000 0.000000 0.000000 0.000000 0.000000 0.000000 0.000000 0.000000 0.000000 0.000000 0.000000 0.000000 0.000000 0.000000 0.500000 0.000000 0.000000
 0.016552 0.350527 0.276991 0.000000 0.000000 0.000009 0.000000 0.000000 0.000000 0.355922 0.000000 0.000000 0.000000 0.000000 0.000000 0.000000 0.000000 0.000000 0.000000 0.000000
the mean of prob-rank is 1.5789473684210527
the number of false negetive edges is 0
the number of probability greater than 0 is 3.8/edge
