20
 0.000000 0.000002 0.000000 0.000000 0.500007 0.000000 0.000000 0.000000 0.499991 0.000000 0.000000 0.000000 0.000000 0.000000 0.000000 0.000000 0.000000 0.000000 0.000000 0.000000
 0.000002 0.000000 0.000000 0.000000 0.239117 0.358341 0.000000 0.000000 0.000000 0.000000 0.000000 0.022677 0.000000 0.000000 0.000000 0.000000 0.000000 0.000000 0.000000 0.379863
 0.000000 0.000000 0.000000 0.000000 0.000000 0.003473 0.369624 0.000000 0.000000 0.000000 0.000000 0.299176 0.000000 0.000023 0.000000 0.000000 0.000000 0.327704 0.000000 0.000000
 0.000000 0.000000 0.000000 0.000000 0.000000 0.000000 0.000000 0.131287 0.000000 0.000000 0.000000 0.000000 0.000000 0.000000 0.000000 0.000000 0.435091 0.000000 0.433622 0.000000
 0.389000 0.244868 0.000000 0.000000 0.000000 0.000000 0.000000 0.000000 0.000000 0.000000 0.000000 0.364395 0.000000 0.000000 0.000000 0.000000 0.000000 0.000000 0.000000 0.001737
 0.000000 0.265525 0.002644 0.000000 0.000000 0.000000 0.245072 0.000000 0.000000 0.000000 0.000000 0.000000 0.000000 0.281473 0.000000 0.000000 0.000000 0.000000 0.000000 0.205286
 0.000000 0.000000 0.341031 0.000000 0.000000 0.296984 0.000000 0.000000 0.000000 0.000000 0.000000 0.000000 0.000000 0.326707 0.000000 0.000000 0.000000 0.035278 0.000000 0.000000
 0.000000 0.000000 0.000000 0.131860 0.000000 0.000000 0.000000 0.000000 0.000000 0.000000 0.000000 0.000000 0.000000 0.000000 0.000000 0.437627 0.430513 0.000000 0.000000 0.000000
 0.499992 0.000000 0.000000 0.000000 0.000000 0.000000 0.000000 0.000000 0.000000 0.000000 0.000000 0.000000 0.000000 0.000000 0.500008 0.000000 0.000000 0.000000 0.000000 0.000000
 0.000000 0.000000 0.000000 0.000000 0.000000 0.000000 0.000000 0.000000 0.000000 0.000000 0.500071 0.000000 0.499929 0.000000 0.000000 0.000000 0.000000 0.000000 0.000000 0.000000
 0.000000 0.000000 0.000000 0.000000 0.000000 0.000000 0.000000 0.000000 0.000000 0.499957 0.000000 0.000000 0.000000 0.000000 0.499930 0.000000 0.000000 0.000000 0.000114 0.000000
 0.000000 0.021331 0.289171 0.000000 0.334729 0.000000 0.000000 0.000000 0.000000 0.000000 0.000000 0.000000 0.000000 0.000000 0.000000 0.000000 0.000000 0.000000 0.000000 0.354769
 0.000000 0.000000 0.000000 0.000000 0.000000 0.000000 0.000000 0.000000 0.000000 0.459037 0.000000 0.000000 0.000000 0.000000 0.000000 0.000000 0.082659 0.000000 0.458304 0.000000
 0.000000 0.000000 0.000022 0.000000 0.000000 0.352436 0.337569 0.000000 0.000000 0.000000 0.000000 0.000000 0.000000 0.000000 0.000000 0.000000 0.000000 0.309973 0.000000 0.000000
 0.000000 0.000000 0.000000 0.000000 0.000000 0.000000 0.000000 0.000000 0.500013 0.000000 0.499987 0.000000 0.000000 0.000000 0.000000 0.000000 0.000000 0.000000 0.000000 0.000000
 0.000000 0.000000 0.000000 0.000000 0.000000 0.000000 0.000000 0.497098 0.000000 0.000000 0.000000 0.000000 0.000000 0.000000 0.000000 0.000000 0.005804 0.497098 0.000000 0.000000
 0.000000 0.000000 0.000000 0.333038 0.000000 0.000000 0.000000 0.328103 0.000000 0.000000 0.000000 0.000000 0.060041 0.000000 0.000000 0.003894 0.000000 0.000000 0.274924 0.000000
 0.000000 0.000000 0.308926 0.000000 0.000000 0.000000 0.036045 0.000000 0.000000 0.000000 0.000000 0.000000 0.000000 0.306520 0.000000 0.348509 0.000000 0.000000 0.000000 0.000000
 0.000000 0.000000 0.000000 0.353170 0.000000 0.000000 0.000000 0.000000 0.000000 0.000000 0.000081 0.000000 0.354218 0.000000 0.000000 0.000000 0.292532 0.000000 0.000000 0.000000
 0.000000 0.366754 0.000000 0.000000 0.001638 0.267484 0.000000 0.000000 0.000000 0.000000 0.000000 0.364125 0.000000 0.000000 0.000000 0.000000 0.000000 0.000000 0.000000 0.000000
the mean of prob-rank is 1.368421052631579
the number of false negetive edges is 0
the number of probability greater than 0 is 3.6/edge
