20
 0.000000 0.000000 0.000000 0.000000 0.068650 0.000000 0.000000 0.000000 0.000676 0.000000 0.000000 0.000000 0.000000 0.000000 0.000000 0.466124 0.000000 0.000000 0.464551 0.000000
 0.000000 0.000000 0.000000 0.487141 0.000000 0.000000 0.000000 0.024606 0.000000 0.000000 0.000000 0.000000 0.000000 0.000000 0.000000 0.000000 0.488252 0.000000 0.000000 0.000000
 0.000000 0.000000 0.000000 0.000000 0.000000 0.000000 0.000000 0.000000 0.000000 0.000000 0.500000 0.000000 0.500000 0.000000 0.000000 0.000000 0.000000 0.000000 0.000000 0.000000
 0.000000 0.471054 0.000000 0.000000 0.000000 0.000790 0.000024 0.000000 0.000000 0.000000 0.000000 0.471564 0.000000 0.000000 0.000000 0.000000 0.000000 0.000000 0.056567 0.000000
 0.068649 0.000000 0.000000 0.000000 0.000000 0.000000 0.000000 0.000000 0.466117 0.000000 0.000000 0.000000 0.000000 0.000000 0.000000 0.000000 0.000000 0.000000 0.465234 0.000000
 0.000000 0.000000 0.000000 0.000836 0.000000 0.000000 0.000000 0.499570 0.000000 0.000000 0.000000 0.000000 0.499594 0.000000 0.000000 0.000000 0.000000 0.000000 0.000000 0.000000
 0.000000 0.000000 0.000000 0.000025 0.000000 0.000000 0.000000 0.000000 0.000000 0.000000 0.000000 0.486901 0.000000 0.026669 0.000000 0.000000 0.000000 0.486405 0.000000 0.000000
 0.000000 0.024580 0.000000 0.000000 0.000000 0.487703 0.000000 0.000000 0.000000 0.000000 0.000000 0.000000 0.000000 0.000000 0.000000 0.000000 0.487718 0.000000 0.000000 0.000000
 0.000724 0.000000 0.000000 0.000000 0.499637 0.000000 0.000000 0.000000 0.000000 0.499639 0.000000 0.000000 0.000000 0.000000 0.000000 0.000000 0.000000 0.000000 0.000000 0.000000
 0.000000 0.000000 0.000000 0.000000 0.000000 0.000000 0.000000 0.000000 0.500025 0.000000 0.000000 0.000000 0.000000 0.000000 0.499975 0.000000 0.000000 0.000000 0.000000 0.000000
 0.000000 0.000000 0.500004 0.000000 0.000000 0.000000 0.000000 0.000000 0.000000 0.000000 0.000000 0.000000 0.000000 0.000000 0.000000 0.499996 0.000000 0.000000 0.000000 0.000000
 0.000000 0.000000 0.000000 0.480825 0.000000 0.000000 0.481294 0.000000 0.000000 0.000000 0.000000 0.000000 0.000000 0.000000 0.000000 0.000000 0.000000 0.000000 0.037882 0.000000
 0.000000 0.000000 0.499685 0.000000 0.000000 0.499678 0.000000 0.000000 0.000000 0.000000 0.000000 0.000000 0.000000 0.000000 0.000000 0.000000 0.000000 0.000000 0.000637 0.000000
 0.000000 0.000000 0.000000 0.000000 0.000000 0.000000 0.026668 0.000000 0.000000 0.000000 0.000000 0.000000 0.000000 0.000000 0.000000 0.000000 0.000000 0.486989 0.000000 0.486343
 0.000000 0.000000 0.000000 0.000000 0.000000 0.000000 0.000000 0.000000 0.000000 0.499975 0.000000 0.000000 0.000000 0.000000 0.000000 0.000000 0.000000 0.000000 0.000000 0.500025
 0.500004 0.000000 0.000000 0.000000 0.000000 0.000000 0.000000 0.000000 0.000000 0.000000 0.499996 0.000000 0.000000 0.000000 0.000000 0.000000 0.000000 0.000000 0.000000 0.000000
 0.000000 0.500004 0.000000 0.000000 0.000000 0.000000 0.000000 0.499996 0.000000 0.000000 0.000000 0.000000 0.000000 0.000000 0.000000 0.000000 0.000000 0.000000 0.000000 0.000000
 0.000000 0.000000 0.000000 0.000000 0.000000 0.000000 0.488447 0.000000 0.000000 0.000000 0.000000 0.000000 0.000000 0.489060 0.000000 0.000000 0.000000 0.000000 0.000000 0.022493
 0.454146 0.000000 0.000000 0.054596 0.454819 0.000000 0.000000 0.000000 0.000000 0.000000 0.000000 0.035858 0.000581 0.000000 0.000000 0.000000 0.000000 0.000000 0.000000 0.000000
 0.000000 0.000000 0.000000 0.000000 0.000000 0.000000 0.000000 0.000000 0.000000 0.000000 0.000000 0.000000 0.000000 0.488429 0.489078 0.000000 0.000000 0.022493 0.000000 0.000000
the mean of prob-rank is 1.5263157894736843
the number of false negetive edges is 0
the number of probability greater than 0 is 3.0/edge
