20
 0.000000 0.000000 0.000000 0.000000 0.000000 0.000000 0.179892 0.075984 0.000000 0.000000 0.000000 0.000000 0.000000 0.000000 0.368354 0.000000 0.000000 0.000000 0.375770 0.000000
 0.000000 0.000000 0.000000 0.369973 0.000000 0.000000 0.365862 0.000000 0.000000 0.000000 0.000000 0.000000 0.000000 0.000000 0.264165 0.000000 0.000000 0.000000 0.000000 0.000000
 0.000000 0.000000 0.000000 0.000000 0.001087 0.000000 0.000000 0.000000 0.000000 0.000000 0.000000 0.000000 0.000000 0.000000 0.000000 0.000000 0.499436 0.499477 0.000000 0.000000
 0.000000 0.500000 0.000000 0.000000 0.000000 0.000000 0.000000 0.000000 0.000000 0.000000 0.500000 0.000000 0.000000 0.000000 0.000000 0.000000 0.000000 0.000000 0.000000 0.000000
 0.000000 0.000000 0.001087 0.000000 0.000000 0.499433 0.000000 0.000000 0.499432 0.000000 0.000000 0.000000 0.000000 0.000000 0.000000 0.000000 0.000048 0.000000 0.000000 0.000000
 0.000000 0.000000 0.000000 0.000000 0.499881 0.000000 0.000000 0.000000 0.000234 0.000000 0.499885 0.000000 0.000000 0.000000 0.000000 0.000000 0.000000 0.000000 0.000000 0.000000
 0.193981 0.400758 0.000000 0.000000 0.000000 0.000000 0.000000 0.000000 0.000000 0.000000 0.000000 0.000000 0.000001 0.000000 0.405261 0.000000 0.000000 0.000000 0.000000 0.000000
 0.091194 0.000000 0.000000 0.000000 0.000000 0.000000 0.000000 0.000000 0.000000 0.007152 0.000000 0.000000 0.450593 0.000000 0.000005 0.000000 0.000000 0.000000 0.451056 0.000000
 0.000000 0.000000 0.000000 0.000000 0.499880 0.000234 0.000000 0.000000 0.000000 0.000000 0.000000 0.000000 0.000000 0.000000 0.000000 0.000000 0.000000 0.499886 0.000000 0.000000
 0.000000 0.000000 0.000000 0.000000 0.000000 0.000000 0.000000 0.007866 0.000000 0.000000 0.000000 0.496068 0.496066 0.000000 0.000000 0.000000 0.000000 0.000000 0.000000 0.000000
 0.000000 0.000000 0.000000 0.500000 0.000000 0.500000 0.000000 0.000000 0.000000 0.000000 0.000000 0.000000 0.000000 0.000000 0.000000 0.000000 0.000000 0.000000 0.000000 0.000000
 0.000000 0.000000 0.000000 0.000000 0.000000 0.000000 0.000000 0.000000 0.000000 0.500000 0.000000 0.000000 0.000000 0.500000 0.000000 0.000000 0.000000 0.000000 0.000000 0.000000
 0.000000 0.000000 0.000000 0.000000 0.000000 0.000000 0.000001 0.466209 0.000000 0.466686 0.000000 0.000000 0.000000 0.000000 0.019625 0.000000 0.000000 0.000000 0.047479 0.000000
 0.000000 0.000000 0.000000 0.000000 0.000000 0.000000 0.000000 0.000000 0.000000 0.000000 0.000000 0.500000 0.000000 0.000000 0.000000 0.000000 0.000000 0.000000 0.000000 0.500000
 0.358117 0.260888 0.000000 0.000000 0.000000 0.000000 0.365382 0.000004 0.000000 0.000000 0.000000 0.000000 0.015365 0.000000 0.000000 0.000000 0.000000 0.000000 0.000244 0.000000
 0.000000 0.000000 0.000000 0.000000 0.000000 0.000000 0.000000 0.000000 0.000000 0.000000 0.000000 0.000000 0.000000 0.000000 0.000000 0.000000 0.500000 0.000000 0.000000 0.500000
 0.000000 0.000000 0.499955 0.000000 0.000048 0.000000 0.000000 0.000000 0.000000 0.000000 0.000000 0.000000 0.000000 0.000000 0.000000 0.499997 0.000000 0.000000 0.000000 0.000000
 0.000000 0.000000 0.500000 0.000000 0.000000 0.000000 0.000000 0.000000 0.500000 0.000000 0.000000 0.000000 0.000000 0.000000 0.000000 0.000000 0.000000 0.000000 0.000000 0.000000
 0.475608 0.000000 0.000000 0.000000 0.000000 0.000000 0.000000 0.475681 0.000000 0.000000 0.000000 0.000000 0.048394 0.000000 0.000318 0.000000 0.000000 0.000000 0.000000 0.000000
 0.000000 0.000000 0.000000 0.000000 0.000000 0.000000 0.000000 0.000000 0.000000 0.000000 0.000000 0.000000 0.000000 0.500000 0.000000 0.500000 0.000000 0.000000 0.000000 0.000000
the mean of prob-rank is 1.4210526315789473
the number of false negetive edges is 0
the number of probability greater than 0 is 3.1/edge
