20
 0.000000 0.000000 0.000000 0.348989 0.000000 0.000000 0.000000 0.000000 0.000000 0.000000 0.000000 0.000000 0.162199 0.000000 0.000000 0.135439 0.000000 0.000000 0.353374 0.000000
 0.000000 0.000000 0.000000 0.069410 0.253471 0.000000 0.000000 0.214763 0.134738 0.000000 0.252433 0.000000 0.000000 0.000000 0.000580 0.000000 0.000000 0.000000 0.074604 0.000000
 0.000000 0.000000 0.000000 0.000000 0.000000 0.478787 0.000000 0.000000 0.000000 0.000000 0.042154 0.000000 0.000000 0.000000 0.000000 0.000000 0.479059 0.000000 0.000000 0.000000
 0.299317 0.079072 0.000000 0.000000 0.000000 0.000000 0.000000 0.000000 0.225858 0.000000 0.013403 0.000000 0.298849 0.000000 0.000000 0.000000 0.000000 0.000000 0.083501 0.000000
 0.000000 0.287702 0.000000 0.000000 0.000000 0.000000 0.000000 0.000000 0.000000 0.000000 0.249900 0.000000 0.000000 0.000000 0.000000 0.000000 0.159613 0.000000 0.000000 0.302785
 0.000000 0.000000 0.480942 0.000000 0.000000 0.000000 0.000000 0.000000 0.000000 0.000000 0.000461 0.000000 0.000000 0.000000 0.000000 0.000000 0.037381 0.481216 0.000000 0.000000
 0.000000 0.000000 0.000000 0.000000 0.000000 0.000000 0.000000 0.055936 0.000000 0.000004 0.000000 0.472009 0.000000 0.472050 0.000001 0.000000 0.000000 0.000000 0.000000 0.000000
 0.000000 0.248213 0.000000 0.000000 0.000000 0.000000 0.036533 0.000000 0.173827 0.131620 0.008870 0.092707 0.000000 0.001191 0.307040 0.000000 0.000000 0.000000 0.000000 0.000000
 0.000000 0.121205 0.000000 0.178348 0.000000 0.000000 0.000000 0.135295 0.000000 0.000000 0.000100 0.118938 0.239966 0.000000 0.206146 0.000000 0.000000 0.000000 0.000001 0.000000
 0.000000 0.000000 0.000000 0.000000 0.000000 0.000000 0.000004 0.176404 0.000000 0.000000 0.000000 0.000000 0.000000 0.413211 0.000014 0.000000 0.000000 0.000000 0.000000 0.410368
 0.000000 0.311328 0.028949 0.014511 0.271534 0.000315 0.000000 0.009465 0.000138 0.000000 0.000000 0.000000 0.000000 0.000000 0.000000 0.000000 0.320407 0.000001 0.029266 0.014087
 0.000000 0.000000 0.000000 0.000000 0.000000 0.000000 0.360097 0.108289 0.178496 0.000000 0.000000 0.000000 0.000000 0.000000 0.353119 0.000000 0.000000 0.000000 0.000000 0.000000
 0.179269 0.000000 0.000000 0.385115 0.000000 0.000000 0.000000 0.000000 0.391613 0.000000 0.000000 0.000000 0.000018 0.000000 0.000000 0.043984 0.000000 0.000000 0.000000 0.000000
 0.000000 0.000000 0.000000 0.000000 0.000000 0.000000 0.499036 0.001927 0.000000 0.499037 0.000000 0.000000 0.000000 0.000000 0.000000 0.000000 0.000000 0.000000 0.000000 0.000000
 0.000000 0.000766 0.000000 0.000000 0.000000 0.000000 0.000001 0.350949 0.302732 0.000012 0.000000 0.345540 0.000000 0.000000 0.000000 0.000000 0.000000 0.000000 0.000000 0.000000
 0.153363 0.000000 0.000000 0.000000 0.000000 0.000000 0.000000 0.000000 0.000000 0.000000 0.000000 0.000000 0.045063 0.000000 0.000000 0.000000 0.000000 0.401204 0.400370 0.000000
 0.000000 0.000000 0.387586 0.000000 0.204316 0.030108 0.000000 0.000000 0.000000 0.000000 0.377466 0.000000 0.000000 0.000000 0.000000 0.000000 0.000000 0.000000 0.000000 0.000524
 0.000000 0.000000 0.000000 0.000000 0.000000 0.500006 0.000000 0.000000 0.000000 0.000000 0.000001 0.000000 0.000000 0.000000 0.000000 0.499992 0.000000 0.000000 0.000000 0.000000
 0.377972 0.105989 0.000000 0.104135 0.000000 0.000000 0.000000 0.000000 0.000002 0.000000 0.033713 0.000000 0.000000 0.000000 0.000000 0.378188 0.000000 0.000000 0.000000 0.000000
 0.000000 0.000000 0.000000 0.000000 0.490848 0.000000 0.000000 0.000000 0.000000 0.487471 0.021017 0.000000 0.000000 0.000000 0.000000 0.000000 0.000664 0.000000 0.000000 0.000000
the mean of prob-rank is 1.631578947368421
the number of false negetive edges is 0
the number of probability greater than 0 is 5.15/edge
