20
 0.000000 0.000000 0.300529 0.000000 0.000000 0.000000 0.000019 0.000000 0.000000 0.000000 0.000000 0.000000 0.007566 0.224624 0.000000 0.000000 0.000000 0.000000 0.298533 0.168730
 0.000000 0.000000 0.000000 0.000000 0.000000 0.000000 0.000000 0.000000 0.000000 0.137363 0.000000 0.000000 0.000000 0.000000 0.000000 0.431786 0.430852 0.000000 0.000000 0.000000
 0.402363 0.000000 0.000000 0.415896 0.000000 0.000000 0.000000 0.000000 0.000000 0.000000 0.000000 0.000000 0.000000 0.000000 0.000000 0.000000 0.000000 0.000000 0.181669 0.000072
 0.000000 0.000000 0.500020 0.000000 0.000000 0.000000 0.000000 0.000000 0.000000 0.000000 0.000000 0.000000 0.000000 0.000000 0.000000 0.000000 0.000000 0.000000 0.000089 0.499891
 0.000000 0.000000 0.000000 0.000000 0.000000 0.000000 0.000000 0.000000 0.000000 0.000000 0.500001 0.000000 0.000000 0.000000 0.000000 0.000000 0.000000 0.499999 0.000000 0.000000
 0.000000 0.000000 0.000000 0.000000 0.000000 0.000000 0.000000 0.000000 0.499999 0.000000 0.000000 0.000000 0.000000 0.000000 0.500001 0.000000 0.000000 0.000000 0.000000 0.000000
 0.000029 0.000000 0.000000 0.000000 0.000000 0.000000 0.000000 0.000000 0.000000 0.000000 0.000000 0.000000 0.000000 0.025951 0.487860 0.000000 0.000000 0.000000 0.000000 0.486160
 0.000000 0.000000 0.000000 0.000000 0.000000 0.000000 0.000000 0.000000 0.500000 0.000000 0.000000 0.500000 0.000000 0.000000 0.000000 0.000000 0.000000 0.000000 0.000000 0.000000
 0.000000 0.000000 0.000000 0.000000 0.000000 0.499999 0.000000 0.500001 0.000000 0.000000 0.000000 0.000000 0.000000 0.000000 0.000000 0.000000 0.000000 0.000000 0.000000 0.000000
 0.000000 0.137343 0.000000 0.000000 0.000000 0.000000 0.000000 0.000000 0.000000 0.000000 0.000000 0.000000 0.000000 0.000000 0.000000 0.430932 0.000000 0.431725 0.000000 0.000000
 0.000000 0.000000 0.000000 0.000000 0.500000 0.000000 0.000000 0.000000 0.000000 0.000000 0.000000 0.500000 0.000000 0.000000 0.000000 0.000000 0.000000 0.000000 0.000000 0.000000
 0.000000 0.000000 0.000000 0.000000 0.000000 0.000000 0.000000 0.500000 0.000000 0.000000 0.500000 0.000000 0.000000 0.000000 0.000000 0.000000 0.000000 0.000000 0.000000 0.000000
 0.009712 0.000000 0.000000 0.000000 0.000000 0.000000 0.000000 0.000000 0.000000 0.000000 0.000000 0.000000 0.000000 0.398772 0.000000 0.000000 0.391194 0.000000 0.200323 0.000000
 0.236181 0.000000 0.000000 0.000000 0.000000 0.000000 0.017374 0.000000 0.000000 0.000000 0.000000 0.000000 0.326619 0.000000 0.000000 0.000000 0.109544 0.000000 0.310283 0.000000
 0.000000 0.000000 0.000000 0.000000 0.000000 0.500000 0.500000 0.000000 0.000000 0.000000 0.000000 0.000000 0.000000 0.000000 0.000000 0.000000 0.000000 0.000000 0.000000 0.000000
 0.000000 0.442311 0.000000 0.000000 0.000000 0.000000 0.000000 0.000000 0.000000 0.441499 0.000000 0.000000 0.000000 0.000000 0.000000 0.000000 0.116190 0.000000 0.000000 0.000000
 0.000000 0.340227 0.000000 0.000000 0.000000 0.000000 0.000000 0.000000 0.000000 0.000000 0.000000 0.000000 0.334483 0.114354 0.000000 0.089567 0.000000 0.000000 0.121368 0.000000
 0.000000 0.000000 0.000000 0.000000 0.499999 0.000000 0.000000 0.000000 0.000000 0.500001 0.000000 0.000000 0.000000 0.000000 0.000000 0.000000 0.000000 0.000000 0.000000 0.000000
 0.299732 0.000000 0.136236 0.000056 0.000000 0.000000 0.000000 0.000000 0.000000 0.000000 0.000000 0.000000 0.156675 0.296285 0.000000 0.000000 0.111017 0.000000 0.000000 0.000000
 0.213882 0.000000 0.000068 0.393660 0.000000 0.000000 0.392389 0.000000 0.000000 0.000000 0.000000 0.000000 0.000000 0.000000 0.000000 0.000000 0.000000 0.000000 0.000000 0.000000
the mean of prob-rank is 1.5789473684210527
the number of false negetive edges is 0
the number of probability greater than 0 is 3.3/edge
