20
 0.000000 0.000000 0.000000 0.000000 0.000000 0.499998 0.000000 0.000000 0.000000 0.000000 0.000000 0.000000 0.000000 0.000000 0.500002 0.000000 0.000000 0.000000 0.000000 0.000000
 0.000000 0.000000 0.115479 0.000000 0.439185 0.000000 0.000000 0.000000 0.004945 0.000000 0.000000 0.000000 0.440134 0.000000 0.000000 0.000000 0.000000 0.000257 0.000000 0.000000
 0.000000 0.115015 0.000000 0.009433 0.000000 0.000000 0.000000 0.000000 0.000000 0.000000 0.000000 0.000000 0.000000 0.000000 0.000000 0.437178 0.000000 0.438373 0.000000 0.000000
 0.000000 0.000000 0.007530 0.000000 0.000000 0.000000 0.000000 0.285862 0.006929 0.298159 0.000000 0.000000 0.000155 0.000000 0.000000 0.038765 0.000000 0.000000 0.349403 0.013197
 0.000000 0.438458 0.000000 0.000000 0.000000 0.000000 0.000000 0.000000 0.000000 0.000000 0.000000 0.122131 0.000000 0.000000 0.000000 0.000000 0.000000 0.439411 0.000000 0.000000
 0.499998 0.000000 0.000000 0.000000 0.000000 0.000000 0.000000 0.000000 0.000000 0.000000 0.000000 0.000000 0.000000 0.500002 0.000000 0.000000 0.000000 0.000000 0.000000 0.000000
 0.000000 0.000000 0.000000 0.000000 0.000000 0.000000 0.000000 0.000000 0.000000 0.000000 0.000000 0.000000 0.000000 0.500000 0.000000 0.000000 0.000000 0.000000 0.000000 0.500000
 0.000000 0.000000 0.000000 0.275980 0.000000 0.000000 0.000000 0.000000 0.000000 0.012657 0.000000 0.000000 0.000000 0.000000 0.000000 0.051888 0.000000 0.000000 0.328204 0.331272
 0.000000 0.005535 0.000000 0.009755 0.000000 0.000000 0.000000 0.000000 0.000000 0.000000 0.000000 0.492063 0.492647 0.000000 0.000000 0.000000 0.000000 0.000000 0.000000 0.000000
 0.000000 0.000000 0.000000 0.293890 0.000000 0.000000 0.000000 0.012922 0.000000 0.000000 0.000000 0.000000 0.000000 0.000015 0.000000 0.344912 0.000000 0.000000 0.269642 0.078620
 0.000000 0.000000 0.000000 0.000000 0.000000 0.000000 0.000000 0.000000 0.000000 0.000000 0.000000 0.000000 0.000000 0.000000 0.500000 0.000000 0.500000 0.000000 0.000000 0.000000
 0.000000 0.000000 0.000000 0.000000 0.122078 0.000000 0.000000 0.000000 0.438701 0.000000 0.000000 0.000000 0.000000 0.000000 0.000000 0.000000 0.439221 0.000000 0.000000 0.000000
 0.000000 0.499886 0.000000 0.000221 0.000000 0.000000 0.000000 0.000000 0.499893 0.000000 0.000000 0.000000 0.000000 0.000000 0.000000 0.000000 0.000000 0.000000 0.000000 0.000000
 0.000000 0.000000 0.000000 0.000000 0.000000 0.499989 0.499989 0.000000 0.000000 0.000021 0.000000 0.000000 0.000000 0.000000 0.000000 0.000000 0.000000 0.000000 0.000000 0.000000
 0.500000 0.000000 0.000000 0.000000 0.000000 0.000000 0.000000 0.000000 0.000000 0.000000 0.500000 0.000000 0.000000 0.000000 0.000000 0.000000 0.000000 0.000000 0.000000 0.000000
 0.000000 0.000000 0.389193 0.043234 0.000000 0.000000 0.000000 0.059941 0.000000 0.390257 0.000000 0.000000 0.000000 0.000000 0.000000 0.000000 0.000000 0.000000 0.117376 0.000000
 0.000000 0.000000 0.000000 0.000000 0.000000 0.000000 0.000000 0.000000 0.000000 0.000000 0.500000 0.500000 0.000000 0.000000 0.000000 0.000000 0.000000 0.000000 0.000000 0.000000
 0.000000 0.000292 0.499854 0.000000 0.499854 0.000000 0.000000 0.000000 0.000000 0.000000 0.000000 0.000000 0.000000 0.000000 0.000000 0.000000 0.000000 0.000000 0.000000 0.000000
 0.000000 0.000000 0.000000 0.327106 0.000000 0.000000 0.000000 0.318262 0.000000 0.256101 0.000000 0.000000 0.000000 0.000000 0.000000 0.098528 0.000000 0.000000 0.000000 0.000003
 0.000000 0.000000 0.000000 0.016789 0.000000 0.000000 0.445183 0.436547 0.000000 0.101476 0.000000 0.000000 0.000000 0.000000 0.000000 0.000000 0.000000 0.000000 0.000004 0.000000
the mean of prob-rank is 1.5263157894736843
the number of false negetive edges is 0
the number of probability greater than 0 is 3.7/edge
