20
 0.000000 0.000000 0.000000 0.000000 0.000240 0.499926 0.000000 0.000000 0.000000 0.000000 0.000000 0.000000 0.499835 0.000000 0.000000 0.000000 0.000000 0.000000 0.000000 0.000000
 0.000000 0.000000 0.000000 0.500002 0.000000 0.000000 0.000000 0.000000 0.000000 0.000000 0.499998 0.000000 0.000000 0.000000 0.000000 0.000000 0.000000 0.000000 0.000000 0.000000
 0.000000 0.000000 0.000000 0.000000 0.000000 0.000000 0.000000 0.347555 0.000000 0.000000 0.000000 0.000000 0.000000 0.000000 0.305589 0.000000 0.000004 0.346853 0.000000 0.000000
 0.000000 0.500000 0.000000 0.000000 0.000000 0.000000 0.000000 0.000000 0.000000 0.000000 0.000000 0.000000 0.000000 0.000000 0.000000 0.000000 0.000000 0.000000 0.000000 0.500000
 0.000240 0.000000 0.000000 0.000000 0.000000 0.499715 0.000000 0.000000 0.000000 0.000000 0.000000 0.500045 0.000000 0.000000 0.000000 0.000000 0.000000 0.000000 0.000000 0.000000
 0.483530 0.000000 0.000000 0.000000 0.483210 0.000000 0.000000 0.000000 0.000000 0.000000 0.000000 0.000000 0.033259 0.000000 0.000000 0.000000 0.000000 0.000000 0.000000 0.000000
 0.000000 0.000000 0.000000 0.000000 0.000000 0.000000 0.000000 0.000000 0.497948 0.000000 0.000000 0.000000 0.000008 0.497904 0.000171 0.000000 0.000003 0.000000 0.003967 0.000000
 0.000000 0.000000 0.478790 0.000000 0.000000 0.000000 0.000000 0.000000 0.000000 0.002101 0.000000 0.000000 0.000000 0.000000 0.000572 0.000000 0.480119 0.028469 0.009948 0.000000
 0.000000 0.000000 0.000000 0.000000 0.000000 0.000000 0.500002 0.000000 0.000000 0.000000 0.000000 0.499994 0.000004 0.000000 0.000000 0.000000 0.000000 0.000000 0.000000 0.000000
 0.000000 0.000000 0.000000 0.000000 0.000000 0.000000 0.000000 0.001719 0.000000 0.000000 0.000000 0.000000 0.000000 0.000000 0.358250 0.393600 0.000000 0.246430 0.000000 0.000000
 0.000000 0.499998 0.000000 0.000000 0.000000 0.000000 0.000000 0.000000 0.000000 0.000000 0.000000 0.000000 0.000000 0.500002 0.000000 0.000000 0.000000 0.000000 0.000000 0.000000
 0.000000 0.000000 0.000000 0.000000 0.500003 0.000000 0.000000 0.000000 0.499994 0.000000 0.000000 0.000000 0.000000 0.000002 0.000000 0.000000 0.000000 0.000000 0.000000 0.000000
 0.482304 0.000000 0.000000 0.000000 0.000000 0.033181 0.000008 0.000000 0.000004 0.000000 0.000000 0.000000 0.000000 0.000000 0.000000 0.000000 0.006586 0.000000 0.477918 0.000000
 0.000000 0.000000 0.000000 0.000000 0.000000 0.000000 0.499946 0.000000 0.000000 0.000000 0.499990 0.000002 0.000000 0.000000 0.000062 0.000000 0.000000 0.000000 0.000000 0.000000
 0.000000 0.000000 0.314148 0.000000 0.000000 0.000000 0.000123 0.000427 0.000000 0.326694 0.000000 0.000000 0.000000 0.000045 0.000000 0.000000 0.000000 0.358563 0.000000 0.000000
 0.000000 0.000000 0.000000 0.000000 0.000000 0.000000 0.000000 0.000000 0.000000 0.500000 0.000000 0.000000 0.000000 0.000000 0.000000 0.000000 0.000000 0.000000 0.000000 0.500000
 0.000000 0.000000 0.000005 0.000000 0.000000 0.000000 0.000003 0.496153 0.000000 0.000000 0.000000 0.000000 0.006786 0.000000 0.000000 0.000000 0.000000 0.000000 0.497053 0.000000
 0.000000 0.000000 0.371000 0.000000 0.000000 0.000000 0.000000 0.022104 0.000000 0.233820 0.000000 0.000000 0.000000 0.000000 0.373076 0.000000 0.000000 0.000000 0.000000 0.000000
 0.000000 0.000000 0.000000 0.000000 0.000000 0.000000 0.003945 0.010242 0.000000 0.000000 0.000000 0.000000 0.490610 0.000000 0.000000 0.000000 0.495203 0.000000 0.000000 0.000000
 0.000000 0.000000 0.000000 0.500000 0.000000 0.000000 0.000000 0.000000 0.000000 0.000000 0.000000 0.000000 0.000000 0.000000 0.000000 0.500000 0.000000 0.000000 0.000000 0.000000
the mean of prob-rank is 1.631578947368421
the number of false negetive edges is 0
the number of probability greater than 0 is 3.7/edge
