20
 0.000000 0.000000 0.000000 0.000000 0.000000 0.004701 0.000000 0.000000 0.491731 0.000000 0.011586 0.000000 0.000000 0.000000 0.000000 0.000000 0.000000 0.000000 0.000000 0.491982
 0.000000 0.000000 0.000000 0.395187 0.002346 0.000000 0.000000 0.121604 0.000000 0.000000 0.000000 0.000000 0.000000 0.000000 0.091624 0.389240 0.000000 0.000000 0.000000 0.000000
 0.000000 0.000000 0.000000 0.000000 0.036150 0.000257 0.000000 0.140083 0.000000 0.243728 0.000000 0.123880 0.191011 0.034787 0.000000 0.000000 0.088274 0.000001 0.141828 0.000000
 0.000000 0.443964 0.000000 0.000000 0.000813 0.000000 0.000000 0.113279 0.000000 0.000000 0.000000 0.000000 0.000000 0.000000 0.000000 0.000000 0.000000 0.441945 0.000000 0.000000
 0.000000 0.001729 0.043216 0.000533 0.000000 0.267292 0.000000 0.291388 0.000000 0.000183 0.000000 0.000000 0.153295 0.000000 0.000001 0.242231 0.000000 0.000000 0.000131 0.000000
 0.002226 0.000000 0.000246 0.000000 0.213762 0.000000 0.000000 0.043913 0.228351 0.000001 0.000000 0.000000 0.067063 0.000000 0.183240 0.174255 0.025068 0.000000 0.061873 0.000000
 0.000000 0.000000 0.000000 0.000000 0.000000 0.000000 0.000000 0.000000 0.000000 0.000000 0.000000 0.465761 0.000000 0.465482 0.000000 0.000000 0.000000 0.068757 0.000000 0.000000
 0.000000 0.083160 0.155341 0.068955 0.270293 0.050934 0.000000 0.000000 0.000000 0.000589 0.000000 0.000000 0.188155 0.000000 0.000000 0.182542 0.000003 0.000000 0.000028 0.000000
 0.418401 0.000000 0.000000 0.000000 0.000000 0.410207 0.000000 0.000000 0.000000 0.000000 0.000000 0.039001 0.000002 0.000000 0.000000 0.000000 0.081911 0.000000 0.050465 0.000013
 0.000000 0.000000 0.373015 0.000000 0.000235 0.000002 0.000000 0.000813 0.000000 0.000000 0.000000 0.000000 0.371237 0.000000 0.000000 0.000000 0.011969 0.000000 0.242730 0.000000
 0.011639 0.000000 0.000000 0.000000 0.000000 0.000000 0.000000 0.000000 0.000000 0.000000 0.000000 0.000000 0.000000 0.000000 0.494229 0.000000 0.000000 0.000000 0.000000 0.494132
 0.000000 0.000000 0.195573 0.000000 0.000000 0.000000 0.384806 0.000000 0.035851 0.000000 0.000000 0.000000 0.000000 0.000000 0.000000 0.000000 0.383768 0.000000 0.000002 0.000000
 0.000000 0.000000 0.180468 0.000000 0.121153 0.066274 0.000000 0.160309 0.000001 0.229177 0.000000 0.000000 0.000000 0.000000 0.000000 0.000000 0.016828 0.000000 0.225790 0.000000
 0.000000 0.000000 0.066626 0.000000 0.000000 0.000000 0.466547 0.000000 0.000000 0.000000 0.000000 0.000000 0.000000 0.000000 0.000000 0.000000 0.000000 0.466826 0.000000 0.000000
 0.000000 0.078771 0.000000 0.000000 0.000001 0.267198 0.000000 0.000000 0.000000 0.000000 0.339802 0.000000 0.000000 0.000000 0.000000 0.314228 0.000000 0.000000 0.000000 0.000000
 0.000000 0.236506 0.000000 0.000000 0.199642 0.179582 0.000000 0.162190 0.000000 0.000000 0.000000 0.000000 0.000000 0.000000 0.222080 0.000000 0.000000 0.000000 0.000000 0.000000
 0.000000 0.000000 0.132119 0.000000 0.000000 0.039244 0.000000 0.000004 0.071383 0.011705 0.000000 0.363826 0.026658 0.000000 0.000000 0.000000 0.000000 0.000000 0.355061 0.000000
 0.000000 0.000000 0.000002 0.464458 0.000000 0.000000 0.068889 0.000000 0.000000 0.000000 0.000000 0.000000 0.000000 0.466652 0.000000 0.000000 0.000000 0.000000 0.000000 0.000000
 0.000000 0.000000 0.162857 0.000000 0.000126 0.074313 0.000000 0.000029 0.033741 0.182115 0.000000 0.000001 0.274414 0.000000 0.000000 0.000000 0.272405 0.000000 0.000000 0.000000
 0.500041 0.000000 0.000000 0.000000 0.000000 0.000000 0.000000 0.000000 0.000015 0.000000 0.499944 0.000000 0.000000 0.000000 0.000000 0.000000 0.000000 0.000000 0.000000 0.000000
the mean of prob-rank is 1.8421052631578947
the number of false negetive edges is 0
the number of probability greater than 0 is 6.05/edge
