20
 0.000000 0.499996 0.000000 0.000000 0.000000 0.000000 0.000000 0.000000 0.500003 0.000000 0.000000 0.000000 0.000000 0.000000 0.000000 0.000000 0.000000 0.000000 0.000000 0.000000
 0.488309 0.000000 0.000000 0.000000 0.000000 0.000000 0.000000 0.000000 0.000000 0.023374 0.000000 0.000000 0.000000 0.000000 0.000000 0.000000 0.000000 0.488316 0.000000 0.000000
 0.000000 0.000000 0.000000 0.000000 0.226792 0.000000 0.000000 0.000000 0.385322 0.000000 0.000000 0.000000 0.000000 0.000000 0.000001 0.000000 0.387885 0.000000 0.000000 0.000000
 0.000000 0.000000 0.000000 0.000000 0.000000 0.000000 0.000000 0.499999 0.000000 0.000000 0.000000 0.500001 0.000000 0.000000 0.000000 0.000000 0.000000 0.000000 0.000000 0.000000
 0.000000 0.000000 0.229290 0.000000 0.000000 0.392653 0.000123 0.000000 0.000000 0.000000 0.000000 0.000000 0.000000 0.000000 0.377933 0.000000 0.000000 0.000000 0.000000 0.000000
 0.000000 0.000000 0.000000 0.000000 0.500002 0.000000 0.000000 0.000000 0.000000 0.000000 0.499998 0.000000 0.000000 0.000000 0.000000 0.000000 0.000000 0.000000 0.000000 0.000000
 0.000000 0.000000 0.000000 0.000000 0.000114 0.000000 0.000000 0.000000 0.000000 0.275603 0.000000 0.000000 0.000000 0.000000 0.362628 0.000000 0.000000 0.000000 0.361653 0.000003
 0.000000 0.000000 0.000000 0.499999 0.000000 0.000000 0.000000 0.000000 0.000000 0.000000 0.000000 0.000000 0.000000 0.000000 0.000000 0.000000 0.000000 0.500001 0.000000 0.000000
 0.400935 0.000000 0.397784 0.000000 0.000000 0.000000 0.000000 0.000000 0.000000 0.112591 0.000000 0.000000 0.000000 0.000000 0.000000 0.000000 0.088691 0.000000 0.000000 0.000000
 0.000000 0.016079 0.000000 0.000000 0.000000 0.000000 0.255246 0.000000 0.094331 0.000000 0.000000 0.000000 0.000000 0.000000 0.000186 0.000000 0.298249 0.000000 0.335909 0.000000
 0.000000 0.000000 0.000000 0.000000 0.000000 0.499998 0.000000 0.000000 0.000000 0.000000 0.000000 0.000000 0.000000 0.000000 0.000000 0.000000 0.000000 0.000000 0.000000 0.500002
 0.000000 0.000000 0.000000 0.500001 0.000000 0.000000 0.000000 0.000000 0.000000 0.000000 0.000000 0.000000 0.000000 0.499999 0.000000 0.000000 0.000000 0.000000 0.000000 0.000000
 0.000000 0.000000 0.000000 0.000000 0.000000 0.000000 0.000000 0.000000 0.000000 0.000000 0.000000 0.000000 0.000000 0.500000 0.000000 0.500000 0.000000 0.000000 0.000000 0.000000
 0.000000 0.000000 0.000000 0.000000 0.000000 0.000000 0.000000 0.000000 0.000000 0.000000 0.000000 0.499999 0.500001 0.000000 0.000000 0.000000 0.000000 0.000000 0.000000 0.000000
 0.000000 0.000000 0.000001 0.000000 0.356341 0.000000 0.370144 0.000000 0.000000 0.000205 0.000000 0.000000 0.000000 0.000000 0.000000 0.000000 0.242562 0.000000 0.030748 0.000000
 0.000000 0.000000 0.000000 0.000000 0.000000 0.000000 0.000000 0.000000 0.000000 0.000000 0.000000 0.000000 0.500000 0.000000 0.000000 0.000000 0.000000 0.000000 0.000000 0.500000
 0.000000 0.000000 0.281455 0.000000 0.000000 0.000000 0.000000 0.000000 0.062339 0.250213 0.000000 0.000000 0.000000 0.000000 0.184638 0.000000 0.000000 0.000000 0.221355 0.000000
 0.000000 0.500000 0.000000 0.000000 0.000000 0.000000 0.000000 0.500000 0.000000 0.000000 0.000000 0.000000 0.000000 0.000000 0.000000 0.000000 0.000000 0.000000 0.000000 0.000000
 0.000000 0.000000 0.000000 0.000000 0.000000 0.000000 0.347954 0.000000 0.000000 0.348961 0.000000 0.000000 0.000000 0.000000 0.028982 0.000000 0.274103 0.000000 0.000000 0.000000
 0.000000 0.000000 0.000000 0.000000 0.000000 0.000000 0.000004 0.000000 0.000000 0.000000 0.499998 0.000000 0.000000 0.000000 0.000000 0.499998 0.000000 0.000000 0.000000 0.000000
the mean of prob-rank is 1.5263157894736843
the number of false negetive edges is 0
the number of probability greater than 0 is 3.1/edge
