20
 0.000000 0.000000 0.244729 0.278692 0.000000 0.001806 0.139336 0.000000 0.000000 0.000000 0.256669 0.000000 0.000000 0.000000 0.000000 0.000000 0.000000 0.000000 0.004959 0.073811
 0.000000 0.000000 0.000000 0.000000 0.000000 0.000000 0.000000 0.000000 0.500000 0.000000 0.000000 0.000000 0.000000 0.000000 0.000000 0.500000 0.000000 0.000000 0.000000 0.000000
 0.228310 0.000000 0.000000 0.018450 0.000000 0.010447 0.199786 0.000000 0.000000 0.000000 0.259995 0.000000 0.068030 0.000000 0.001383 0.000000 0.213599 0.000000 0.000000 0.000000
 0.466115 0.000000 0.033077 0.000000 0.000000 0.010741 0.000001 0.000000 0.000000 0.000000 0.013263 0.000000 0.000000 0.000000 0.000000 0.000000 0.000000 0.000000 0.010871 0.465932
 0.000000 0.000000 0.000000 0.000000 0.000000 0.000000 0.000000 0.000000 0.500000 0.000000 0.000000 0.000000 0.000000 0.500000 0.000000 0.000000 0.000000 0.000000 0.000000 0.000000
 0.003130 0.000000 0.019415 0.011133 0.000000 0.000000 0.000000 0.000000 0.000000 0.000000 0.000000 0.000000 0.000000 0.000000 0.483158 0.000000 0.000000 0.000000 0.000000 0.483163
 0.155245 0.000000 0.238605 0.000001 0.000000 0.000000 0.000000 0.000000 0.000000 0.000000 0.296235 0.000000 0.000000 0.000000 0.000000 0.000000 0.309913 0.000000 0.000000 0.000000
 0.000000 0.000000 0.000000 0.000000 0.000000 0.000000 0.000000 0.000000 0.000000 0.000000 0.000000 0.000000 0.000000 0.000000 0.001261 0.499370 0.000000 0.000000 0.499369 0.000000
 0.000000 0.500000 0.000000 0.000000 0.500000 0.000000 0.000000 0.000000 0.000000 0.000000 0.000000 0.000000 0.000000 0.000000 0.000000 0.000000 0.000000 0.000000 0.000000 0.000000
 0.000000 0.000000 0.000000 0.000000 0.000000 0.000000 0.000000 0.000000 0.000000 0.000000 0.000000 0.500000 0.000000 0.000000 0.000000 0.000000 0.000000 0.500000 0.000000 0.000000
 0.313841 0.000000 0.340771 0.009697 0.000000 0.000000 0.325101 0.000000 0.000000 0.000000 0.000000 0.000000 0.000267 0.000000 0.000000 0.000000 0.010323 0.000000 0.000000 0.000000
 0.000000 0.000000 0.000000 0.000000 0.000000 0.000000 0.000000 0.000000 0.000000 0.500000 0.000000 0.000000 0.000000 0.500000 0.000000 0.000000 0.000000 0.000000 0.000000 0.000000
 0.000000 0.000000 0.115669 0.000000 0.000000 0.000000 0.000000 0.000000 0.000000 0.000000 0.000346 0.000000 0.000000 0.000000 0.000000 0.000000 0.442063 0.441922 0.000000 0.000000
 0.000000 0.000000 0.000000 0.000000 0.500000 0.000000 0.000000 0.000000 0.000000 0.000000 0.000000 0.500000 0.000000 0.000000 0.000000 0.000000 0.000000 0.000000 0.000000 0.000000
 0.000000 0.000000 0.002647 0.000000 0.000000 0.497751 0.000000 0.001257 0.000000 0.000000 0.000000 0.000000 0.000000 0.000000 0.000000 0.000000 0.000000 0.000000 0.497717 0.000628
 0.000000 0.499997 0.000000 0.000000 0.000000 0.000000 0.000000 0.499997 0.000000 0.000000 0.000000 0.000000 0.000000 0.000000 0.000000 0.000000 0.000000 0.000000 0.000005 0.000000
 0.000000 0.000000 0.281307 0.000000 0.000000 0.000000 0.341748 0.000000 0.000000 0.000000 0.010373 0.000000 0.342410 0.000000 0.000000 0.000000 0.000000 0.024162 0.000000 0.000000
 0.000000 0.000000 0.000000 0.000000 0.000000 0.000000 0.000001 0.000000 0.000000 0.483034 0.000000 0.000000 0.482880 0.000000 0.000000 0.000000 0.034085 0.000000 0.000000 0.000000
 0.008717 0.000000 0.000000 0.011427 0.000000 0.000000 0.000000 0.489944 0.000000 0.000000 0.000000 0.000000 0.000000 0.000000 0.489907 0.000005 0.000000 0.000000 0.000000 0.000000
 0.116893 0.000000 0.000000 0.441188 0.000000 0.441362 0.000000 0.000000 0.000000 0.000000 0.000000 0.000000 0.000000 0.000000 0.000557 0.000000 0.000000 0.000000 0.000000 0.000000
the mean of prob-rank is 1.5789473684210527
the number of false negetive edges is 0
the number of probability greater than 0 is 4.05/edge
