20
 0.000000 0.025083 0.000000 0.235648 0.000000 0.000000 0.000000 0.000000 0.000000 0.000000 0.121730 0.000000 0.000000 0.000000 0.000000 0.193640 0.000539 0.000000 0.246140 0.177220
 0.035444 0.000000 0.000000 0.000000 0.000000 0.000000 0.000000 0.284042 0.000000 0.328783 0.000000 0.000000 0.000000 0.000000 0.000000 0.351732 0.000000 0.000000 0.000000 0.000000
 0.000000 0.000000 0.000000 0.000000 0.000000 0.000000 0.000000 0.000000 0.000000 0.000000 0.000000 0.500000 0.000000 0.500000 0.000000 0.000000 0.000000 0.000000 0.000000 0.000000
 0.301740 0.000000 0.000000 0.000000 0.124136 0.000000 0.013676 0.000000 0.000000 0.019933 0.000000 0.000000 0.000000 0.000000 0.000000 0.221501 0.318912 0.000000 0.000000 0.000102
 0.000000 0.000000 0.000000 0.163241 0.000000 0.000000 0.419374 0.000000 0.000000 0.417385 0.000000 0.000000 0.000000 0.000000 0.000000 0.000000 0.000000 0.000000 0.000000 0.000000
 0.000000 0.000000 0.000000 0.000000 0.000000 0.000000 0.000000 0.000000 0.000000 0.000000 0.000000 0.000000 0.000000 0.500004 0.000000 0.000000 0.000000 0.499996 0.000000 0.000000
 0.000000 0.000000 0.000000 0.020992 0.489501 0.000000 0.000000 0.000000 0.000000 0.000091 0.000000 0.489416 0.000000 0.000000 0.000000 0.000000 0.000000 0.000000 0.000000 0.000000
 0.000000 0.295485 0.000000 0.000000 0.000000 0.000000 0.000000 0.000000 0.000000 0.000000 0.000000 0.000000 0.000000 0.000000 0.366102 0.000000 0.000000 0.000000 0.338413 0.000000
 0.000000 0.000000 0.000000 0.000000 0.000000 0.000000 0.000000 0.000000 0.000000 0.000000 0.000000 0.000000 0.500024 0.000000 0.499975 0.000000 0.000000 0.000000 0.000000 0.000000
 0.000000 0.341033 0.000000 0.022817 0.363312 0.000000 0.000068 0.000000 0.000000 0.000000 0.000000 0.000000 0.000000 0.000000 0.000000 0.272771 0.000000 0.000000 0.000000 0.000000
 0.151235 0.000000 0.000000 0.000000 0.000000 0.000000 0.000000 0.000000 0.000000 0.000000 0.000000 0.000000 0.000000 0.000000 0.000000 0.000000 0.260268 0.000000 0.279070 0.309426
 0.000000 0.000000 0.500043 0.000000 0.000000 0.000000 0.499957 0.000000 0.000000 0.000000 0.000000 0.000000 0.000000 0.000000 0.000000 0.000000 0.000000 0.000000 0.000000 0.000000
 0.000000 0.000000 0.000000 0.000000 0.000000 0.000000 0.000000 0.000000 0.500000 0.000000 0.000000 0.000000 0.000000 0.000000 0.000000 0.000000 0.000000 0.500000 0.000000 0.000000
 0.000000 0.000000 0.500000 0.000000 0.000000 0.500000 0.000000 0.000000 0.000000 0.000000 0.000000 0.000000 0.000000 0.000000 0.000000 0.000000 0.000000 0.000000 0.000000 0.000000
 0.000000 0.000000 0.000000 0.000000 0.000000 0.000000 0.000000 0.500011 0.499972 0.000000 0.000000 0.000000 0.000000 0.000000 0.000000 0.000000 0.000000 0.000000 0.000018 0.000000
 0.241528 0.310477 0.000000 0.215765 0.000000 0.000000 0.000000 0.000000 0.000000 0.232129 0.000000 0.000000 0.000000 0.000000 0.000000 0.000000 0.000000 0.000000 0.000102 0.000000
 0.000766 0.000000 0.000000 0.354071 0.000000 0.000000 0.000000 0.000000 0.000000 0.000000 0.297821 0.000000 0.000000 0.000000 0.000000 0.000000 0.000000 0.000000 0.000000 0.347342
 0.000000 0.000000 0.000000 0.000000 0.000000 0.499996 0.000000 0.000000 0.000000 0.000000 0.000000 0.000000 0.500004 0.000000 0.000000 0.000000 0.000000 0.000000 0.000000 0.000000
 0.339106 0.000000 0.000000 0.000000 0.000000 0.000000 0.000000 0.317170 0.000000 0.000000 0.309466 0.000000 0.000000 0.000000 0.000012 0.000112 0.000000 0.000000 0.000000 0.034133
 0.254824 0.000000 0.000000 0.000114 0.000000 0.000000 0.000000 0.000000 0.000000 0.000000 0.358122 0.000000 0.000000 0.000000 0.000000 0.000000 0.351315 0.000000 0.035625 0.000000
the mean of prob-rank is 1.7894736842105263
the number of false negetive edges is 0
the number of probability greater than 0 is 3.7/edge
