20
 0.000000 0.197803 0.000000 0.000000 0.358123 0.000000 0.000000 0.000000 0.000000 0.000000 0.077506 0.000000 0.000000 0.000000 0.354179 0.000180 0.000000 0.000000 0.000000 0.012208
 0.196009 0.000000 0.000000 0.000000 0.349540 0.000000 0.000000 0.000000 0.000000 0.000000 0.000778 0.000000 0.000000 0.351948 0.101724 0.000000 0.000000 0.000000 0.000000 0.000000
 0.000000 0.000000 0.000000 0.000000 0.000000 0.000000 0.441711 0.000000 0.000000 0.000000 0.000000 0.000000 0.443715 0.000000 0.000000 0.000000 0.000000 0.114575 0.000000 0.000000
 0.000000 0.000000 0.000000 0.000000 0.000000 0.000000 0.000000 0.000000 0.000000 0.000000 0.000000 0.433724 0.000000 0.000000 0.000000 0.420777 0.000000 0.000000 0.000000 0.145499
 0.440011 0.433396 0.000000 0.000000 0.000000 0.000000 0.000000 0.000000 0.000000 0.000000 0.000000 0.000000 0.000000 0.029852 0.000000 0.096604 0.000000 0.000000 0.000000 0.000136
 0.000000 0.000000 0.000000 0.000000 0.000000 0.000000 0.000000 0.000000 0.000000 0.000000 0.000000 0.477430 0.000000 0.000000 0.000000 0.045107 0.477463 0.000000 0.000000 0.000000
 0.000000 0.000000 0.402021 0.000000 0.000000 0.000000 0.000000 0.403819 0.074284 0.000000 0.000000 0.000000 0.000000 0.000000 0.000005 0.000000 0.000000 0.119869 0.000000 0.000000
 0.000000 0.000000 0.000000 0.000000 0.000000 0.000000 0.402151 0.000000 0.000001 0.200871 0.000000 0.000000 0.000000 0.000000 0.000000 0.000000 0.000000 0.396977 0.000000 0.000000
 0.000000 0.000000 0.000000 0.000000 0.000000 0.000000 0.084291 0.000001 0.000000 0.000000 0.458243 0.000000 0.000000 0.000000 0.454471 0.000000 0.000000 0.000000 0.000000 0.002995
 0.000000 0.000000 0.000000 0.000000 0.000000 0.000000 0.000000 0.200385 0.000000 0.000000 0.000000 0.000000 0.000000 0.000000 0.000000 0.000000 0.000000 0.398409 0.401205 0.000000
 0.095051 0.000963 0.000000 0.000000 0.000000 0.000000 0.000000 0.000000 0.441077 0.000000 0.000000 0.000000 0.000000 0.000000 0.025275 0.000000 0.000000 0.000000 0.000000 0.437634
 0.000000 0.000000 0.000000 0.499789 0.000000 0.499757 0.000000 0.000000 0.000000 0.000000 0.000000 0.000000 0.000000 0.000000 0.000000 0.000438 0.000000 0.000000 0.000000 0.000016
 0.000000 0.000000 0.500000 0.000000 0.000000 0.000000 0.000000 0.000000 0.000000 0.000000 0.000000 0.000000 0.000000 0.500000 0.000000 0.000000 0.000000 0.000000 0.000000 0.000000
 0.000000 0.454636 0.000000 0.000000 0.031101 0.000000 0.000000 0.000000 0.000000 0.000000 0.000000 0.000000 0.460386 0.000000 0.053877 0.000000 0.000000 0.000000 0.000000 0.000000
 0.404204 0.117154 0.000000 0.000000 0.000000 0.000000 0.000005 0.000000 0.407081 0.000000 0.023520 0.000000 0.000000 0.048035 0.000000 0.000000 0.000000 0.000000 0.000000 0.000000
 0.000220 0.000000 0.000000 0.424802 0.095724 0.041367 0.000000 0.000000 0.000000 0.000000 0.000000 0.000384 0.000000 0.000000 0.000000 0.000000 0.000000 0.000000 0.000000 0.437503
 0.000000 0.000000 0.000000 0.000000 0.000000 0.500006 0.000000 0.000000 0.000000 0.000000 0.000000 0.000000 0.000000 0.000000 0.000000 0.000000 0.000000 0.000000 0.499994 0.000000
 0.000000 0.000000 0.101855 0.000000 0.000000 0.000000 0.117082 0.389356 0.000000 0.391706 0.000000 0.000000 0.000000 0.000000 0.000000 0.000000 0.000000 0.000000 0.000000 0.000000
 0.000000 0.000000 0.000000 0.000000 0.000000 0.000000 0.000000 0.000000 0.000000 0.500006 0.000000 0.000000 0.000000 0.000000 0.000000 0.000000 0.499994 0.000000 0.000000 0.000000
 0.014336 0.000000 0.000000 0.141687 0.000130 0.000000 0.000000 0.000000 0.002761 0.000000 0.419067 0.000013 0.000000 0.000000 0.000000 0.422006 0.000000 0.000000 0.000000 0.000000
the mean of prob-rank is 1.5789473684210527
the number of false negetive edges is 0
the number of probability greater than 0 is 4.1/edge
