20
 0.000000 0.000000 0.000000 0.000000 0.000000 0.000000 0.000000 0.498405 0.000000 0.000000 0.000000 0.000000 0.498451 0.000000 0.000000 0.003029 0.000000 0.000000 0.000000 0.000114
 0.000000 0.000000 0.000000 0.000000 0.000000 0.000000 0.000000 0.000000 0.499998 0.000000 0.500002 0.000000 0.000000 0.000000 0.000000 0.000000 0.000000 0.000000 0.000000 0.000000
 0.000000 0.000000 0.000000 0.000000 0.000000 0.000000 0.000000 0.000000 0.016961 0.000000 0.000000 0.000006 0.000000 0.491511 0.000000 0.000000 0.491522 0.000000 0.000000 0.000000
 0.000000 0.000000 0.000000 0.000000 0.000000 0.000000 0.000000 0.000000 0.000000 0.000000 0.360667 0.000000 0.000000 0.000000 0.290225 0.349107 0.000000 0.000000 0.000000 0.000000
 0.000000 0.000000 0.000000 0.000000 0.000000 0.492569 0.492101 0.000000 0.000000 0.000000 0.000000 0.000000 0.001362 0.000000 0.000000 0.000000 0.000000 0.013958 0.000010 0.000000
 0.000000 0.000000 0.000000 0.000000 0.457394 0.000000 0.085934 0.000000 0.000000 0.000000 0.000000 0.000000 0.000000 0.000000 0.000000 0.000000 0.000000 0.000000 0.456672 0.000000
 0.000000 0.000000 0.000000 0.000000 0.453919 0.085362 0.000000 0.000000 0.000000 0.000000 0.000000 0.000000 0.000000 0.000000 0.000000 0.000000 0.000000 0.454299 0.006420 0.000000
 0.499452 0.000000 0.000000 0.000000 0.000000 0.000000 0.000000 0.000000 0.000000 0.499492 0.000000 0.000000 0.000000 0.000000 0.000000 0.000000 0.000000 0.000000 0.000000 0.001056
 0.000000 0.491524 0.016961 0.000000 0.000000 0.000000 0.000000 0.000000 0.000000 0.000000 0.000019 0.000000 0.000000 0.000000 0.000000 0.000000 0.491495 0.000000 0.000000 0.000000
 0.000000 0.000000 0.000000 0.000000 0.000000 0.000000 0.000000 0.393653 0.000000 0.000000 0.000000 0.000000 0.000000 0.000000 0.372505 0.226104 0.000000 0.007738 0.000000 0.000000
 0.000000 0.500012 0.000000 0.499969 0.000000 0.000000 0.000000 0.000000 0.000019 0.000000 0.000000 0.000000 0.000000 0.000000 0.000000 0.000000 0.000000 0.000000 0.000000 0.000000
 0.000000 0.000000 0.000006 0.000000 0.000000 0.000000 0.000000 0.000000 0.000000 0.000000 0.000000 0.000000 0.000000 0.499993 0.000000 0.000000 0.000000 0.000000 0.500001 0.000000
 0.499316 0.000000 0.000000 0.000000 0.001381 0.000000 0.000000 0.000000 0.000000 0.000000 0.000000 0.000000 0.000000 0.000000 0.000000 0.000000 0.000000 0.000000 0.000000 0.499303
 0.000000 0.000000 0.484235 0.000000 0.000000 0.000000 0.000000 0.000000 0.000000 0.000000 0.000000 0.484237 0.000000 0.000000 0.000000 0.000000 0.031529 0.000000 0.000000 0.000000
 0.000000 0.000000 0.000000 0.292496 0.000000 0.000000 0.000000 0.000000 0.000000 0.343985 0.000000 0.000000 0.000000 0.000000 0.000000 0.363519 0.000000 0.000000 0.000000 0.000000
 0.002385 0.000000 0.000000 0.379808 0.000000 0.000000 0.000000 0.000000 0.000000 0.225391 0.000000 0.000000 0.000000 0.000000 0.392417 0.000000 0.000000 0.000000 0.000000 0.000000
 0.000000 0.000000 0.484251 0.000000 0.000000 0.000000 0.000000 0.000000 0.484220 0.000000 0.000000 0.000000 0.000000 0.031529 0.000000 0.000000 0.000000 0.000000 0.000000 0.000000
 0.000000 0.000000 0.000000 0.000000 0.013840 0.000000 0.488362 0.000000 0.000000 0.009600 0.000000 0.000000 0.000000 0.000000 0.000000 0.000000 0.000000 0.000000 0.000000 0.488197
 0.000000 0.000000 0.000000 0.000000 0.000010 0.496092 0.007021 0.000000 0.000000 0.000000 0.000000 0.496877 0.000000 0.000000 0.000000 0.000000 0.000000 0.000000 0.000000 0.000000
 0.000114 0.000000 0.000000 0.000000 0.000000 0.000000 0.000000 0.001057 0.000000 0.000000 0.000000 0.000000 0.499520 0.000000 0.000000 0.000000 0.000000 0.499309 0.000000 0.000000
the mean of prob-rank is 1.5789473684210527
the number of false negetive edges is 0
the number of probability greater than 0 is 3.5/edge
