20
 0.000000 0.000000 0.000000 0.000000 0.000000 0.000000 0.388175 0.000000 0.000000 0.011946 0.000000 0.000000 0.000000 0.202989 0.009640 0.387250 0.000000 0.000000 0.000000 0.000000
 0.000000 0.000000 0.000000 0.000000 0.000000 0.000000 0.000000 0.000000 0.000000 0.000000 0.000000 0.000000 0.499535 0.000000 0.000000 0.000000 0.499769 0.000696 0.000000 0.000000
 0.000000 0.000000 0.000000 0.500034 0.000000 0.000000 0.000000 0.000005 0.000000 0.000000 0.000000 0.000000 0.000000 0.000000 0.000000 0.000000 0.000000 0.499961 0.000000 0.000000
 0.000000 0.000000 0.500000 0.000000 0.000000 0.000000 0.000000 0.000000 0.000000 0.000000 0.000000 0.500000 0.000000 0.000000 0.000000 0.000000 0.000000 0.000000 0.000000 0.000000
 0.000000 0.000000 0.000000 0.000000 0.000000 0.000000 0.000000 0.000000 0.500003 0.000000 0.000000 0.000000 0.000000 0.000000 0.000000 0.000000 0.499996 0.000000 0.000000 0.000000
 0.000000 0.000000 0.000000 0.000000 0.000000 0.000000 0.000000 0.000000 0.000000 0.000000 0.000000 0.000000 0.000000 0.377044 0.000000 0.252244 0.000000 0.000000 0.000000 0.370712
 0.467853 0.000000 0.000000 0.000000 0.000000 0.000000 0.000000 0.000000 0.000000 0.464681 0.000000 0.000000 0.000000 0.066777 0.000683 0.000006 0.000000 0.000000 0.000000 0.000000
 0.000000 0.000000 0.000005 0.000000 0.000000 0.000000 0.000000 0.000000 0.000000 0.000000 0.000000 0.499997 0.000000 0.000000 0.000000 0.000000 0.000000 0.000000 0.000000 0.499998
 0.000000 0.000000 0.000000 0.000000 0.510343 0.000000 0.000000 0.000000 0.000000 0.000001 0.489339 0.000000 0.000000 0.000000 0.000003 0.000000 0.000000 0.000000 0.000314 0.000000
 0.014933 0.000000 0.000000 0.000000 0.000000 0.000000 0.481933 0.000000 0.000001 0.000000 0.000104 0.000000 0.000000 0.015114 0.002691 0.000000 0.000000 0.000000 0.485224 0.000000
 0.000000 0.000000 0.000000 0.000000 0.000000 0.000000 0.000000 0.000000 0.468981 0.000105 0.000000 0.000000 0.000000 0.000000 0.489112 0.000000 0.000000 0.000000 0.041802 0.000000
 0.000000 0.000000 0.000000 0.500001 0.000000 0.000000 0.000000 0.499999 0.000000 0.000000 0.000000 0.000000 0.000000 0.000000 0.000000 0.000000 0.000000 0.000000 0.000000 0.000000
 0.000000 0.499882 0.000000 0.000000 0.000000 0.000000 0.000000 0.000000 0.000000 0.000000 0.000000 0.000000 0.000000 0.000000 0.000000 0.000000 0.000000 0.500117 0.000000 0.000000
 0.186678 0.000000 0.000000 0.000000 0.000000 0.356983 0.050952 0.000000 0.000000 0.011120 0.000000 0.000000 0.000000 0.000000 0.000000 0.350758 0.000000 0.000000 0.000002 0.043508
 0.012238 0.000000 0.000000 0.000000 0.000000 0.000000 0.000719 0.000000 0.000003 0.002733 0.492783 0.000000 0.000000 0.000000 0.000000 0.000000 0.000001 0.000000 0.491524 0.000000
 0.303192 0.000000 0.000000 0.000000 0.000000 0.203321 0.000004 0.000000 0.000000 0.000000 0.000000 0.000000 0.000000 0.298616 0.000000 0.000000 0.000000 0.000000 0.000000 0.194867
 0.000000 0.500003 0.000000 0.000000 0.499996 0.000000 0.000000 0.000000 0.000000 0.000000 0.000000 0.000000 0.000000 0.000000 0.000001 0.000000 0.000000 0.000000 0.000000 0.000000
 0.000000 0.000696 0.499615 0.000000 0.000000 0.000000 0.000000 0.000000 0.000000 0.000000 0.000000 0.000000 0.499689 0.000000 0.000000 0.000000 0.000000 0.000000 0.000000 0.000000
 0.000000 0.000000 0.000000 0.000000 0.000000 0.000000 0.000000 0.000000 0.000296 0.479954 0.041020 0.000000 0.000000 0.000002 0.478728 0.000000 0.000000 0.000000 0.000000 0.000000
 0.000000 0.000000 0.000000 0.000000 0.000000 0.358015 0.000000 0.364130 0.000000 0.000000 0.000000 0.000000 0.000000 0.044379 0.000000 0.233475 0.000000 0.000000 0.000000 0.000000
the mean of prob-rank is 1.5263157894736843
the number of false negetive edges is 0
the number of probability greater than 0 is 3.9/edge
