20
 0.000000 0.000000 0.000000 0.000000 0.000000 0.000000 0.499998 0.000000 0.000000 0.000000 0.000000 0.000000 0.000000 0.000000 0.500002 0.000000 0.000000 0.000000 0.000000 0.000000
 0.000000 0.000000 0.000000 0.000238 0.000000 0.000000 0.000000 0.000000 0.405969 0.403973 0.000000 0.000000 0.000000 0.000000 0.189821 0.000000 0.000000 0.000000 0.000000 0.000000
 0.000000 0.000000 0.000000 0.000000 0.000004 0.499604 0.000000 0.000000 0.000000 0.000000 0.000000 0.000000 0.000000 0.000000 0.000000 0.000000 0.000000 0.000000 0.000714 0.499677
 0.000000 0.000293 0.000000 0.000000 0.000000 0.000000 0.000000 0.000000 0.000000 0.501218 0.000000 0.000000 0.000000 0.498488 0.000000 0.000000 0.000000 0.000000 0.000000 0.000000
 0.000000 0.000000 0.000004 0.000000 0.000000 0.000149 0.000000 0.000000 0.000000 0.000000 0.000000 0.000000 0.000000 0.499943 0.000000 0.000000 0.000000 0.000000 0.499903 0.000000
 0.000000 0.000000 0.499883 0.000000 0.000149 0.000000 0.000000 0.000000 0.000000 0.000000 0.000000 0.000000 0.000000 0.000000 0.000000 0.000000 0.000000 0.000000 0.499968 0.000000
 0.498270 0.000000 0.000000 0.000000 0.000000 0.000000 0.000000 0.000000 0.000000 0.000000 0.498248 0.000000 0.000662 0.000000 0.000000 0.000000 0.002820 0.000000 0.000000 0.000000
 0.000000 0.000000 0.000000 0.000000 0.000000 0.000000 0.000000 0.000000 0.000000 0.000000 0.000000 0.500000 0.000000 0.000000 0.000000 0.000000 0.500000 0.000000 0.000000 0.000000
 0.000000 0.460054 0.000000 0.000000 0.000000 0.000000 0.000000 0.000000 0.000000 0.081670 0.000000 0.000000 0.000000 0.000000 0.458276 0.000000 0.000000 0.000000 0.000000 0.000000
 0.000000 0.458014 0.000000 0.460277 0.000000 0.000000 0.000000 0.000000 0.081709 0.000000 0.000000 0.000000 0.000000 0.000000 0.000000 0.000000 0.000000 0.000000 0.000000 0.000000
 0.000000 0.000000 0.000000 0.000000 0.000000 0.000000 0.495425 0.000000 0.000000 0.000000 0.000000 0.000000 0.495453 0.000000 0.000000 0.000000 0.009122 0.000000 0.000000 0.000000
 0.000000 0.000000 0.000000 0.000000 0.000000 0.000000 0.000000 0.354638 0.000000 0.000000 0.000000 0.000000 0.000000 0.000000 0.000000 0.335659 0.000000 0.309703 0.000000 0.000000
 0.000000 0.000000 0.000000 0.000000 0.000000 0.000000 0.000665 0.000000 0.000000 0.000000 0.500316 0.000000 0.000000 0.000000 0.000000 0.000000 0.499019 0.000000 0.000000 0.000000
 0.000000 0.000000 0.000000 0.498635 0.501365 0.000000 0.000000 0.000000 0.000000 0.000000 0.000000 0.000000 0.000000 0.000000 0.000000 0.000000 0.000000 0.000000 0.000000 0.000000
 0.405891 0.189785 0.000000 0.000000 0.000000 0.000000 0.000000 0.000000 0.404324 0.000000 0.000000 0.000000 0.000000 0.000000 0.000000 0.000000 0.000000 0.000000 0.000000 0.000000
 0.000000 0.000000 0.000000 0.000000 0.000000 0.000000 0.000000 0.000000 0.000000 0.000000 0.000000 0.344361 0.000000 0.000000 0.000000 0.000000 0.000000 0.363832 0.000000 0.291808
 0.000000 0.000000 0.000000 0.000000 0.000000 0.000000 0.002800 0.494688 0.000000 0.000000 0.009108 0.000000 0.493405 0.000000 0.000000 0.000000 0.000000 0.000000 0.000000 0.000000
 0.000000 0.000000 0.000000 0.000000 0.000000 0.000000 0.000000 0.000000 0.000000 0.000000 0.000000 0.312090 0.000000 0.000000 0.000000 0.357371 0.000000 0.000000 0.000000 0.330539
 0.000000 0.000000 0.000714 0.000000 0.499623 0.499663 0.000000 0.000000 0.000000 0.000000 0.000000 0.000000 0.000000 0.000000 0.000000 0.000000 0.000000 0.000000 0.000000 0.000000
 0.000000 0.000000 0.366704 0.000000 0.000000 0.000000 0.000000 0.000000 0.000000 0.000000 0.000000 0.000000 0.000000 0.000000 0.000000 0.294117 0.000000 0.339179 0.000000 0.000000
the mean of prob-rank is 1.5263157894736843
the number of false negetive edges is 0
the number of probability greater than 0 is 3.1/edge
