20
 0.000000 0.000000 0.000000 0.500000 0.000000 0.000000 0.000000 0.000000 0.000000 0.000000 0.000000 0.000000 0.000000 0.000000 0.000000 0.000000 0.000000 0.000000 0.500000 0.000000
 0.000000 0.000000 0.046429 0.000000 0.000000 0.000000 0.000000 0.000000 0.000000 0.000000 0.477182 0.000000 0.000000 0.000000 0.000000 0.000000 0.476389 0.000000 0.000000 0.000000
 0.000000 0.046390 0.000000 0.000000 0.000000 0.000000 0.000000 0.000000 0.000000 0.000000 0.476697 0.000000 0.000000 0.000000 0.000000 0.000000 0.000129 0.000000 0.000000 0.476784
 0.500000 0.000000 0.000000 0.000000 0.000000 0.000000 0.000000 0.000000 0.500000 0.000000 0.000000 0.000000 0.000000 0.000000 0.000000 0.000000 0.000000 0.000000 0.000000 0.000000
 0.000000 0.000000 0.000000 0.000000 0.000000 0.000000 0.000000 0.000000 0.000000 0.000000 0.000000 0.000000 0.000000 0.500000 0.000000 0.000000 0.000000 0.500000 0.000000 0.000000
 0.000000 0.000000 0.000000 0.000000 0.000000 0.000000 0.000000 0.000000 0.000000 0.000000 0.000000 0.000000 0.000000 0.000000 0.000000 0.500028 0.499972 0.000000 0.000000 0.000000
 0.000000 0.000000 0.000000 0.000000 0.000000 0.000000 0.000000 0.000000 0.000000 0.000000 0.000000 0.000000 0.000000 0.000000 0.000000 0.000000 0.000000 0.500000 0.500000 0.000000
 0.000000 0.000000 0.000000 0.000000 0.000000 0.000000 0.000000 0.000000 0.000000 0.500000 0.000000 0.000000 0.000000 0.500000 0.000000 0.000000 0.000000 0.000000 0.000000 0.000000
 0.000000 0.000000 0.000000 0.500000 0.000000 0.000000 0.000000 0.000000 0.000000 0.000000 0.000000 0.000000 0.000000 0.000000 0.500000 0.000000 0.000000 0.000000 0.000000 0.000000
 0.000000 0.000000 0.000000 0.000000 0.000000 0.000000 0.000000 0.500000 0.000000 0.000000 0.000000 0.000000 0.500000 0.000000 0.000000 0.000000 0.000000 0.000000 0.000000 0.000000
 0.000000 0.474188 0.474102 0.000000 0.000000 0.000000 0.000000 0.000000 0.000000 0.000000 0.000000 0.000000 0.000000 0.000000 0.000000 0.000000 0.051660 0.000000 0.000000 0.000051
 0.000000 0.000000 0.000000 0.000000 0.000000 0.000000 0.000000 0.000000 0.000000 0.000000 0.000000 0.000000 0.499740 0.000000 0.000000 0.499795 0.000465 0.000000 0.000000 0.000000
 0.000000 0.000000 0.000000 0.000000 0.000000 0.000000 0.000000 0.000000 0.000000 0.499614 0.000000 0.499543 0.000000 0.000000 0.000000 0.000842 0.000000 0.000000 0.000000 0.000000
 0.000000 0.000000 0.000000 0.000000 0.500000 0.000000 0.000000 0.500000 0.000000 0.000000 0.000000 0.000000 0.000000 0.000000 0.000000 0.000000 0.000000 0.000000 0.000000 0.000000
 0.000000 0.000000 0.000000 0.000000 0.000000 0.000000 0.000000 0.000000 0.500000 0.000000 0.000000 0.000000 0.000000 0.000000 0.000000 0.000000 0.000000 0.000000 0.000000 0.500000
 0.000000 0.000000 0.000000 0.000000 0.000000 0.499587 0.000000 0.000000 0.000000 0.000000 0.000000 0.499571 0.000842 0.000000 0.000000 0.000000 0.000000 0.000000 0.000000 0.000000
 0.000000 0.473511 0.000128 0.000000 0.000000 0.474248 0.000000 0.000000 0.000000 0.000000 0.051672 0.000441 0.000000 0.000000 0.000000 0.000000 0.000000 0.000000 0.000000 0.000000
 0.000000 0.000000 0.000000 0.000000 0.500000 0.000000 0.500000 0.000000 0.000000 0.000000 0.000000 0.000000 0.000000 0.000000 0.000000 0.000000 0.000000 0.000000 0.000000 0.000000
 0.500000 0.000000 0.000000 0.000000 0.000000 0.000000 0.500000 0.000000 0.000000 0.000000 0.000000 0.000000 0.000000 0.000000 0.000000 0.000000 0.000000 0.000000 0.000000 0.000000
 0.000000 0.000000 0.499973 0.000000 0.000000 0.000000 0.000000 0.000000 0.000000 0.000000 0.000053 0.000000 0.000000 0.000000 0.499974 0.000000 0.000000 0.000000 0.000000 0.000000
the mean of prob-rank is 1.6842105263157894
the number of false negetive edges is 0
the number of probability greater than 0 is 2.6/edge
