20
 0.000000 0.000000 0.000000 0.000000 0.477461 0.000000 0.000000 0.000000 0.044472 0.000000 0.000000 0.000000 0.000000 0.478066 0.000000 0.000000 0.000000 0.000000 0.000000 0.000000
 0.000000 0.000000 0.000000 0.000000 0.000000 0.500000 0.000000 0.000000 0.000000 0.000000 0.000000 0.000000 0.000000 0.000000 0.000000 0.000000 0.000000 0.500000 0.000000 0.000000
 0.000000 0.000000 0.000000 0.031686 0.000000 0.000000 0.000000 0.000000 0.000000 0.000000 0.000000 0.000000 0.480374 0.000000 0.000000 0.007703 0.000000 0.000000 0.000000 0.480238
 0.000000 0.000000 0.029665 0.000000 0.000000 0.000000 0.000000 0.000000 0.000000 0.000000 0.000000 0.000895 0.000000 0.000000 0.446908 0.449740 0.066175 0.000000 0.006617 0.000000
 0.484430 0.000000 0.000000 0.000000 0.000000 0.000000 0.028260 0.000000 0.002333 0.000000 0.000000 0.000000 0.484977 0.000000 0.000000 0.000000 0.000000 0.000000 0.000000 0.000000
 0.000000 0.500000 0.000000 0.000000 0.000000 0.000000 0.000000 0.000000 0.000000 0.000000 0.000000 0.500000 0.000000 0.000000 0.000000 0.000000 0.000000 0.000000 0.000000 0.000000
 0.000000 0.000000 0.000000 0.000000 0.027191 0.000000 0.000000 0.000000 0.043948 0.000000 0.000000 0.006621 0.000009 0.000000 0.000003 0.000000 0.456897 0.000000 0.000002 0.465327
 0.000000 0.000000 0.000000 0.000000 0.000000 0.000000 0.000000 0.000000 0.479686 0.000000 0.479998 0.000000 0.000000 0.040316 0.000000 0.000000 0.000000 0.000000 0.000000 0.000000
 0.042460 0.000000 0.000000 0.000000 0.002195 0.000000 0.042982 0.456137 0.000000 0.000000 0.000000 0.000000 0.000000 0.456227 0.000000 0.000000 0.000000 0.000000 0.000000 0.000000
 0.000000 0.000000 0.000000 0.000000 0.000000 0.000000 0.000000 0.000000 0.000000 0.000000 0.499999 0.000000 0.000000 0.000000 0.000000 0.000000 0.000000 0.500001 0.000000 0.000000
 0.000000 0.000000 0.000000 0.000000 0.000000 0.000000 0.000000 0.500001 0.000000 0.499999 0.000000 0.000000 0.000000 0.000000 0.000000 0.000000 0.000000 0.000000 0.000000 0.000000
 0.000000 0.000000 0.000000 0.000987 0.000000 0.496052 0.007038 0.000000 0.000000 0.000000 0.000000 0.000000 0.000000 0.000000 0.000000 0.000000 0.000000 0.000000 0.495923 0.000000
 0.000000 0.000000 0.500029 0.000000 0.499961 0.000000 0.000010 0.000000 0.000000 0.000000 0.000000 0.000000 0.000000 0.000000 0.000000 0.000000 0.000000 0.000000 0.000000 0.000000
 0.479953 0.000000 0.000000 0.000000 0.000000 0.000000 0.000000 0.040312 0.479735 0.000000 0.000000 0.000000 0.000000 0.000000 0.000000 0.000000 0.000000 0.000000 0.000000 0.000000
 0.000000 0.000000 0.000000 0.471493 0.000000 0.000000 0.000003 0.000000 0.000000 0.000000 0.000000 0.000000 0.000000 0.000000 0.000000 0.000000 0.054025 0.000000 0.474479 0.000000
 0.000000 0.000000 0.007340 0.457775 0.000000 0.000000 0.000000 0.000000 0.000000 0.000000 0.000000 0.000000 0.000000 0.000000 0.000000 0.000000 0.456778 0.000000 0.000000 0.078107
 0.000000 0.000000 0.000000 0.059615 0.000000 0.000000 0.396652 0.000000 0.000000 0.000000 0.000000 0.000000 0.000000 0.000000 0.046131 0.404272 0.000000 0.000000 0.000090 0.093239
 0.000000 0.500000 0.000000 0.000000 0.000000 0.000000 0.000000 0.000000 0.000000 0.500000 0.000000 0.000000 0.000000 0.000000 0.000000 0.000000 0.000000 0.000000 0.000000 0.000000
 0.000000 0.000000 0.000000 0.007303 0.000000 0.000000 0.000003 0.000000 0.000000 0.000000 0.000000 0.496229 0.000000 0.000000 0.496355 0.000000 0.000111 0.000000 0.000000 0.000000
 0.000000 0.000000 0.416975 0.000000 0.000000 0.000000 0.415873 0.000000 0.000000 0.000000 0.000000 0.000000 0.000000 0.000000 0.000000 0.071166 0.095986 0.000000 0.000000 0.000000
the mean of prob-rank is 1.5263157894736843
the number of false negetive edges is 0
the number of probability greater than 0 is 3.8/edge
