20
 0.000000 0.000000 0.000000 0.000000 0.003246 0.000000 0.021580 0.000000 0.000000 0.000000 0.000000 0.000000 0.000000 0.000000 0.000000 0.487476 0.000000 0.000000 0.487697 0.000000
 0.000000 0.000000 0.000000 0.000000 0.000000 0.000000 0.000000 0.000000 0.500000 0.000000 0.000000 0.000000 0.000000 0.000000 0.000000 0.000000 0.500000 0.000000 0.000000 0.000000
 0.000000 0.000000 0.000000 0.499957 0.000000 0.000000 0.000000 0.000000 0.000000 0.499953 0.000000 0.000090 0.000000 0.000000 0.000000 0.000000 0.000000 0.000000 0.000000 0.000000
 0.000000 0.000000 0.499186 0.000000 0.000000 0.000000 0.000000 0.000000 0.000000 0.001652 0.000000 0.000000 0.000000 0.499162 0.000000 0.000000 0.000000 0.000000 0.000000 0.000000
 0.003310 0.000000 0.000000 0.000000 0.000000 0.000000 0.497337 0.000000 0.496942 0.000000 0.002411 0.000000 0.000000 0.000000 0.000000 0.000000 0.000000 0.000000 0.000000 0.000000
 0.000000 0.000000 0.000000 0.000000 0.000000 0.000000 0.000000 0.000000 0.000000 0.000000 0.000000 0.000000 0.500000 0.000000 0.000000 0.000000 0.000000 0.500000 0.000000 0.000000
 0.020289 0.000000 0.000000 0.000000 0.458511 0.000000 0.000000 0.000001 0.000000 0.000019 0.457188 0.000000 0.000000 0.000290 0.004718 0.058983 0.000000 0.000000 0.000000 0.000000
 0.000000 0.000000 0.000000 0.000000 0.000000 0.000000 0.000002 0.000000 0.000000 0.000000 0.001535 0.000000 0.000000 0.499234 0.499229 0.000000 0.000000 0.000000 0.000000 0.000000
 0.000000 0.490548 0.000000 0.000000 0.490158 0.000000 0.000000 0.000000 0.000000 0.000000 0.019295 0.000000 0.000000 0.000000 0.000000 0.000000 0.000000 0.000000 0.000000 0.000000
 0.000000 0.000000 0.499164 0.001652 0.000000 0.000000 0.000020 0.000000 0.000000 0.000000 0.000000 0.499163 0.000000 0.000000 0.000000 0.000000 0.000000 0.000000 0.000000 0.000000
 0.000000 0.000000 0.000000 0.000000 0.002371 0.000000 0.487737 0.001504 0.019240 0.000000 0.000000 0.000000 0.000000 0.000000 0.489148 0.000000 0.000000 0.000000 0.000000 0.000000
 0.000000 0.000000 0.000090 0.000000 0.000000 0.000000 0.000000 0.000000 0.000000 0.499953 0.000000 0.000000 0.000000 0.000000 0.000000 0.000000 0.000000 0.000000 0.000000 0.499958
 0.000000 0.000000 0.000000 0.000000 0.000000 0.500000 0.000000 0.000000 0.000000 0.000000 0.000000 0.000000 0.000000 0.000000 0.000000 0.000000 0.500000 0.000000 0.000000 0.000000
 0.000000 0.000000 0.000000 0.499830 0.000000 0.000000 0.000316 0.499854 0.000000 0.000000 0.000000 0.000000 0.000000 0.000000 0.000000 0.000000 0.000000 0.000000 0.000000 0.000000
 0.000000 0.000000 0.000000 0.000000 0.000000 0.000000 0.005118 0.497438 0.000000 0.000000 0.497443 0.000000 0.000000 0.000000 0.000000 0.000000 0.000000 0.000000 0.000000 0.000000
 0.469668 0.000000 0.000000 0.000000 0.000000 0.000000 0.060446 0.000000 0.000000 0.000000 0.000000 0.000000 0.000000 0.000000 0.000000 0.000000 0.000000 0.000006 0.000000 0.469880
 0.000000 0.500000 0.000000 0.000000 0.000000 0.000000 0.000000 0.000000 0.000000 0.000000 0.000000 0.000000 0.500000 0.000000 0.000000 0.000000 0.000000 0.000000 0.000000 0.000000
 0.000000 0.000000 0.000000 0.000000 0.000000 0.499997 0.000000 0.000000 0.000000 0.000000 0.000000 0.000000 0.000000 0.000000 0.000000 0.000006 0.000000 0.000000 0.499997 0.000000
 0.500000 0.000000 0.000000 0.000000 0.000000 0.000000 0.000000 0.000000 0.000000 0.000000 0.000000 0.000000 0.000000 0.000000 0.000000 0.000000 0.000000 0.500000 0.000000 0.000000
 0.000000 0.000000 0.000000 0.000000 0.000000 0.000000 0.000000 0.000000 0.000000 0.000000 0.000000 0.500000 0.000000 0.000000 0.000000 0.500000 0.000000 0.000000 0.000000 0.000000
the mean of prob-rank is 1.5789473684210527
the number of false negetive edges is 0
the number of probability greater than 0 is 3.3/edge
