20
 0.000000 0.000000 0.000000 0.000000 0.000000 0.303359 0.000000 0.179305 0.000000 0.302299 0.000000 0.000000 0.000000 0.000000 0.000000 0.000000 0.000000 0.000000 0.215036 0.000000
 0.000000 0.000000 0.000000 0.500000 0.000000 0.000000 0.500000 0.000000 0.000000 0.000000 0.000000 0.000000 0.000000 0.000000 0.000000 0.000000 0.000000 0.000000 0.000000 0.000000
 0.000000 0.000000 0.000000 0.000000 0.000000 0.000000 0.000000 0.000000 0.500000 0.500000 0.000000 0.000000 0.000000 0.000000 0.000000 0.000000 0.000000 0.000000 0.000000 0.000000
 0.000000 0.478184 0.000000 0.000000 0.044085 0.000000 0.000000 0.000000 0.000000 0.000000 0.000000 0.000000 0.000000 0.000000 0.000000 0.000000 0.000000 0.477731 0.000000 0.000000
 0.000000 0.000000 0.000000 0.044118 0.000000 0.000000 0.000000 0.000000 0.000000 0.000000 0.000000 0.000000 0.477524 0.000000 0.000000 0.000000 0.000002 0.478356 0.000000 0.000000
 0.276769 0.000000 0.000000 0.000000 0.000000 0.000000 0.000000 0.011285 0.000000 0.256931 0.000000 0.212377 0.000000 0.000000 0.000000 0.000000 0.000000 0.000000 0.242638 0.000000
 0.000000 0.500000 0.000000 0.000000 0.000000 0.000000 0.000000 0.000000 0.000000 0.000000 0.000000 0.000000 0.000000 0.000000 0.000000 0.000000 0.000000 0.000000 0.000000 0.500000
 0.174533 0.000000 0.000000 0.000000 0.000000 0.012040 0.000000 0.000000 0.000000 0.000000 0.000000 0.293147 0.000000 0.000000 0.224993 0.000000 0.000000 0.000000 0.295287 0.000000
 0.000000 0.000000 0.500004 0.000000 0.000000 0.000000 0.000000 0.000000 0.000000 0.000000 0.000000 0.000000 0.000000 0.000000 0.000000 0.499996 0.000000 0.000000 0.000000 0.000000
 0.340706 0.000000 0.341900 0.000000 0.000000 0.317394 0.000000 0.000000 0.000000 0.000000 0.000000 0.000000 0.000000 0.000000 0.000000 0.000000 0.000000 0.000000 0.000000 0.000000
 0.000000 0.000000 0.000000 0.000000 0.000000 0.000000 0.000000 0.000000 0.000000 0.000000 0.000000 0.000000 0.000000 0.500000 0.000000 0.000000 0.000000 0.000000 0.000000 0.500000
 0.000000 0.000000 0.000000 0.000000 0.000000 0.209788 0.000000 0.271413 0.000000 0.000000 0.000000 0.000000 0.000000 0.000000 0.265958 0.000000 0.000000 0.000000 0.252841 0.000000
 0.000000 0.000000 0.000000 0.000000 0.468329 0.000000 0.000000 0.000000 0.000000 0.000000 0.000000 0.000000 0.000000 0.000000 0.000001 0.000000 0.469327 0.062343 0.000000 0.000000
 0.000000 0.000000 0.000000 0.000000 0.000000 0.000000 0.000000 0.000000 0.000000 0.000000 0.500000 0.000000 0.000000 0.000000 0.000000 0.500000 0.000000 0.000000 0.000000 0.000000
 0.000000 0.000000 0.000000 0.000000 0.000000 0.000000 0.000000 0.278590 0.000000 0.000000 0.000000 0.355685 0.000000 0.000000 0.000000 0.000000 0.365629 0.000093 0.000002 0.000000
 0.000000 0.000000 0.000000 0.000000 0.000000 0.000000 0.000000 0.000000 0.499942 0.000000 0.000000 0.000000 0.000000 0.499951 0.000000 0.000000 0.000000 0.000107 0.000000 0.000000
 0.000000 0.000000 0.000000 0.000000 0.000002 0.000000 0.000000 0.000000 0.000000 0.000000 0.000000 0.000000 0.499999 0.000000 0.499999 0.000000 0.000000 0.000000 0.000000 0.000000
 0.000000 0.000000 0.000000 0.468605 0.468868 0.000000 0.000000 0.000000 0.000000 0.000000 0.000000 0.000000 0.062307 0.000000 0.000120 0.000101 0.000000 0.000000 0.000000 0.000000
 0.201931 0.000000 0.000000 0.000000 0.000000 0.249741 0.000000 0.284871 0.000000 0.000000 0.000000 0.263456 0.000000 0.000000 0.000001 0.000000 0.000000 0.000000 0.000000 0.000000
 0.000000 0.000000 0.000000 0.000000 0.000000 0.000000 0.500000 0.000000 0.000000 0.000000 0.500000 0.000000 0.000000 0.000000 0.000000 0.000000 0.000000 0.000000 0.000000 0.000000
the mean of prob-rank is 1.631578947368421
the number of false negetive edges is 0
the number of probability greater than 0 is 3.3/edge
