20
 0.000000 0.000000 0.235734 0.248890 0.000000 0.000000 0.000000 0.000000 0.000000 0.027365 0.000000 0.000000 0.000000 0.000000 0.253066 0.214437 0.000000 0.008524 0.000000 0.011984
 0.000000 0.000000 0.000000 0.000000 0.000000 0.000000 0.000000 0.000000 0.000000 0.000000 0.000000 0.499995 0.000000 0.000000 0.000000 0.000000 0.000000 0.500005 0.000000 0.000000
 0.320645 0.000000 0.000000 0.348102 0.000000 0.000000 0.000000 0.000000 0.000000 0.331253 0.000000 0.000000 0.000000 0.000000 0.000000 0.000000 0.000000 0.000000 0.000000 0.000000
 0.328120 0.000000 0.337388 0.000000 0.077177 0.000000 0.000433 0.000000 0.000000 0.252873 0.000000 0.000000 0.000000 0.000000 0.000045 0.000286 0.000000 0.000000 0.000000 0.003677
 0.000000 0.000000 0.000000 0.102593 0.000000 0.000000 0.448494 0.000000 0.000000 0.000000 0.000000 0.000000 0.000000 0.000000 0.000000 0.000000 0.000000 0.000000 0.448200 0.000714
 0.000000 0.000000 0.000000 0.000000 0.000000 0.000000 0.000000 0.000000 0.499992 0.000000 0.000000 0.000000 0.000000 0.000013 0.000000 0.000000 0.000000 0.000000 0.499992 0.000003
 0.000000 0.000000 0.000000 0.000613 0.477468 0.000000 0.000000 0.000000 0.000000 0.000000 0.000000 0.000000 0.000000 0.000000 0.000000 0.000000 0.000000 0.000000 0.044671 0.477248
 0.000000 0.000000 0.000000 0.000000 0.000000 0.000000 0.000000 0.000000 0.000000 0.000000 0.355532 0.000000 0.318943 0.000000 0.000000 0.000000 0.325525 0.000000 0.000000 0.000000
 0.000000 0.000000 0.000000 0.000000 0.000000 0.500000 0.000000 0.000000 0.000000 0.000000 0.000000 0.000000 0.000000 0.500000 0.000000 0.000000 0.000000 0.000000 0.000000 0.000000
 0.038088 0.000000 0.338959 0.266972 0.000000 0.000000 0.000000 0.000000 0.000000 0.000000 0.000000 0.000000 0.000000 0.000000 0.000000 0.000000 0.000000 0.355982 0.000000 0.000000
 0.000000 0.000000 0.000000 0.000000 0.000000 0.000000 0.000000 0.359357 0.000000 0.000000 0.000000 0.000000 0.354006 0.000000 0.000000 0.000000 0.286637 0.000000 0.000000 0.000000
 0.000000 0.486119 0.000000 0.000000 0.000000 0.000000 0.000000 0.000000 0.000000 0.000000 0.000000 0.000000 0.000000 0.000000 0.028121 0.000002 0.485696 0.000062 0.000000 0.000000
 0.000000 0.000000 0.000000 0.000000 0.000000 0.000000 0.000000 0.311281 0.000000 0.000000 0.341824 0.000000 0.000000 0.346875 0.000000 0.000000 0.000020 0.000000 0.000000 0.000000
 0.000000 0.000000 0.000000 0.000000 0.000000 0.000013 0.000000 0.000000 0.500077 0.000000 0.000000 0.000000 0.499910 0.000000 0.000000 0.000000 0.000000 0.000000 0.000000 0.000000
 0.326510 0.000000 0.000000 0.000044 0.000000 0.000000 0.000000 0.000000 0.000000 0.000000 0.000000 0.019100 0.000000 0.000000 0.000000 0.330192 0.000001 0.007553 0.000000 0.316599
 0.306258 0.000000 0.000000 0.000309 0.000000 0.000000 0.000000 0.000000 0.000000 0.000000 0.000000 0.000002 0.000000 0.000000 0.365503 0.000000 0.000000 0.000002 0.000000 0.327926
 0.000000 0.000000 0.000000 0.000000 0.000000 0.000000 0.000000 0.308133 0.000000 0.000000 0.268435 0.336237 0.000019 0.000000 0.000001 0.000000 0.000000 0.000000 0.000000 0.087174
 0.016202 0.486451 0.000000 0.000000 0.000000 0.000000 0.000000 0.000000 0.000000 0.486155 0.000000 0.000062 0.000000 0.000000 0.011127 0.000002 0.000000 0.000000 0.000000 0.000000
 0.000000 0.000000 0.000000 0.000000 0.477492 0.477805 0.044703 0.000000 0.000000 0.000000 0.000000 0.000000 0.000000 0.000000 0.000000 0.000000 0.000000 0.000000 0.000000 0.000000
 0.014754 0.000000 0.000000 0.003434 0.000502 0.000002 0.314923 0.000000 0.000000 0.000000 0.000000 0.000000 0.000000 0.000000 0.302097 0.282676 0.081613 0.000000 0.000000 0.000000
the mean of prob-rank is 1.6842105263157894
the number of false negetive edges is 0
the number of probability greater than 0 is 4.6/edge
