20
 0.000000 0.000000 0.000000 0.000000 0.000000 0.000000 0.000000 0.495466 0.000000 0.000000 0.000000 0.000000 0.007527 0.000000 0.000000 0.000000 0.000000 0.001479 0.000000 0.495528
 0.000000 0.000000 0.000000 0.000000 0.000000 0.000000 0.000000 0.000000 0.000000 0.000000 0.000035 0.000000 0.000000 0.498964 0.000000 0.498976 0.002025 0.000000 0.000000 0.000000
 0.000000 0.000000 0.000000 0.000000 0.000000 0.000000 0.000000 0.000000 0.000000 0.000000 0.000000 0.000000 0.494521 0.000000 0.494593 0.000000 0.000000 0.010886 0.000000 0.000000
 0.000000 0.000000 0.000000 0.000000 0.196611 0.003067 0.400593 0.000000 0.000000 0.000000 0.000000 0.399728 0.000000 0.000000 0.000000 0.000000 0.000000 0.000000 0.000000 0.000000
 0.000000 0.000000 0.000000 0.159986 0.000000 0.323478 0.000000 0.000000 0.000000 0.000000 0.000034 0.324836 0.000000 0.000000 0.000000 0.000000 0.000000 0.000000 0.191666 0.000000
 0.000000 0.000000 0.000000 0.002804 0.363368 0.000000 0.000000 0.000000 0.000000 0.000000 0.001641 0.247593 0.000000 0.000755 0.018584 0.000000 0.000000 0.000000 0.365256 0.000000
 0.000000 0.000000 0.000000 0.500000 0.000000 0.000000 0.000000 0.000000 0.000000 0.500000 0.000000 0.000000 0.000000 0.000000 0.000000 0.000000 0.000000 0.000000 0.000000 0.000000
 0.495665 0.000000 0.000000 0.000000 0.000000 0.000000 0.000000 0.000000 0.000000 0.495735 0.000000 0.000000 0.000000 0.000000 0.000000 0.000000 0.000000 0.000000 0.000000 0.008600
 0.000000 0.000000 0.000000 0.000000 0.000000 0.000000 0.000000 0.000000 0.000000 0.000000 0.000000 0.000000 0.000000 0.000000 0.000050 0.499974 0.000000 0.499976 0.000000 0.000000
 0.000000 0.000000 0.000000 0.000000 0.000000 0.000000 0.500000 0.500000 0.000000 0.000000 0.000000 0.000000 0.000000 0.000000 0.000000 0.000000 0.000000 0.000000 0.000000 0.000000
 0.000000 0.000035 0.000000 0.000000 0.000052 0.002233 0.000000 0.000000 0.000000 0.000000 0.000000 0.000000 0.000000 0.000945 0.000000 0.000000 0.498414 0.000000 0.498321 0.000000
 0.000000 0.000000 0.000000 0.373648 0.373154 0.253198 0.000000 0.000000 0.000000 0.000000 0.000000 0.000000 0.000000 0.000000 0.000000 0.000000 0.000000 0.000000 0.000000 0.000000
 0.007538 0.000000 0.496190 0.000000 0.000000 0.000000 0.000000 0.000000 0.000000 0.000000 0.000000 0.000000 0.000000 0.000000 0.000011 0.000000 0.000000 0.000004 0.000000 0.496257
 0.000000 0.499004 0.000000 0.000000 0.000000 0.001030 0.000000 0.000000 0.000000 0.000000 0.000946 0.000000 0.000000 0.000000 0.000000 0.000004 0.499016 0.000000 0.000000 0.000000
 0.000000 0.000000 0.490136 0.000000 0.000000 0.024876 0.000000 0.000000 0.000049 0.000000 0.000000 0.000000 0.000011 0.000000 0.000000 0.000000 0.000000 0.484928 0.000000 0.000000
 0.000000 0.499999 0.000000 0.000000 0.000000 0.000000 0.000000 0.000000 0.499997 0.000000 0.000000 0.000000 0.000000 0.000004 0.000000 0.000000 0.000000 0.000000 0.000000 0.000000
 0.000000 0.002025 0.000000 0.000000 0.000000 0.000000 0.000000 0.000000 0.000000 0.000000 0.498987 0.000000 0.000000 0.498988 0.000000 0.000000 0.000000 0.000000 0.000000 0.000000
 0.001482 0.000000 0.010926 0.000000 0.000000 0.000000 0.000000 0.000000 0.496432 0.000000 0.000000 0.000000 0.000004 0.000000 0.491157 0.000000 0.000000 0.000000 0.000000 0.000000
 0.000000 0.000000 0.000000 0.000000 0.227434 0.385838 0.000000 0.000000 0.000000 0.000000 0.386728 0.000000 0.000000 0.000000 0.000000 0.000000 0.000000 0.000000 0.000000 0.000000
 0.495699 0.000000 0.000000 0.000000 0.000000 0.000000 0.000000 0.008599 0.000000 0.000000 0.000000 0.000000 0.495701 0.000000 0.000000 0.000000 0.000000 0.000000 0.000000 0.000000
the mean of prob-rank is 1.4736842105263157
the number of false negetive edges is 0
the number of probability greater than 0 is 3.9/edge
