20
 0.000000 0.000000 0.000000 0.000000 0.000000 0.000000 0.000000 0.000000 0.500000 0.000000 0.000000 0.000000 0.000000 0.500000 0.000000 0.000000 0.000000 0.000000 0.000000 0.000000
 0.000000 0.000000 0.024450 0.484525 0.000000 0.000000 0.006237 0.000000 0.000000 0.000000 0.000000 0.000000 0.000000 0.000000 0.000000 0.000000 0.484781 0.000000 0.000000 0.000007
 0.000000 0.024631 0.000000 0.000000 0.000000 0.000000 0.486884 0.000000 0.000000 0.000000 0.488368 0.000000 0.000000 0.000000 0.000000 0.000000 0.000002 0.000001 0.000014 0.000100
 0.000000 0.466063 0.000000 0.000000 0.000000 0.000000 0.000000 0.000000 0.000000 0.000000 0.000000 0.000000 0.000000 0.000000 0.466314 0.000000 0.048817 0.000000 0.000000 0.018806
 0.000000 0.000000 0.000000 0.000000 0.000000 0.500000 0.000000 0.000000 0.000000 0.000000 0.000000 0.500000 0.000000 0.000000 0.000000 0.000000 0.000000 0.000000 0.000000 0.000000
 0.000000 0.000000 0.000000 0.000000 0.499989 0.000000 0.000000 0.000000 0.000000 0.000000 0.000000 0.000026 0.000000 0.000000 0.000000 0.499985 0.000000 0.000000 0.000000 0.000000
 0.000000 0.005060 0.392110 0.000000 0.000000 0.000000 0.000000 0.000000 0.000000 0.000000 0.000000 0.000000 0.000000 0.012600 0.000878 0.000000 0.013182 0.000000 0.184842 0.391327
 0.000000 0.000000 0.000000 0.000000 0.000000 0.000000 0.000000 0.000000 0.000000 0.000000 0.000000 0.500000 0.500000 0.000000 0.000000 0.000000 0.000000 0.000000 0.000000 0.000000
 0.500000 0.000000 0.000000 0.000000 0.000000 0.000000 0.000000 0.000000 0.000000 0.000000 0.000000 0.000000 0.500000 0.000000 0.000000 0.000000 0.000000 0.000000 0.000000 0.000000
 0.000000 0.000000 0.000000 0.000000 0.000000 0.000000 0.000000 0.000000 0.000000 0.000000 0.500000 0.000000 0.000000 0.000000 0.000000 0.000001 0.000000 0.500000 0.000000 0.000000
 0.000000 0.000000 0.500001 0.000000 0.000000 0.000000 0.000000 0.000000 0.000000 0.499999 0.000000 0.000000 0.000000 0.000000 0.000000 0.000000 0.000000 0.000000 0.000000 0.000000
 0.000000 0.000000 0.000000 0.000000 0.499987 0.000026 0.000000 0.499987 0.000000 0.000000 0.000000 0.000000 0.000000 0.000000 0.000000 0.000000 0.000000 0.000000 0.000000 0.000000
 0.000000 0.000000 0.000000 0.000000 0.000000 0.000000 0.000000 0.500000 0.500000 0.000000 0.000000 0.000000 0.000000 0.000000 0.000000 0.000000 0.000000 0.000000 0.000000 0.000000
 0.403415 0.000000 0.000000 0.000000 0.000000 0.000000 0.012924 0.000000 0.000000 0.000000 0.000000 0.000000 0.000000 0.000000 0.183218 0.000000 0.000000 0.000000 0.400443 0.000000
 0.000000 0.000000 0.000000 0.408152 0.000000 0.000000 0.000912 0.000000 0.000000 0.000000 0.000000 0.000000 0.000000 0.185370 0.000000 0.000000 0.000000 0.000000 0.405526 0.000041
 0.000000 0.000000 0.000000 0.000000 0.000000 0.499998 0.000000 0.000000 0.000000 0.000001 0.000000 0.000000 0.000000 0.000000 0.000000 0.000000 0.000000 0.500001 0.000000 0.000000
 0.000000 0.467736 0.000002 0.048967 0.000000 0.000000 0.015676 0.000000 0.000000 0.000000 0.000000 0.000000 0.000000 0.000000 0.000000 0.000000 0.000000 0.000000 0.000000 0.467619
 0.000000 0.000000 0.000001 0.000000 0.000000 0.000000 0.000000 0.000000 0.000000 0.499999 0.000000 0.000000 0.000000 0.000000 0.000000 0.500000 0.000000 0.000000 0.000000 0.000000
 0.000000 0.000000 0.000011 0.000000 0.000000 0.000000 0.178431 0.000000 0.000000 0.000000 0.000000 0.000000 0.000000 0.376867 0.377222 0.000000 0.000000 0.000000 0.000000 0.067469
 0.000000 0.000006 0.000093 0.018223 0.000000 0.000000 0.449589 0.000000 0.000000 0.000000 0.000000 0.000000 0.000000 0.000000 0.000046 0.000000 0.451744 0.000000 0.080299 0.000000
the mean of prob-rank is 1.5789473684210527
the number of false negetive edges is 0
the number of probability greater than 0 is 3.7/edge
