20
 0.000000 0.000000 0.000000 0.000000 0.000000 0.500001 0.000000 0.000000 0.000000 0.000000 0.000000 0.000000 0.000000 0.000000 0.000000 0.000000 0.499999 0.000000 0.000000 0.000000
 0.000000 0.000000 0.000000 0.499963 0.000000 0.000000 0.000000 0.500012 0.000000 0.000000 0.000000 0.000000 0.000000 0.000000 0.000000 0.000025 0.000000 0.000000 0.000000 0.000000
 0.000000 0.000000 0.000000 0.000000 0.030844 0.000000 0.000000 0.000000 0.484432 0.000000 0.000000 0.000000 0.000000 0.000000 0.000000 0.000000 0.000000 0.484619 0.000000 0.000106
 0.000000 0.498946 0.000000 0.000000 0.000000 0.000000 0.000000 0.000505 0.000000 0.000000 0.000000 0.000000 0.000000 0.000000 0.001596 0.498952 0.000000 0.000000 0.000000 0.000000
 0.000000 0.000000 0.030755 0.000000 0.000000 0.000000 0.000000 0.000000 0.003484 0.000000 0.000000 0.000000 0.000000 0.000000 0.000000 0.000000 0.000000 0.482818 0.000000 0.482943
 0.500000 0.000000 0.000000 0.000000 0.000000 0.000000 0.000000 0.000000 0.000000 0.000000 0.000000 0.000000 0.000000 0.000000 0.000000 0.000000 0.000000 0.000000 0.000000 0.500000
 0.000000 0.000000 0.000000 0.000000 0.000000 0.000000 0.000000 0.000000 0.000000 0.000000 0.000000 0.000000 0.000000 0.000000 0.000000 0.499908 0.000000 0.000000 0.500092 0.000000
 0.000000 0.498645 0.000000 0.000505 0.000000 0.000000 0.000000 0.000000 0.000000 0.000000 0.000000 0.000000 0.000000 0.002262 0.498588 0.000000 0.000000 0.000000 0.000000 0.000000
 0.000000 0.000000 0.497394 0.000000 0.003588 0.000000 0.000000 0.000000 0.000000 0.000000 0.497589 0.000000 0.000000 0.000000 0.000000 0.000000 0.000000 0.001430 0.000000 0.000000
 0.000000 0.000000 0.000000 0.000000 0.000000 0.000000 0.000000 0.000000 0.000000 0.000000 0.500000 0.000000 0.500000 0.000000 0.000000 0.000000 0.000000 0.000000 0.000000 0.000000
 0.000000 0.000000 0.000000 0.000000 0.000000 0.000000 0.000000 0.000000 0.500000 0.500000 0.000000 0.000000 0.000000 0.000000 0.000000 0.000000 0.000000 0.000000 0.000000 0.000000
 0.000000 0.000000 0.000000 0.000000 0.000000 0.000000 0.000000 0.000000 0.000000 0.000000 0.000000 0.000000 0.500000 0.500000 0.000000 0.000000 0.000000 0.000000 0.000000 0.000000
 0.000000 0.000000 0.000000 0.000000 0.000000 0.000000 0.000000 0.000000 0.000000 0.500000 0.000000 0.500000 0.000000 0.000000 0.000000 0.000000 0.000000 0.000000 0.000000 0.000000
 0.000000 0.000000 0.000000 0.000000 0.000000 0.000000 0.000000 0.002263 0.000000 0.000000 0.000000 0.498889 0.000000 0.000000 0.498848 0.000000 0.000000 0.000000 0.000000 0.000000
 0.000000 0.000000 0.000000 0.001597 0.000000 0.000000 0.000000 0.499193 0.000000 0.000000 0.000000 0.000000 0.000000 0.499209 0.000000 0.000000 0.000000 0.000000 0.000000 0.000000
 0.000000 0.000025 0.000000 0.500059 0.000000 0.000000 0.499917 0.000000 0.000000 0.000000 0.000000 0.000000 0.000000 0.000000 0.000000 0.000000 0.000000 0.000000 0.000000 0.000000
 0.499999 0.000000 0.000000 0.000000 0.000000 0.000000 0.000000 0.000000 0.000000 0.000000 0.000000 0.000000 0.000000 0.000000 0.000000 0.000000 0.000000 0.000000 0.500001 0.000000
 0.000000 0.000000 0.498705 0.000000 0.498292 0.000000 0.000000 0.000000 0.001433 0.000000 0.000000 0.000000 0.000000 0.000000 0.000000 0.000000 0.000000 0.000000 0.000000 0.001570
 0.000000 0.000000 0.000000 0.000000 0.000000 0.000000 0.500000 0.000000 0.000000 0.000000 0.000000 0.000000 0.000000 0.000000 0.000000 0.000000 0.500000 0.000000 0.000000 0.000000
 0.000000 0.000000 0.000109 0.000000 0.499016 0.499303 0.000000 0.000000 0.000000 0.000000 0.000000 0.000000 0.000000 0.000000 0.000000 0.000000 0.000000 0.001572 0.000000 0.000000
the mean of prob-rank is 1.631578947368421
the number of false negetive edges is 0
the number of probability greater than 0 is 2.9/edge
