20
 0.000000 0.000000 0.000000 0.000000 0.500000 0.000000 0.000000 0.000000 0.000000 0.000000 0.000000 0.000000 0.500000 0.000000 0.000000 0.000000 0.000000 0.000000 0.000000 0.000000
 0.000000 0.000000 0.000000 0.000000 0.000000 0.000000 0.337990 0.337585 0.000000 0.000140 0.000000 0.000000 0.000000 0.322442 0.000000 0.000000 0.000000 0.000000 0.001843 0.000000
 0.000000 0.000000 0.000000 0.000000 0.000000 0.417049 0.000000 0.000003 0.000000 0.165893 0.000000 0.417055 0.000000 0.000000 0.000000 0.000000 0.000000 0.000000 0.000000 0.000000
 0.000000 0.000000 0.000000 0.000000 0.000000 0.000000 0.000000 0.000000 0.000000 0.000000 0.500000 0.000000 0.000000 0.000000 0.000000 0.000000 0.500000 0.000000 0.000000 0.000000
 0.358586 0.000000 0.000000 0.000000 0.000000 0.343611 0.000000 0.000000 0.000000 0.134687 0.000000 0.000000 0.000000 0.000000 0.000000 0.000000 0.000000 0.000000 0.163115 0.000000
 0.000000 0.000000 0.336304 0.000000 0.322268 0.000000 0.000000 0.000000 0.000000 0.333955 0.000000 0.007474 0.000000 0.000000 0.000000 0.000000 0.000000 0.000000 0.000000 0.000000
 0.000000 0.452166 0.000000 0.000000 0.000000 0.000000 0.000000 0.010086 0.000000 0.001985 0.000000 0.000000 0.000000 0.083597 0.000000 0.000000 0.000000 0.000000 0.452167 0.000000
 0.000000 0.379870 0.000003 0.000000 0.000000 0.000000 0.008483 0.000000 0.000000 0.212991 0.000000 0.380312 0.000000 0.000002 0.000000 0.000000 0.000000 0.000000 0.018340 0.000000
 0.000000 0.000000 0.000000 0.000000 0.000000 0.000000 0.000000 0.000000 0.000000 0.000000 0.000000 0.000000 0.000000 0.000000 0.000000 0.500000 0.000000 0.500000 0.000000 0.000000
 0.000000 0.000119 0.114775 0.000000 0.108380 0.286523 0.001267 0.161591 0.000000 0.000000 0.000000 0.055158 0.000000 0.000000 0.000000 0.000000 0.000000 0.000000 0.272188 0.000000
 0.000000 0.000000 0.000000 0.500000 0.000000 0.000000 0.000000 0.000000 0.000000 0.000000 0.000000 0.000000 0.000000 0.000000 0.000000 0.000000 0.000000 0.000000 0.000000 0.500000
 0.000000 0.000000 0.451804 0.000000 0.000000 0.010040 0.000000 0.451790 0.000000 0.086366 0.000000 0.000000 0.000000 0.000000 0.000000 0.000000 0.000000 0.000000 0.000000 0.000000
 0.500000 0.000000 0.000000 0.000000 0.000000 0.000000 0.000000 0.000000 0.000000 0.000000 0.000000 0.000000 0.000000 0.000000 0.000000 0.000000 0.000000 0.000000 0.000000 0.500000
 0.000000 0.316110 0.000000 0.000000 0.000000 0.000000 0.061261 0.000002 0.000000 0.000000 0.000000 0.000000 0.000000 0.000000 0.331354 0.000000 0.000000 0.000000 0.291273 0.000000
 0.000000 0.000000 0.000000 0.000000 0.000000 0.000000 0.000000 0.000000 0.000000 0.000000 0.000000 0.000000 0.000000 0.500000 0.000000 0.500000 0.000000 0.000000 0.000000 0.000000
 0.000000 0.000000 0.000000 0.000000 0.000000 0.000000 0.000000 0.000000 0.500000 0.000000 0.000000 0.000000 0.000000 0.000000 0.500000 0.000000 0.000000 0.000000 0.000000 0.000000
 0.000000 0.000000 0.000000 0.500000 0.000000 0.000000 0.000000 0.000000 0.000000 0.000000 0.000000 0.000000 0.000000 0.000000 0.000000 0.000000 0.000000 0.500000 0.000000 0.000000
 0.000000 0.000000 0.000000 0.000000 0.000000 0.000000 0.000000 0.000000 0.500000 0.000000 0.000000 0.000000 0.000000 0.000000 0.000000 0.000000 0.500000 0.000000 0.000000 0.000000
 0.000000 0.001637 0.000000 0.000000 0.136565 0.000000 0.300219 0.014477 0.000000 0.283199 0.000000 0.000000 0.000000 0.263904 0.000000 0.000000 0.000000 0.000000 0.000000 0.000000
 0.000000 0.000000 0.000000 0.000000 0.000000 0.000000 0.000000 0.000000 0.000000 0.000000 0.500000 0.000000 0.500000 0.000000 0.000000 0.000000 0.000000 0.000000 0.000000 0.000000
the mean of prob-rank is 1.6842105263157894
the number of false negetive edges is 0
the number of probability greater than 0 is 3.6/edge
