20
 0.000000 0.000000 0.000000 0.000000 0.000000 0.000000 0.000000 0.000000 0.000000 0.000433 0.000000 0.000000 0.480787 0.000000 0.000000 0.037483 0.000000 0.000000 0.000000 0.481296
 0.000000 0.000000 0.000000 0.000000 0.000000 0.000000 0.000000 0.000000 0.000000 0.499926 0.000000 0.000000 0.000113 0.499961 0.000000 0.000000 0.000000 0.000000 0.000000 0.000000
 0.000000 0.000000 0.000000 0.000000 0.161002 0.000000 0.000000 0.000000 0.250720 0.000000 0.278613 0.000000 0.000000 0.000000 0.000000 0.000000 0.309665 0.000000 0.000000 0.000000
 0.000000 0.000000 0.000000 0.000000 0.000000 0.000000 0.000000 0.000000 0.000000 0.000000 0.000000 0.000009 0.000000 0.000000 0.478294 0.043939 0.000000 0.477759 0.000000 0.000000
 0.000000 0.000000 0.114700 0.000000 0.000000 0.171532 0.173295 0.209589 0.211352 0.000000 0.119532 0.000000 0.000000 0.000000 0.000000 0.000000 0.000000 0.000000 0.000000 0.000000
 0.000000 0.000000 0.000000 0.000000 0.280677 0.000000 0.363033 0.000002 0.000000 0.000000 0.356287 0.000000 0.000000 0.000000 0.000000 0.000000 0.000000 0.000000 0.000000 0.000000
 0.000000 0.000000 0.000000 0.000000 0.226773 0.290328 0.000000 0.000472 0.000000 0.000000 0.217904 0.262635 0.000000 0.000000 0.000000 0.000000 0.000000 0.001888 0.000000 0.000000
 0.000000 0.000000 0.000000 0.000000 0.334787 0.000002 0.000577 0.000000 0.354635 0.000000 0.000000 0.310000 0.000000 0.000000 0.000000 0.000000 0.000000 0.000000 0.000000 0.000000
 0.000000 0.000000 0.291858 0.000000 0.345349 0.000000 0.000000 0.362772 0.000000 0.000000 0.000000 0.000000 0.000000 0.000000 0.000000 0.000000 0.000021 0.000000 0.000000 0.000000
 0.000450 0.499755 0.000000 0.000000 0.000000 0.000000 0.000000 0.000000 0.000000 0.000000 0.000000 0.000000 0.499795 0.000000 0.000000 0.000000 0.000000 0.000000 0.000000 0.000000
 0.000000 0.000000 0.228962 0.000000 0.137885 0.251171 0.192085 0.000000 0.000000 0.000000 0.000000 0.000000 0.078535 0.000000 0.000000 0.000000 0.000001 0.000000 0.111361 0.000000
 0.000000 0.000000 0.000000 0.000006 0.000000 0.000000 0.325394 0.314646 0.000000 0.000000 0.000000 0.000000 0.000000 0.000000 0.359953 0.000000 0.000000 0.000000 0.000000 0.000000
 0.430294 0.000097 0.000000 0.000000 0.000000 0.000000 0.000000 0.000000 0.000000 0.430744 0.132090 0.000000 0.000000 0.000000 0.000000 0.000000 0.000000 0.000000 0.006775 0.000000
 0.000000 0.432899 0.000000 0.000000 0.000000 0.000000 0.000000 0.000000 0.000000 0.000000 0.000000 0.000000 0.000000 0.000000 0.000000 0.000000 0.135026 0.000000 0.432075 0.000000
 0.000000 0.000000 0.000000 0.500001 0.000000 0.000000 0.000000 0.000000 0.000000 0.000000 0.000000 0.499999 0.000000 0.000000 0.000000 0.000000 0.000000 0.000000 0.000000 0.000000
 0.036007 0.000000 0.000000 0.042474 0.000000 0.000000 0.000000 0.000000 0.000000 0.000000 0.000000 0.000000 0.000000 0.000000 0.000000 0.000000 0.000000 0.462345 0.000000 0.459174
 0.000000 0.000000 0.430974 0.000000 0.000000 0.000000 0.000000 0.000000 0.000026 0.000000 0.000001 0.000000 0.000000 0.135280 0.000000 0.000000 0.000000 0.000000 0.433719 0.000000
 0.000000 0.000000 0.000000 0.446722 0.000000 0.000000 0.002906 0.000000 0.000000 0.000000 0.000000 0.000000 0.000000 0.000000 0.000000 0.447222 0.000000 0.000000 0.000000 0.103150
 0.000000 0.000000 0.000000 0.000000 0.000000 0.000000 0.000000 0.000000 0.000000 0.000000 0.177581 0.000000 0.006424 0.407607 0.000000 0.000000 0.408389 0.000000 0.000000 0.000000
 0.449683 0.000000 0.000000 0.000000 0.000000 0.000000 0.000000 0.000000 0.000000 0.000000 0.000000 0.000000 0.000000 0.000000 0.000000 0.446599 0.000000 0.103717 0.000000 0.000000
the mean of prob-rank is 1.631578947368421
the number of false negetive edges is 0
the number of probability greater than 0 is 4.1/edge
