20
 0.000000 0.000000 0.000000 0.000000 0.499412 0.000000 0.000766 0.000000 0.000000 0.000000 0.499425 0.000000 0.000002 0.000000 0.000000 0.000000 0.000000 0.000000 0.000396 0.000000
 0.000000 0.000000 0.000000 0.500000 0.000000 0.000000 0.000000 0.000000 0.000000 0.000000 0.000000 0.000000 0.000000 0.000000 0.000000 0.000000 0.000000 0.500000 0.000000 0.000000
 0.000000 0.000000 0.000000 0.000000 0.000000 0.500000 0.000000 0.000000 0.000000 0.000000 0.000000 0.000000 0.000000 0.000000 0.500000 0.000000 0.000000 0.000000 0.000000 0.000000
 0.000000 0.327225 0.000000 0.000000 0.000000 0.000000 0.001034 0.038569 0.043104 0.317878 0.000000 0.000000 0.272190 0.000000 0.000000 0.000000 0.000000 0.000000 0.000000 0.000000
 0.461888 0.000000 0.000000 0.000000 0.000000 0.000000 0.001079 0.063115 0.000000 0.012028 0.000000 0.000000 0.000000 0.000000 0.000000 0.000000 0.000000 0.000000 0.461890 0.000000
 0.000000 0.000000 0.500000 0.000000 0.000000 0.000000 0.000000 0.000000 0.000000 0.000000 0.000000 0.000000 0.000000 0.000000 0.000000 0.000000 0.500000 0.000000 0.000000 0.000000
 0.000373 0.000000 0.000000 0.000769 0.000569 0.000000 0.000000 0.242876 0.229821 0.211846 0.089933 0.000000 0.000000 0.000000 0.000000 0.223813 0.000000 0.000000 0.000000 0.000000
 0.000000 0.000000 0.000000 0.040899 0.047413 0.000000 0.346080 0.000000 0.025329 0.346990 0.109740 0.000000 0.000000 0.000000 0.000000 0.083504 0.000000 0.000000 0.000046 0.000000
 0.000000 0.000000 0.000000 0.039929 0.000000 0.000000 0.286081 0.022127 0.000000 0.071118 0.000000 0.000000 0.136496 0.000000 0.000000 0.303125 0.000000 0.000000 0.000000 0.141124
 0.000000 0.000000 0.000000 0.309619 0.008299 0.000000 0.277275 0.318723 0.074777 0.000000 0.000053 0.000000 0.000000 0.000000 0.000000 0.011095 0.000000 0.000000 0.000158 0.000000
 0.282596 0.000000 0.000000 0.000000 0.000000 0.000000 0.104366 0.089375 0.000000 0.000047 0.000000 0.000000 0.265836 0.000000 0.000000 0.000000 0.000000 0.000000 0.000000 0.257780
 0.000000 0.000000 0.000000 0.000000 0.000000 0.000000 0.000000 0.000000 0.000000 0.000000 0.000000 0.000000 0.000000 0.000000 0.500000 0.000000 0.000000 0.500000 0.000000 0.000000
 0.000001 0.000000 0.000000 0.245623 0.000000 0.000000 0.000000 0.000000 0.132966 0.000000 0.277775 0.000000 0.000000 0.000000 0.000000 0.048348 0.000000 0.000000 0.000000 0.295287
 0.000000 0.000000 0.000000 0.000000 0.000000 0.000000 0.000000 0.000000 0.000000 0.000000 0.000000 0.000000 0.000000 0.000000 0.000000 0.000000 0.500000 0.000000 0.500000 0.000000
 0.000000 0.000000 0.500000 0.000000 0.000000 0.000000 0.000000 0.000000 0.000000 0.000000 0.000000 0.500000 0.000000 0.000000 0.000000 0.000000 0.000000 0.000000 0.000000 0.000000
 0.000000 0.000000 0.000000 0.000000 0.000000 0.000000 0.279389 0.073154 0.303982 0.010582 0.000000 0.000000 0.049771 0.000000 0.000000 0.000000 0.000000 0.000000 0.000000 0.283122
 0.000000 0.000000 0.000000 0.000000 0.000000 0.500000 0.000000 0.000000 0.000000 0.000000 0.000000 0.000000 0.000000 0.500000 0.000000 0.000000 0.000000 0.000000 0.000000 0.000000
 0.000000 0.500000 0.000000 0.000000 0.000000 0.000000 0.000000 0.000000 0.000000 0.000000 0.000000 0.500000 0.000000 0.000000 0.000000 0.000000 0.000000 0.000000 0.000000 0.000000
 0.000396 0.000000 0.000000 0.000000 0.499640 0.000000 0.000000 0.000066 0.000000 0.000248 0.000000 0.000000 0.000000 0.499651 0.000000 0.000000 0.000000 0.000000 0.000000 0.000000
 0.000000 0.000000 0.000000 0.000000 0.000000 0.000000 0.000000 0.000000 0.140690 0.000000 0.275658 0.000000 0.302195 0.000000 0.000000 0.281457 0.000000 0.000000 0.000000 0.000000
the mean of prob-rank is 1.631578947368421
the number of false negetive edges is 0
the number of probability greater than 0 is 4.45/edge
