20
 0.000000 0.000000 0.000000 0.000000 0.499993 0.000000 0.000000 0.000000 0.000000 0.000000 0.000000 0.000000 0.500004 0.000000 0.000000 0.000000 0.000000 0.000003 0.000000 0.000000
 0.000000 0.000000 0.000000 0.000000 0.000000 0.000000 0.000000 0.000000 0.000000 0.000000 0.000000 0.000000 0.000000 0.000000 0.000000 0.000000 0.000000 0.000000 0.500000 0.500000
 0.000000 0.000000 0.000000 0.072471 0.000000 0.000000 0.000000 0.000000 0.458488 0.000000 0.000000 0.000000 0.000000 0.000000 0.010513 0.458528 0.000000 0.000000 0.000000 0.000000
 0.000000 0.000000 0.061923 0.000000 0.000000 0.000000 0.000000 0.000000 0.000000 0.115522 0.000000 0.000000 0.000000 0.390007 0.000000 0.000000 0.389100 0.043448 0.000000 0.000000
 0.499777 0.000000 0.000000 0.000000 0.000000 0.000000 0.000000 0.000000 0.000000 0.000000 0.000000 0.000000 0.000433 0.000000 0.000000 0.000000 0.000000 0.000000 0.000000 0.499790
 0.000000 0.000000 0.000000 0.000000 0.000000 0.000000 0.000000 0.000000 0.000000 0.000000 0.000000 0.500000 0.000000 0.000000 0.000000 0.000000 0.000000 0.000000 0.500000 0.000000
 0.000000 0.000000 0.000000 0.000000 0.000000 0.000000 0.000000 0.003188 0.497661 0.000000 0.001420 0.497732 0.000000 0.000000 0.000000 0.000000 0.000000 0.000000 0.000000 0.000000
 0.000000 0.000000 0.000000 0.000000 0.000000 0.000000 0.003192 0.000000 0.000000 0.000000 0.498403 0.000000 0.000000 0.000000 0.000000 0.000000 0.498405 0.000000 0.000000 0.000000
 0.000000 0.000000 0.486078 0.000000 0.000000 0.000000 0.486055 0.000000 0.000000 0.000000 0.000000 0.000000 0.000000 0.000000 0.000011 0.027856 0.000000 0.000000 0.000000 0.000000
 0.000000 0.000000 0.000000 0.128506 0.000000 0.000000 0.000000 0.000000 0.000000 0.000000 0.000000 0.000000 0.000000 0.435831 0.000000 0.000000 0.000000 0.435663 0.000000 0.000000
 0.000000 0.000000 0.000000 0.000000 0.000000 0.000000 0.001423 0.499051 0.000000 0.000000 0.000000 0.000000 0.000000 0.000000 0.499048 0.000000 0.000478 0.000000 0.000000 0.000000
 0.000000 0.000000 0.000000 0.000000 0.000000 0.500000 0.500000 0.000000 0.000000 0.000000 0.000000 0.000000 0.000000 0.000000 0.000000 0.000000 0.000000 0.000000 0.000000 0.000000
 0.499785 0.000000 0.000000 0.000000 0.000433 0.000000 0.000000 0.000000 0.000000 0.000000 0.000000 0.000000 0.000000 0.000000 0.000000 0.000000 0.000000 0.499782 0.000000 0.000000
 0.000000 0.000000 0.000000 0.467626 0.000000 0.000000 0.000000 0.000000 0.000000 0.469770 0.000000 0.000000 0.000000 0.000000 0.000000 0.000000 0.037517 0.025087 0.000000 0.000000
 0.000000 0.000000 0.011336 0.000000 0.000000 0.000000 0.000000 0.000000 0.000012 0.000000 0.494431 0.000000 0.000000 0.000000 0.000000 0.494210 0.000011 0.000000 0.000000 0.000000
 0.000000 0.000000 0.486180 0.000000 0.000000 0.000000 0.000000 0.000000 0.027859 0.000000 0.000000 0.000000 0.000000 0.000000 0.485960 0.000000 0.000000 0.000000 0.000000 0.000000
 0.000000 0.000000 0.000000 0.478851 0.000000 0.000000 0.000000 0.482169 0.000000 0.000000 0.000462 0.000000 0.000000 0.038507 0.000011 0.000000 0.000000 0.000000 0.000000 0.000000
 0.000003 0.000000 0.000000 0.051247 0.000000 0.000000 0.000000 0.000000 0.000000 0.461948 0.000000 0.000000 0.462122 0.024679 0.000000 0.000000 0.000000 0.000000 0.000000 0.000000
 0.000000 0.500000 0.000000 0.000000 0.000000 0.500000 0.000000 0.000000 0.000000 0.000000 0.000000 0.000000 0.000000 0.000000 0.000000 0.000000 0.000000 0.000000 0.000000 0.000000
 0.000000 0.500000 0.000000 0.000000 0.500000 0.000000 0.000000 0.000000 0.000000 0.000000 0.000000 0.000000 0.000000 0.000000 0.000000 0.000000 0.000000 0.000000 0.000000 0.000000
the mean of prob-rank is 1.4736842105263157
the number of false negetive edges is 0
the number of probability greater than 0 is 3.4/edge
