20
 0.000000 0.000000 0.036806 0.000000 0.188914 0.000000 0.000000 0.387357 0.000000 0.000000 0.000000 0.000000 0.000000 0.000000 0.000000 0.000000 0.000000 0.000000 0.386923 0.000000
 0.000000 0.000000 0.000000 0.000000 0.484690 0.022844 0.007933 0.000000 0.000000 0.000000 0.000000 0.000000 0.000000 0.000000 0.484533 0.000000 0.000000 0.000000 0.000000 0.000000
 0.035781 0.000000 0.000000 0.149118 0.000038 0.000000 0.239492 0.376636 0.000000 0.000000 0.000000 0.000000 0.000000 0.183957 0.000000 0.000000 0.000000 0.000000 0.014977 0.000000
 0.000000 0.000000 0.166986 0.000000 0.000000 0.000000 0.411184 0.000000 0.000000 0.000000 0.000000 0.000000 0.000000 0.421680 0.000150 0.000000 0.000000 0.000000 0.000000 0.000000
 0.179775 0.368676 0.000037 0.000000 0.000000 0.000503 0.362277 0.000000 0.000000 0.000000 0.000000 0.000000 0.000000 0.000000 0.088732 0.000000 0.000000 0.000000 0.000000 0.000000
 0.000000 0.016175 0.000000 0.000000 0.000469 0.000000 0.000000 0.000000 0.000000 0.000000 0.000000 0.000000 0.000000 0.324211 0.315948 0.000000 0.000000 0.000000 0.000000 0.343197
 0.000000 0.004916 0.191009 0.292852 0.295176 0.000000 0.000000 0.000019 0.000000 0.000000 0.000000 0.000000 0.000000 0.007443 0.208584 0.000000 0.000000 0.000000 0.000000 0.000000
 0.492616 0.000000 0.492693 0.000000 0.000000 0.000000 0.000031 0.000000 0.000000 0.000000 0.000000 0.000000 0.000000 0.000000 0.000000 0.000000 0.000000 0.000000 0.014660 0.000000
 0.000000 0.000000 0.000000 0.000000 0.000000 0.000000 0.000000 0.000000 0.000000 0.000000 0.000000 0.500000 0.500000 0.000000 0.000000 0.000000 0.000000 0.000000 0.000000 0.000000
 0.000000 0.000000 0.000000 0.000000 0.000000 0.000000 0.000000 0.000000 0.000000 0.000000 0.000000 0.000000 0.500000 0.000000 0.000000 0.000000 0.000000 0.000000 0.500000 0.000000
 0.000000 0.000000 0.000000 0.000000 0.000000 0.000000 0.000000 0.000000 0.000000 0.000000 0.000000 0.000001 0.000000 0.000000 0.000000 0.499999 0.000000 0.499999 0.000000 0.000000
 0.000000 0.000000 0.000000 0.000000 0.000000 0.000000 0.000000 0.000000 0.500001 0.000000 0.000001 0.000000 0.000000 0.000000 0.000000 0.000000 0.499998 0.000000 0.000000 0.000000
 0.000000 0.000000 0.000000 0.000000 0.000000 0.000000 0.000000 0.000000 0.500000 0.500000 0.000000 0.000000 0.000000 0.000000 0.000000 0.000000 0.000000 0.000000 0.000000 0.000000
 0.000000 0.000000 0.184753 0.378187 0.000000 0.357339 0.009373 0.000000 0.000000 0.000000 0.000000 0.000000 0.000000 0.000000 0.070348 0.000000 0.000000 0.000000 0.000000 0.000000
 0.000000 0.328660 0.000000 0.000117 0.079127 0.302664 0.228289 0.000000 0.000000 0.000000 0.000000 0.000000 0.000000 0.061143 0.000000 0.000000 0.000000 0.000000 0.000000 0.000000
 0.000000 0.000000 0.000000 0.000000 0.000000 0.000000 0.000000 0.000000 0.000000 0.000000 0.499995 0.000000 0.000000 0.000000 0.000000 0.000000 0.499996 0.000009 0.000000 0.000000
 0.000000 0.000000 0.000000 0.000000 0.000000 0.000000 0.000000 0.000000 0.000000 0.000000 0.000000 0.499999 0.000000 0.000000 0.000000 0.500001 0.000000 0.000000 0.000000 0.000000
 0.000000 0.000000 0.000000 0.000000 0.000000 0.000000 0.000000 0.000000 0.000000 0.000000 0.499995 0.000000 0.000000 0.000000 0.000000 0.000009 0.000000 0.000000 0.000000 0.499996
 0.482885 0.000000 0.019226 0.000000 0.000000 0.000000 0.000000 0.014386 0.000000 0.483502 0.000000 0.000000 0.000000 0.000000 0.000000 0.000000 0.000000 0.000000 0.000000 0.000000
 0.000000 0.000000 0.000000 0.000000 0.000000 0.500000 0.000000 0.000000 0.000000 0.000000 0.000000 0.000000 0.000000 0.000000 0.000000 0.000000 0.000000 0.500000 0.000000 0.000000
the mean of prob-rank is 1.6842105263157894
the number of false negetive edges is 0
the number of probability greater than 0 is 3.8/edge
