20
 0.000000 0.000000 0.000000 0.499952 0.499949 0.000000 0.000000 0.000000 0.000099 0.000000 0.000000 0.000000 0.000000 0.000000 0.000000 0.000000 0.000000 0.000000 0.000000 0.000000
 0.000000 0.000000 0.000004 0.000000 0.000000 0.000000 0.000000 0.000000 0.000000 0.000000 0.000000 0.000000 0.000000 0.499988 0.500008 0.000000 0.000000 0.000000 0.000000 0.000000
 0.000000 0.000004 0.000000 0.499981 0.000000 0.000000 0.000000 0.000000 0.000000 0.000000 0.000000 0.000000 0.000000 0.500015 0.000000 0.000000 0.000000 0.000000 0.000000 0.000000
 0.495052 0.000000 0.495019 0.000000 0.000000 0.000000 0.000000 0.000000 0.000000 0.000000 0.000000 0.000000 0.000000 0.009929 0.000000 0.000000 0.000000 0.000000 0.000000 0.000000
 0.497167 0.000000 0.000000 0.000000 0.000000 0.000000 0.000000 0.000000 0.005859 0.000000 0.000000 0.000000 0.000000 0.000000 0.000000 0.000000 0.496974 0.000000 0.000000 0.000000
 0.000000 0.000000 0.000000 0.000000 0.000000 0.000000 0.000000 0.000000 0.000031 0.000000 0.325386 0.000000 0.000000 0.000000 0.000000 0.311860 0.362724 0.000000 0.000000 0.000000
 0.000000 0.000000 0.000000 0.000000 0.000000 0.000000 0.000000 0.000000 0.000000 0.000000 0.000000 0.000000 0.000000 0.000000 0.000000 0.000000 0.000000 0.500000 0.500000 0.000000
 0.000000 0.000000 0.000000 0.000000 0.000000 0.000000 0.000000 0.000000 0.000000 0.500000 0.000000 0.000000 0.000000 0.000000 0.000000 0.000000 0.000000 0.000000 0.500000 0.000000
 0.000077 0.000000 0.000000 0.000000 0.004573 0.000033 0.000000 0.000000 0.000000 0.000000 0.000000 0.387341 0.379668 0.000000 0.000000 0.225673 0.002635 0.000000 0.000000 0.000000
 0.000000 0.000000 0.000000 0.000000 0.000000 0.000000 0.000000 0.500000 0.000000 0.000000 0.000000 0.000000 0.000000 0.000000 0.500000 0.000000 0.000000 0.000000 0.000000 0.000000
 0.000000 0.000000 0.000000 0.000000 0.000000 0.320655 0.000000 0.000000 0.000000 0.000000 0.000000 0.000000 0.324925 0.000000 0.000000 0.354124 0.000295 0.000000 0.000000 0.000000
 0.000000 0.000000 0.000000 0.000000 0.000000 0.000000 0.000000 0.000000 0.495397 0.000000 0.000000 0.000000 0.008269 0.000000 0.000000 0.000000 0.000000 0.000000 0.000000 0.496334
 0.000000 0.000000 0.000000 0.000000 0.000000 0.000000 0.000000 0.000000 0.350577 0.000000 0.325722 0.005970 0.000000 0.000000 0.000000 0.317732 0.000000 0.000000 0.000000 0.000000
 0.000000 0.495026 0.495046 0.009929 0.000000 0.000000 0.000000 0.000000 0.000000 0.000000 0.000000 0.000000 0.000000 0.000000 0.000000 0.000000 0.000000 0.000000 0.000000 0.000000
 0.000000 0.500000 0.000000 0.000000 0.000000 0.000000 0.000000 0.000000 0.000000 0.500000 0.000000 0.000000 0.000000 0.000000 0.000000 0.000000 0.000000 0.000000 0.000000 0.000000
 0.000000 0.000000 0.000000 0.000000 0.000000 0.258677 0.000000 0.000000 0.174966 0.000000 0.298067 0.000000 0.266781 0.000000 0.000000 0.000000 0.001509 0.000000 0.000000 0.000000
 0.000000 0.000000 0.000000 0.000000 0.496771 0.496952 0.000000 0.000000 0.003374 0.000000 0.000410 0.000000 0.000000 0.000000 0.000000 0.002492 0.000000 0.000000 0.000000 0.000000
 0.000000 0.000000 0.000000 0.000000 0.000000 0.000000 0.500000 0.000000 0.000000 0.000000 0.000000 0.000000 0.000000 0.000000 0.000000 0.000000 0.000000 0.000000 0.000000 0.500000
 0.000000 0.000000 0.000000 0.000000 0.000000 0.000000 0.500000 0.500000 0.000000 0.000000 0.000000 0.000000 0.000000 0.000000 0.000000 0.000000 0.000000 0.000000 0.000000 0.000000
 0.000000 0.000000 0.000000 0.000000 0.000000 0.000000 0.000000 0.000000 0.000000 0.000000 0.000000 0.500000 0.000000 0.000000 0.000000 0.000000 0.000000 0.500000 0.000000 0.000000
the mean of prob-rank is 1.5789473684210527
the number of false negetive edges is 0
the number of probability greater than 0 is 3.2/edge
