20
 0.000000 0.000000 0.000000 0.002099 0.000000 0.000000 0.091725 0.000000 0.000000 0.000000 0.451600 0.002055 0.000000 0.000000 0.000000 0.452521 0.000000 0.000000 0.000000 0.000000
 0.000000 0.000000 0.499843 0.000000 0.000000 0.000314 0.000000 0.499843 0.000000 0.000000 0.000000 0.000000 0.000000 0.000000 0.000000 0.000000 0.000000 0.000000 0.000000 0.000000
 0.000000 0.500000 0.000000 0.000000 0.000000 0.000000 0.000000 0.000000 0.500000 0.000000 0.000000 0.000000 0.000000 0.000000 0.000000 0.000000 0.000000 0.000000 0.000000 0.000000
 0.002259 0.000000 0.000000 0.000000 0.000000 0.010126 0.486830 0.485835 0.000000 0.000000 0.000000 0.000000 0.000000 0.000000 0.000000 0.000000 0.000000 0.000000 0.000000 0.014950
 0.000000 0.000000 0.000000 0.000000 0.000000 0.000000 0.000000 0.000000 0.000000 0.000000 0.000000 0.000000 0.494592 0.010833 0.000000 0.000000 0.000000 0.000000 0.000000 0.494575
 0.000000 0.000293 0.000000 0.009703 0.000000 0.000000 0.465929 0.058810 0.000000 0.000000 0.000000 0.000000 0.000000 0.000000 0.000000 0.465265 0.000000 0.000000 0.000000 0.000000
 0.091338 0.000000 0.000000 0.450575 0.000000 0.450043 0.000000 0.000000 0.000000 0.000000 0.000000 0.000000 0.000000 0.000000 0.000000 0.008044 0.000000 0.000000 0.000000 0.000000
 0.000000 0.470862 0.000000 0.469790 0.000000 0.059348 0.000000 0.000000 0.000000 0.000000 0.000000 0.000000 0.000000 0.000000 0.000000 0.000000 0.000000 0.000000 0.000000 0.000000
 0.000000 0.000000 0.500000 0.000000 0.000000 0.000000 0.000000 0.000000 0.000000 0.000000 0.000000 0.000000 0.000000 0.000000 0.000000 0.000000 0.000000 0.500000 0.000000 0.000000
 0.000000 0.000000 0.000000 0.000000 0.000000 0.000000 0.000000 0.000000 0.000000 0.000000 0.000000 0.000000 0.000000 0.000000 0.500000 0.000000 0.000000 0.000000 0.500000 0.000000
 0.453712 0.000000 0.000000 0.000000 0.000000 0.000000 0.000000 0.000000 0.000000 0.000000 0.000000 0.454668 0.000000 0.000000 0.000000 0.091620 0.000000 0.000000 0.000000 0.000000
 0.002265 0.000000 0.000000 0.000000 0.000000 0.000000 0.000000 0.000000 0.000000 0.000000 0.498845 0.000000 0.000000 0.000000 0.000000 0.000000 0.498889 0.000000 0.000000 0.000000
 0.000000 0.000000 0.000000 0.000000 0.500000 0.000000 0.000000 0.000000 0.000000 0.000000 0.000000 0.000000 0.000000 0.000000 0.500000 0.000000 0.000000 0.000000 0.000000 0.000000
 0.000000 0.000000 0.000000 0.000000 0.010833 0.000000 0.000000 0.000000 0.000000 0.000000 0.000000 0.000000 0.000000 0.000000 0.000000 0.000000 0.494587 0.000000 0.000000 0.494580
 0.000000 0.000000 0.000000 0.000000 0.000000 0.000000 0.000000 0.000000 0.000000 0.500000 0.000000 0.000000 0.500000 0.000000 0.000000 0.000000 0.000000 0.000000 0.000000 0.000000
 0.451123 0.000000 0.000000 0.000000 0.000000 0.449912 0.008053 0.000000 0.000000 0.000000 0.090912 0.000000 0.000000 0.000000 0.000000 0.000000 0.000000 0.000000 0.000000 0.000000
 0.000000 0.000000 0.000000 0.000000 0.000000 0.000000 0.000000 0.000000 0.000000 0.000000 0.000000 0.500000 0.000000 0.500000 0.000000 0.000000 0.000000 0.000000 0.000000 0.000000
 0.000000 0.000000 0.000000 0.000000 0.000000 0.000000 0.000000 0.000000 0.500000 0.000000 0.000000 0.000000 0.000000 0.000000 0.000000 0.000000 0.000000 0.000000 0.500000 0.000000
 0.000000 0.000000 0.000000 0.000000 0.000000 0.000000 0.000000 0.000000 0.000000 0.500000 0.000000 0.000000 0.000000 0.000000 0.000000 0.000000 0.000000 0.500000 0.000000 0.000000
 0.000000 0.000000 0.000000 0.015119 0.492436 0.000000 0.000000 0.000000 0.000000 0.000000 0.000000 0.000000 0.000000 0.492446 0.000000 0.000000 0.000000 0.000000 0.000000 0.000000
the mean of prob-rank is 1.5789473684210527
the number of false negetive edges is 0
the number of probability greater than 0 is 3.0/edge
