20
 0.000000 0.323768 0.000000 0.000000 0.000000 0.000000 0.000000 0.000000 0.000000 0.000000 0.331917 0.000000 0.000000 0.314063 0.030251 0.000000 0.000000 0.000000 0.000000 0.000000
 0.338555 0.000000 0.000000 0.000000 0.000000 0.000000 0.000000 0.000000 0.000000 0.000000 0.314358 0.000000 0.000000 0.000003 0.000000 0.000000 0.347084 0.000000 0.000000 0.000000
 0.000000 0.000000 0.000000 0.000000 0.000000 0.000000 0.284679 0.222120 0.038958 0.000000 0.000000 0.164799 0.000000 0.000000 0.000000 0.289444 0.000000 0.000000 0.000000 0.000000
 0.000000 0.000000 0.000000 0.000000 0.000000 0.000000 0.000000 0.472754 0.000000 0.000000 0.000000 0.000000 0.000000 0.000000 0.000000 0.000000 0.000000 0.000000 0.052547 0.474699
 0.000000 0.000000 0.000000 0.000000 0.000000 0.499999 0.000000 0.000000 0.000000 0.499999 0.000000 0.000000 0.000000 0.000000 0.000000 0.000000 0.000000 0.000002 0.000000 0.000000
 0.000000 0.000000 0.000000 0.000000 0.500000 0.000000 0.000000 0.000000 0.000000 0.000000 0.000000 0.000000 0.000000 0.000000 0.000000 0.000000 0.000000 0.500000 0.000000 0.000000
 0.000000 0.000000 0.397173 0.000000 0.000000 0.000000 0.000000 0.000000 0.000000 0.000000 0.000000 0.409559 0.000000 0.000000 0.000000 0.193268 0.000000 0.000000 0.000000 0.000000
 0.000000 0.000000 0.278761 0.366906 0.000000 0.000000 0.000000 0.000000 0.000000 0.000000 0.000000 0.002599 0.000000 0.000000 0.000000 0.000000 0.000000 0.000000 0.351733 0.000000
 0.000000 0.000000 0.062866 0.000000 0.000000 0.000000 0.000000 0.000000 0.000000 0.473706 0.000000 0.000000 0.000000 0.000000 0.000000 0.463427 0.000000 0.000000 0.000000 0.000000
 0.000000 0.000000 0.000001 0.000000 0.500000 0.000000 0.000000 0.000000 0.499999 0.000000 0.000000 0.000000 0.000000 0.000000 0.000000 0.000000 0.000000 0.000000 0.000000 0.000000
 0.349200 0.316282 0.000000 0.000000 0.000000 0.000000 0.000000 0.000000 0.000000 0.000000 0.000000 0.000000 0.000000 0.334517 0.000000 0.000000 0.000000 0.000000 0.000000 0.000000
 0.000000 0.000000 0.219299 0.000000 0.000000 0.000000 0.390637 0.002756 0.000000 0.000000 0.000000 0.000000 0.387309 0.000000 0.000000 0.000000 0.000000 0.000000 0.000000 0.000000
 0.000000 0.000000 0.000000 0.000000 0.000000 0.000000 0.000000 0.000000 0.000000 0.000000 0.000000 0.448904 0.000000 0.000000 0.103689 0.000000 0.000000 0.000000 0.447408 0.000000
 0.325810 0.000003 0.000000 0.000000 0.000000 0.000000 0.000000 0.000000 0.000000 0.000000 0.329854 0.000000 0.000000 0.000000 0.344333 0.000000 0.000000 0.000000 0.000000 0.000000
 0.039413 0.000000 0.000000 0.000000 0.000000 0.000000 0.000000 0.000000 0.000000 0.000000 0.000000 0.000000 0.099038 0.432444 0.000000 0.000000 0.000000 0.000000 0.000000 0.429105
 0.000000 0.000000 0.404727 0.000000 0.000000 0.000000 0.193702 0.000000 0.401571 0.000000 0.000000 0.000000 0.000000 0.000000 0.000000 0.000000 0.000000 0.000000 0.000000 0.000000
 0.000000 0.500004 0.000000 0.000000 0.000000 0.000000 0.000000 0.000000 0.000000 0.000000 0.000000 0.000000 0.000000 0.000000 0.000000 0.000000 0.000000 0.499996 0.000000 0.000000
 0.000000 0.000000 0.000000 0.000000 0.000002 0.500003 0.000000 0.000000 0.000000 0.000000 0.000000 0.000000 0.000000 0.000000 0.000000 0.000000 0.499995 0.000000 0.000000 0.000000
 0.000000 0.000000 0.000000 0.040458 0.000000 0.000000 0.000000 0.348940 0.000000 0.000000 0.000000 0.000000 0.361169 0.000000 0.000000 0.000000 0.000000 0.000000 0.000000 0.249432
 0.000000 0.000000 0.000000 0.373871 0.000000 0.000000 0.000000 0.000000 0.000000 0.000000 0.000000 0.000000 0.000000 0.000000 0.370977 0.000000 0.000000 0.000000 0.255152 0.000000
the mean of prob-rank is 1.631578947368421
the number of false negetive edges is 0
the number of probability greater than 0 is 3.3/edge
