20
 0.000000 0.000000 0.000000 0.000000 0.000000 0.000000 0.000000 0.000000 0.000000 0.000000 0.000000 0.000000 0.342753 0.344020 0.000000 0.000000 0.000000 0.313226 0.000000 0.000000
 0.000000 0.000000 0.000000 0.000000 0.000000 0.262148 0.260635 0.211647 0.000000 0.000000 0.000000 0.265570 0.000000 0.000000 0.000000 0.000000 0.000000 0.000000 0.000000 0.000000
 0.000000 0.000000 0.000000 0.000000 0.000000 0.000000 0.000000 0.000000 0.001685 0.000000 0.498797 0.000000 0.000000 0.000000 0.000791 0.000000 0.000000 0.000000 0.000000 0.498727
 0.000000 0.000000 0.000000 0.000000 0.000000 0.000000 0.000000 0.007047 0.000000 0.000000 0.000000 0.496469 0.000000 0.000000 0.000000 0.496484 0.000000 0.000000 0.000000 0.000000
 0.000000 0.000000 0.000000 0.000000 0.000000 0.000000 0.000000 0.000000 0.000000 0.000000 0.000000 0.000000 0.000000 0.166392 0.000000 0.000000 0.418004 0.415535 0.000000 0.000068
 0.000000 0.367951 0.000000 0.000000 0.000000 0.000000 0.252656 0.379393 0.000000 0.000000 0.000000 0.000000 0.000000 0.000000 0.000000 0.000000 0.000000 0.000000 0.000000 0.000000
 0.000000 0.356311 0.000000 0.000000 0.000000 0.246083 0.000000 0.000000 0.000000 0.000000 0.000000 0.000000 0.011911 0.000000 0.368819 0.000000 0.000000 0.016876 0.000000 0.000000
 0.000000 0.284885 0.000000 0.005164 0.000000 0.363832 0.000000 0.000000 0.000000 0.000000 0.000000 0.346118 0.000000 0.000000 0.000000 0.000000 0.000000 0.000000 0.000000 0.000000
 0.000000 0.000000 0.001678 0.000000 0.000000 0.000000 0.000000 0.000000 0.000000 0.496733 0.004863 0.000000 0.000000 0.000000 0.000000 0.000000 0.000003 0.000000 0.000007 0.496715
 0.000000 0.000000 0.000000 0.000000 0.000000 0.000000 0.000000 0.000000 0.431855 0.000000 0.000000 0.000000 0.000000 0.000000 0.000000 0.000000 0.132541 0.000000 0.431632 0.003972
 0.000000 0.000000 0.465902 0.000000 0.000000 0.000000 0.000000 0.000000 0.004562 0.000000 0.000000 0.000000 0.000000 0.000000 0.000000 0.465885 0.000000 0.000000 0.063652 0.000000
 0.000000 0.331842 0.000000 0.337741 0.000000 0.000000 0.000000 0.321307 0.000000 0.000000 0.000000 0.000000 0.000000 0.000000 0.009109 0.000001 0.000000 0.000000 0.000000 0.000000
 0.350548 0.000000 0.000000 0.000000 0.000000 0.000000 0.011478 0.000000 0.000000 0.000000 0.000000 0.000000 0.000000 0.261630 0.356012 0.000000 0.000000 0.020332 0.000000 0.000000
 0.314943 0.000000 0.000000 0.000000 0.126446 0.000000 0.000000 0.000000 0.000000 0.000000 0.000000 0.000000 0.234190 0.000000 0.010425 0.000000 0.000000 0.313989 0.000000 0.000007
 0.000000 0.000000 0.000755 0.000000 0.000000 0.000000 0.474968 0.000000 0.000000 0.000000 0.000000 0.012834 0.475778 0.015564 0.000000 0.000000 0.000000 0.000000 0.000000 0.020101
 0.000000 0.000000 0.000000 0.500008 0.000000 0.000000 0.000000 0.000000 0.000000 0.000000 0.499989 0.000001 0.000000 0.000000 0.000000 0.000000 0.000000 0.000000 0.000002 0.000000
 0.000000 0.000000 0.000000 0.000000 0.432542 0.000000 0.000000 0.000000 0.000002 0.133205 0.000000 0.000000 0.000000 0.000000 0.000000 0.000000 0.000000 0.000000 0.434019 0.000233
 0.302075 0.000000 0.000000 0.000000 0.332651 0.000000 0.015335 0.000000 0.000000 0.000000 0.000000 0.000000 0.019172 0.330768 0.000000 0.000000 0.000000 0.000000 0.000000 0.000000
 0.000000 0.000000 0.000000 0.000000 0.000000 0.000000 0.000000 0.000000 0.000007 0.467896 0.063958 0.000000 0.000000 0.000000 0.000000 0.000002 0.468138 0.000000 0.000000 0.000000
 0.000000 0.000000 0.487265 0.000000 0.000079 0.000000 0.000000 0.000000 0.487316 0.004483 0.000000 0.000000 0.000000 0.000011 0.020585 0.000000 0.000261 0.000000 0.000000 0.000000
the mean of prob-rank is 1.736842105263158
the number of false negetive edges is 0
the number of probability greater than 0 is 4.55/edge
