20
 0.000000 0.000000 0.000000 0.000000 0.000000 0.000000 0.000000 0.000000 0.000000 0.016235 0.472692 0.034977 0.004585 0.471507 0.000000 0.000000 0.000005 0.000000 0.000000 0.000000
 0.000000 0.000000 0.000000 0.000000 0.000000 0.000000 0.000000 0.023625 0.387022 0.000000 0.000000 0.000000 0.000000 0.000000 0.000000 0.201454 0.000000 0.000151 0.000000 0.387746
 0.000000 0.000000 0.000000 0.000000 0.000000 0.413925 0.000000 0.000000 0.002612 0.002301 0.000000 0.415878 0.000000 0.000000 0.000000 0.000000 0.000000 0.165284 0.000000 0.000000
 0.000000 0.000000 0.000000 0.000000 0.452302 0.000000 0.033891 0.000000 0.000000 0.000000 0.000000 0.000000 0.000000 0.000000 0.000000 0.000000 0.000000 0.450915 0.000000 0.062892
 0.000000 0.000000 0.000000 0.432886 0.000000 0.000000 0.427412 0.000000 0.000000 0.000000 0.000000 0.000000 0.000000 0.000000 0.000000 0.000000 0.000000 0.139702 0.000000 0.000000
 0.000000 0.000000 0.404754 0.000000 0.000000 0.000000 0.000000 0.000000 0.406438 0.186573 0.000000 0.001190 0.000000 0.000000 0.000000 0.000000 0.000000 0.001044 0.000000 0.000000
 0.000000 0.000000 0.000000 0.028632 0.377283 0.000000 0.000000 0.000000 0.000000 0.000000 0.000000 0.000000 0.000000 0.000000 0.000000 0.211970 0.000000 0.000000 0.382115 0.000000
 0.000000 0.020939 0.000000 0.000000 0.000000 0.000000 0.000000 0.000000 0.000055 0.121739 0.000000 0.000000 0.193895 0.319725 0.000000 0.343637 0.000000 0.000000 0.000000 0.000009
 0.000000 0.364601 0.002295 0.000000 0.000000 0.365168 0.000000 0.000058 0.000000 0.222239 0.000000 0.000000 0.000000 0.000000 0.000000 0.000297 0.000000 0.016994 0.000000 0.028348
 0.010124 0.000000 0.001631 0.000000 0.000000 0.135241 0.000000 0.104399 0.179301 0.000000 0.000000 0.294646 0.000000 0.274624 0.000000 0.000034 0.000000 0.000000 0.000000 0.000000
 0.353979 0.000000 0.000000 0.000000 0.000000 0.000000 0.000000 0.000000 0.000000 0.000000 0.000000 0.000000 0.000000 0.295836 0.000000 0.000000 0.350185 0.000000 0.000000 0.000000
 0.031431 0.000000 0.424763 0.000000 0.000000 0.001243 0.000000 0.000000 0.000000 0.424572 0.000000 0.000000 0.000000 0.000000 0.000000 0.000000 0.000000 0.117992 0.000000 0.000000
 0.003816 0.000000 0.000000 0.000000 0.000000 0.000000 0.000000 0.221877 0.000000 0.000000 0.000000 0.000000 0.000000 0.000000 0.393348 0.000002 0.000003 0.000000 0.380954 0.000000
 0.266759 0.000000 0.000000 0.000000 0.000000 0.000000 0.000000 0.248744 0.000000 0.249144 0.223502 0.000000 0.000000 0.000000 0.000000 0.000000 0.011852 0.000000 0.000000 0.000000
 0.000000 0.000000 0.000000 0.000000 0.000000 0.000000 0.000000 0.000000 0.000000 0.000000 0.000000 0.000000 0.500006 0.000000 0.000000 0.000000 0.499994 0.000000 0.000000 0.000000
 0.000000 0.149862 0.000000 0.000000 0.000000 0.000000 0.160048 0.288428 0.000234 0.000033 0.000000 0.000000 0.000002 0.000000 0.000000 0.000000 0.000000 0.000000 0.161493 0.239900
 0.000005 0.000000 0.000000 0.000000 0.000000 0.000000 0.000000 0.000000 0.000000 0.000000 0.486469 0.000000 0.000004 0.021792 0.491729 0.000000 0.000000 0.000000 0.000000 0.000000
 0.000000 0.000133 0.135128 0.338959 0.109726 0.000873 0.000000 0.000000 0.015814 0.000000 0.000000 0.094446 0.000000 0.000000 0.000000 0.000000 0.000000 0.000000 0.000000 0.304922
 0.000000 0.000000 0.000000 0.000000 0.000000 0.000000 0.395534 0.000000 0.000000 0.000000 0.000000 0.000000 0.383071 0.000000 0.000000 0.221395 0.000000 0.000000 0.000000 0.000000
 0.000000 0.339505 0.000000 0.047219 0.000000 0.000000 0.000000 0.000009 0.026348 0.000000 0.000000 0.000000 0.000000 0.000000 0.000000 0.282368 0.000000 0.304551 0.000000 0.000000
the mean of prob-rank is 1.631578947368421
the number of false negetive edges is 0
the number of probability greater than 0 is 5.3/edge
