20
 0.000000 0.000000 0.000000 0.000000 0.000000 0.494341 0.000000 0.000000 0.011319 0.000000 0.000000 0.000000 0.000000 0.000001 0.000000 0.494338 0.000000 0.000000 0.000000 0.000000
 0.000000 0.000000 0.121913 0.000000 0.000000 0.000000 0.000000 0.361444 0.000000 0.000000 0.000000 0.000000 0.000000 0.000000 0.000000 0.000000 0.374299 0.142345 0.000000 0.000000
 0.000000 0.099821 0.000000 0.281655 0.000000 0.000000 0.292788 0.020020 0.000000 0.000000 0.000000 0.000000 0.000985 0.000000 0.000109 0.000000 0.000000 0.304623 0.000000 0.000000
 0.000000 0.000000 0.252600 0.000000 0.000000 0.000000 0.233776 0.000000 0.000000 0.003484 0.000000 0.000000 0.267635 0.000000 0.241198 0.000000 0.000000 0.001307 0.000000 0.000000
 0.000000 0.000000 0.000000 0.000000 0.000000 0.000000 0.000000 0.000000 0.000000 0.000000 0.000000 0.499993 0.000021 0.000000 0.000000 0.000000 0.000000 0.000000 0.000000 0.499986
 0.500028 0.000000 0.000000 0.000000 0.000000 0.000000 0.000000 0.000000 0.000000 0.000000 0.000000 0.000000 0.000000 0.499969 0.000000 0.000003 0.000000 0.000000 0.000000 0.000000
 0.000000 0.000000 0.308762 0.274887 0.000000 0.000000 0.000000 0.000000 0.000000 0.091396 0.000000 0.000000 0.000313 0.000000 0.001699 0.000000 0.000000 0.322943 0.000000 0.000000
 0.000000 0.385822 0.026099 0.000000 0.000000 0.000000 0.000000 0.000000 0.000000 0.000000 0.000000 0.000000 0.188535 0.000000 0.000000 0.000000 0.000000 0.000000 0.399543 0.000000
 0.008077 0.000000 0.000000 0.000000 0.000000 0.000000 0.000000 0.000000 0.000000 0.317192 0.000000 0.352717 0.276186 0.000000 0.045828 0.000000 0.000000 0.000000 0.000000 0.000000
 0.000000 0.000000 0.000000 0.003475 0.000000 0.000000 0.077516 0.000000 0.246504 0.000000 0.000000 0.000000 0.122532 0.000000 0.221302 0.274112 0.000000 0.054558 0.000000 0.000000
 0.000000 0.000000 0.000000 0.000000 0.000000 0.000000 0.000000 0.000000 0.000000 0.000000 0.000000 0.000000 0.000000 0.000000 0.000000 0.000000 0.000000 0.000000 0.499997 0.500003
 0.000000 0.000000 0.000000 0.000000 0.500000 0.000000 0.000000 0.000000 0.500000 0.000000 0.000000 0.000000 0.000000 0.000000 0.000000 0.000000 0.000000 0.000000 0.000000 0.000000
 0.000000 0.000000 0.000873 0.264538 0.000011 0.000000 0.000263 0.128197 0.212729 0.121443 0.000000 0.000000 0.000000 0.000000 0.271677 0.000000 0.000000 0.000000 0.000000 0.000267
 0.000001 0.000000 0.000000 0.000000 0.000000 0.499941 0.000000 0.000000 0.000000 0.000000 0.000000 0.000000 0.000000 0.000000 0.000000 0.000000 0.500000 0.000058 0.000000 0.000000
 0.000000 0.000000 0.000126 0.311138 0.000000 0.000000 0.001864 0.000000 0.046067 0.286248 0.000000 0.000000 0.354557 0.000000 0.000000 0.000000 0.000000 0.000000 0.000000 0.000000
 0.499997 0.000000 0.000000 0.000000 0.000000 0.000003 0.000000 0.000000 0.000000 0.500000 0.000000 0.000000 0.000000 0.000000 0.000000 0.000000 0.000000 0.000000 0.000000 0.000000
 0.000000 0.500000 0.000000 0.000000 0.000000 0.000000 0.000000 0.000000 0.000000 0.000000 0.000000 0.000000 0.000000 0.500000 0.000000 0.000000 0.000000 0.000000 0.000000 0.000000
 0.000000 0.147551 0.385647 0.001845 0.000000 0.000000 0.387688 0.000000 0.000000 0.077224 0.000000 0.000000 0.000000 0.000045 0.000000 0.000000 0.000000 0.000000 0.000000 0.000000
 0.000000 0.000000 0.000000 0.000000 0.000000 0.000000 0.000000 0.500002 0.000000 0.000000 0.499997 0.000000 0.000000 0.000000 0.000000 0.000000 0.000000 0.000000 0.000000 0.000000
 0.000000 0.000000 0.000000 0.000000 0.499751 0.000000 0.000000 0.000000 0.000000 0.000000 0.499758 0.000000 0.000491 0.000000 0.000000 0.000000 0.000000 0.000000 0.000000 0.000000
the mean of prob-rank is 1.8421052631578947
the number of false negetive edges is 0
the number of probability greater than 0 is 4.4/edge
