20
 0.000000 0.000000 0.000000 0.000000 0.000000 0.000000 0.000000 0.000000 0.418938 0.000000 0.000000 0.393047 0.000000 0.000000 0.000000 0.188015 0.000000 0.000000 0.000000 0.000000
 0.000000 0.000000 0.000000 0.000000 0.500000 0.000000 0.000000 0.000000 0.000000 0.000000 0.000000 0.000000 0.000000 0.500000 0.000000 0.000000 0.000000 0.000000 0.000000 0.000000
 0.000000 0.000000 0.000000 0.000000 0.000000 0.000000 0.000000 0.000000 0.499999 0.000000 0.500001 0.000000 0.000000 0.000000 0.000000 0.000000 0.000000 0.000000 0.000000 0.000000
 0.000000 0.000000 0.000000 0.000000 0.000000 0.000000 0.000000 0.000000 0.000000 0.008967 0.000000 0.361176 0.282219 0.001007 0.000000 0.346631 0.000000 0.000000 0.000000 0.000000
 0.000000 0.500000 0.000000 0.000000 0.000000 0.000000 0.000000 0.000000 0.000000 0.000000 0.000000 0.000000 0.000000 0.000000 0.000000 0.000000 0.000000 0.500000 0.000000 0.000000
 0.000000 0.000000 0.000000 0.000000 0.000000 0.000000 0.000000 0.000000 0.000000 0.000000 0.000000 0.000000 0.000000 0.000000 0.499425 0.000000 0.001104 0.000000 0.000000 0.499471
 0.000000 0.000000 0.000000 0.000000 0.000000 0.000000 0.000000 0.210816 0.000000 0.000000 0.000000 0.000000 0.174464 0.280685 0.000000 0.000000 0.000000 0.000000 0.000000 0.334035
 0.000000 0.000000 0.000000 0.000000 0.000000 0.000000 0.245692 0.000000 0.000000 0.336582 0.000000 0.000000 0.389914 0.000000 0.027813 0.000000 0.000000 0.000000 0.000000 0.000000
 0.500000 0.000000 0.499999 0.000000 0.000000 0.000000 0.000000 0.000000 0.000000 0.000000 0.000000 0.000000 0.000000 0.000000 0.000000 0.000000 0.000000 0.000000 0.000000 0.000000
 0.000000 0.000000 0.000000 0.008749 0.000000 0.000000 0.000000 0.304260 0.000000 0.000000 0.000000 0.000000 0.013393 0.000000 0.352484 0.000000 0.321113 0.000000 0.000000 0.000000
 0.000000 0.000000 0.500000 0.000000 0.000000 0.000000 0.000000 0.000000 0.000000 0.000000 0.000000 0.000000 0.000000 0.000000 0.000000 0.000000 0.000000 0.000000 0.500000 0.000000
 0.360641 0.000000 0.000000 0.384285 0.000000 0.000000 0.000000 0.000000 0.000000 0.000000 0.000000 0.000000 0.000000 0.000000 0.000000 0.000008 0.255067 0.000000 0.000000 0.000000
 0.000000 0.000000 0.000000 0.240082 0.000000 0.000000 0.160259 0.307325 0.000000 0.011678 0.000000 0.000000 0.000000 0.280656 0.000000 0.000000 0.000000 0.000000 0.000000 0.000000
 0.000000 0.362993 0.000000 0.001012 0.000000 0.000000 0.304519 0.000000 0.000000 0.000000 0.000000 0.000000 0.331476 0.000000 0.000000 0.000000 0.000000 0.000000 0.000000 0.000000
 0.000000 0.000000 0.000000 0.000000 0.000000 0.471819 0.000000 0.033656 0.000000 0.471856 0.000000 0.000000 0.000000 0.000000 0.000000 0.000000 0.011598 0.000000 0.000000 0.011071
 0.186354 0.000000 0.000000 0.398399 0.000000 0.000000 0.000000 0.000000 0.000000 0.000000 0.000000 0.000008 0.000000 0.000000 0.000000 0.000000 0.000000 0.415238 0.000000 0.000000
 0.000000 0.000000 0.000000 0.000000 0.000000 0.000850 0.000000 0.000000 0.000000 0.350202 0.000000 0.255081 0.000000 0.000000 0.009449 0.000000 0.000000 0.000000 0.384419 0.000000
 0.000000 0.000000 0.000000 0.000000 0.500000 0.000000 0.000000 0.000000 0.000000 0.000000 0.000000 0.000000 0.000000 0.000000 0.000000 0.500000 0.000000 0.000000 0.000000 0.000000
 0.000000 0.000000 0.000000 0.000000 0.000000 0.000000 0.000000 0.000000 0.000000 0.000000 0.500000 0.000000 0.000000 0.000000 0.000000 0.000000 0.500000 0.000000 0.000000 0.000000
 0.000000 0.000000 0.000000 0.000000 0.000000 0.494602 0.493793 0.000000 0.000000 0.000000 0.000000 0.000000 0.000000 0.000000 0.011605 0.000000 0.000000 0.000000 0.000000 0.000000
the mean of prob-rank is 1.5789473684210527
the number of false negetive edges is 0
the number of probability greater than 0 is 3.4/edge
