20
 0.000000 0.492143 0.000000 0.000000 0.000000 0.000000 0.000000 0.000000 0.000000 0.000000 0.000000 0.000000 0.000000 0.015679 0.000000 0.000000 0.492177 0.000000 0.000000 0.000000
 0.451328 0.000000 0.000000 0.000000 0.000000 0.000000 0.000000 0.000000 0.000000 0.000000 0.000000 0.000000 0.451360 0.097312 0.000000 0.000000 0.000000 0.000000 0.000000 0.000000
 0.000000 0.000000 0.000000 0.000000 0.000000 0.005635 0.042844 0.000000 0.000000 0.000000 0.000000 0.000000 0.000000 0.000000 0.350338 0.354825 0.000000 0.000000 0.000000 0.246359
 0.000000 0.000000 0.000000 0.000000 0.000000 0.000000 0.000000 0.361524 0.253481 0.000087 0.000000 0.384908 0.000000 0.000000 0.000000 0.000000 0.000000 0.000000 0.000000 0.000000
 0.000000 0.000000 0.000000 0.000000 0.000000 0.000000 0.000000 0.000000 0.500000 0.000000 0.000000 0.000000 0.000000 0.000000 0.000000 0.000000 0.000000 0.500000 0.000000 0.000000
 0.000000 0.000000 0.006440 0.000000 0.000000 0.000000 0.408605 0.000000 0.000000 0.000000 0.000000 0.000000 0.000000 0.181638 0.000000 0.003799 0.000000 0.000000 0.399345 0.000173
 0.000000 0.000000 0.054111 0.000000 0.000000 0.451551 0.000000 0.000000 0.000000 0.000000 0.000000 0.000000 0.000000 0.001530 0.000000 0.005062 0.000000 0.000000 0.036250 0.451497
 0.000000 0.000000 0.000000 0.339106 0.000000 0.000000 0.000000 0.000000 0.000000 0.360993 0.000000 0.292671 0.000000 0.000000 0.001815 0.000000 0.000000 0.000000 0.000000 0.005415
 0.000000 0.000000 0.000000 0.253414 0.384806 0.000000 0.000000 0.000000 0.000000 0.000000 0.000000 0.361754 0.000000 0.000000 0.000000 0.000000 0.000000 0.000000 0.000026 0.000000
 0.000000 0.000000 0.000000 0.000113 0.000000 0.000000 0.000000 0.498253 0.000000 0.000000 0.000000 0.003319 0.000000 0.000000 0.000000 0.000000 0.000000 0.000000 0.498314 0.000002
 0.000000 0.000000 0.000000 0.000000 0.000000 0.000000 0.000000 0.000000 0.000000 0.000000 0.000000 0.000000 0.000000 0.395333 0.000000 0.207264 0.397403 0.000000 0.000000 0.000000
 0.000000 0.000000 0.000000 0.362662 0.000000 0.000000 0.000000 0.293986 0.340936 0.002415 0.000000 0.000000 0.000000 0.000000 0.000000 0.000000 0.000000 0.000000 0.000000 0.000000
 0.000000 0.457992 0.000000 0.000000 0.000000 0.000000 0.000000 0.000000 0.000000 0.000000 0.000000 0.000000 0.000000 0.084039 0.000000 0.000000 0.000000 0.457968 0.000000 0.000000
 0.009913 0.067085 0.000000 0.000000 0.000000 0.138320 0.001055 0.000000 0.000000 0.000000 0.309025 0.000000 0.057096 0.000000 0.000000 0.300904 0.000000 0.052752 0.063845 0.000006
 0.000000 0.000000 0.388911 0.000000 0.000000 0.000000 0.000000 0.001995 0.000000 0.000000 0.000000 0.000000 0.000000 0.000000 0.000000 0.241419 0.000000 0.000000 0.000000 0.367675
 0.000000 0.000000 0.319220 0.000000 0.000000 0.002991 0.003605 0.000000 0.000000 0.000000 0.167479 0.000000 0.000000 0.311053 0.195653 0.000000 0.000000 0.000000 0.000000 0.000000
 0.500413 0.000000 0.000000 0.000000 0.000000 0.000000 0.000000 0.000000 0.000000 0.000000 0.499587 0.000000 0.000000 0.000000 0.000000 0.000000 0.000000 0.000000 0.000000 0.000000
 0.000000 0.000000 0.000000 0.000000 0.460940 0.000000 0.000000 0.000000 0.000000 0.000000 0.000000 0.000000 0.460916 0.078145 0.000000 0.000000 0.000000 0.000000 0.000000 0.000000
 0.000000 0.000000 0.000000 0.000000 0.000000 0.395761 0.032508 0.000000 0.000027 0.404936 0.000000 0.000000 0.000000 0.083088 0.000000 0.000000 0.000000 0.000000 0.000000 0.083680
 0.000000 0.000000 0.242848 0.000000 0.000000 0.000149 0.352391 0.005286 0.000000 0.000001 0.000000 0.000000 0.000000 0.000006 0.326488 0.000000 0.000000 0.000000 0.072830 0.000000
the mean of prob-rank is 1.631578947368421
the number of false negetive edges is 0
the number of probability greater than 0 is 4.6/edge
