20
 0.000000 0.000034 0.000000 0.499987 0.000000 0.000000 0.000000 0.000000 0.000000 0.000000 0.000000 0.000000 0.000000 0.000000 0.000000 0.000000 0.000000 0.499979 0.000000 0.000000
 0.000034 0.000000 0.000000 0.000000 0.000000 0.000000 0.000000 0.000000 0.000000 0.000000 0.000000 0.000000 0.000000 0.000000 0.000000 0.000000 0.000000 0.500018 0.499948 0.000000
 0.000000 0.000000 0.000000 0.000000 0.000000 0.000000 0.441797 0.000000 0.449454 0.000000 0.000000 0.000000 0.000000 0.000000 0.108749 0.000000 0.000000 0.000000 0.000000 0.000000
 0.500000 0.000000 0.000000 0.000000 0.000000 0.000000 0.000000 0.000000 0.000000 0.000000 0.000000 0.000000 0.000000 0.500000 0.000000 0.000000 0.000000 0.000000 0.000000 0.000000
 0.000000 0.000000 0.000000 0.000000 0.000000 0.324639 0.000000 0.000000 0.000000 0.000000 0.247849 0.418614 0.005612 0.000000 0.000000 0.000000 0.003286 0.000000 0.000000 0.000000
 0.000000 0.000000 0.000000 0.000000 0.302902 0.000000 0.000000 0.000000 0.000000 0.000000 0.150090 0.000000 0.002526 0.000000 0.000000 0.000774 0.391510 0.000000 0.000047 0.152151
 0.000000 0.000000 0.419195 0.000000 0.000000 0.000000 0.000000 0.000000 0.154368 0.426437 0.000000 0.000000 0.000000 0.000000 0.000000 0.000000 0.000000 0.000000 0.000000 0.000000
 0.000000 0.000000 0.000000 0.000000 0.000000 0.000000 0.000000 0.000000 0.000000 0.000000 0.000000 0.499846 0.499845 0.000000 0.000000 0.000000 0.000000 0.000000 0.000308 0.000000
 0.000000 0.000000 0.423378 0.000000 0.000000 0.000000 0.153253 0.000000 0.000000 0.000000 0.000000 0.000000 0.000000 0.000000 0.423369 0.000000 0.000000 0.000000 0.000000 0.000000
 0.000000 0.000000 0.000000 0.000000 0.000000 0.000000 0.388398 0.000000 0.000000 0.000000 0.000000 0.000000 0.000000 0.000000 0.000000 0.227721 0.000000 0.000000 0.000000 0.383881
 0.000000 0.000000 0.000000 0.000000 0.202729 0.131577 0.000000 0.000000 0.000000 0.000000 0.000000 0.000001 0.000000 0.000000 0.000000 0.324745 0.340949 0.000000 0.000000 0.000000
 0.000000 0.000000 0.000000 0.000000 0.499050 0.000000 0.000000 0.500247 0.000000 0.000000 0.000001 0.000000 0.000702 0.000000 0.000000 0.000000 0.000000 0.000000 0.000000 0.000000
 0.000000 0.000000 0.000000 0.000000 0.006617 0.003192 0.000000 0.494815 0.000000 0.000000 0.000000 0.000694 0.000000 0.000000 0.000000 0.000000 0.000000 0.000000 0.494681 0.000000
 0.000000 0.000000 0.000000 0.500000 0.000000 0.000000 0.000000 0.000000 0.000000 0.000000 0.000000 0.000000 0.000000 0.000000 0.500000 0.000000 0.000000 0.000000 0.000000 0.000000
 0.000000 0.000000 0.107924 0.000000 0.000000 0.000000 0.000000 0.000000 0.446033 0.000000 0.000000 0.000000 0.000000 0.446043 0.000000 0.000000 0.000000 0.000000 0.000000 0.000000
 0.000000 0.000000 0.000000 0.000000 0.000000 0.000774 0.000000 0.000000 0.000000 0.229588 0.370516 0.000000 0.000000 0.000000 0.000000 0.000000 0.007607 0.000000 0.000000 0.391515
 0.000000 0.000000 0.000000 0.000000 0.003842 0.490563 0.000000 0.000000 0.000000 0.000000 0.487319 0.000000 0.000000 0.000000 0.000000 0.009529 0.000000 0.000000 0.000000 0.008748
 0.492617 0.492625 0.000000 0.000000 0.000000 0.000000 0.000000 0.000000 0.000000 0.000000 0.000000 0.000000 0.000000 0.000000 0.000000 0.000000 0.000000 0.000000 0.014758 0.000000
 0.000000 0.492375 0.000000 0.000000 0.000000 0.000059 0.000000 0.000304 0.000000 0.000000 0.000000 0.000000 0.492310 0.000000 0.000000 0.000000 0.000000 0.014753 0.000000 0.000198
 0.000000 0.000000 0.000000 0.000000 0.000000 0.162265 0.000000 0.000000 0.000000 0.412669 0.000000 0.000000 0.000000 0.000000 0.000000 0.417452 0.007446 0.000000 0.000168 0.000000
the mean of prob-rank is 1.5263157894736843
the number of false negetive edges is 0
the number of probability greater than 0 is 3.8/edge
