20
 0.000000 0.000000 0.000000 0.000000 0.000000 0.000000 0.000000 0.500000 0.000000 0.000000 0.000000 0.000000 0.000000 0.000000 0.000000 0.000000 0.000000 0.000000 0.000000 0.500000
 0.000000 0.000000 0.500000 0.000000 0.000000 0.000000 0.000000 0.000000 0.000000 0.000000 0.000000 0.000000 0.000000 0.000000 0.000000 0.500000 0.000000 0.000000 0.000000 0.000000
 0.000000 0.500000 0.000000 0.000000 0.000000 0.000000 0.000000 0.000000 0.000000 0.000000 0.000000 0.000000 0.000000 0.000000 0.500000 0.000000 0.000000 0.000000 0.000000 0.000000
 0.000000 0.000000 0.000000 0.000000 0.000000 0.000000 0.000000 0.000000 0.000000 0.000000 0.000000 0.113875 0.008853 0.000000 0.000000 0.438779 0.000000 0.000000 0.000000 0.438493
 0.000000 0.000000 0.000000 0.000000 0.000000 0.112914 0.000000 0.000000 0.000000 0.000000 0.000000 0.292125 0.000000 0.000000 0.000000 0.000000 0.317295 0.000000 0.277666 0.000000
 0.000000 0.000000 0.000000 0.000000 0.112476 0.000000 0.000003 0.000003 0.000000 0.000000 0.007007 0.288452 0.275997 0.316062 0.000000 0.000000 0.000000 0.000000 0.000000 0.000000
 0.000000 0.000000 0.000000 0.000000 0.000000 0.000003 0.000000 0.000000 0.325614 0.000016 0.353766 0.000000 0.000000 0.019033 0.000000 0.000000 0.000000 0.301568 0.000000 0.000000
 0.349047 0.000000 0.000000 0.000000 0.000000 0.000004 0.000000 0.000000 0.334792 0.000000 0.000000 0.000000 0.316158 0.000000 0.000000 0.000000 0.000000 0.000000 0.000000 0.000000
 0.000000 0.000000 0.000000 0.000000 0.000000 0.000000 0.319482 0.333166 0.000000 0.347352 0.000000 0.000000 0.000000 0.000000 0.000000 0.000000 0.000000 0.000000 0.000000 0.000000
 0.000000 0.000000 0.000000 0.000000 0.000000 0.000000 0.000022 0.000000 0.499989 0.000000 0.000000 0.000000 0.000000 0.000000 0.000000 0.000000 0.000000 0.499988 0.000000 0.000000
 0.000000 0.000000 0.000000 0.000000 0.000000 0.010962 0.494142 0.000000 0.000000 0.000000 0.000000 0.000000 0.000000 0.494484 0.000000 0.000000 0.000000 0.000411 0.000000 0.000000
 0.000000 0.000000 0.000000 0.083922 0.297735 0.295138 0.000000 0.000000 0.000000 0.000000 0.000000 0.000000 0.323192 0.000013 0.000000 0.000000 0.000000 0.000000 0.000000 0.000000
 0.000000 0.000000 0.000000 0.007196 0.000000 0.311476 0.000000 0.323081 0.000000 0.000000 0.000000 0.356474 0.000000 0.001506 0.000000 0.000000 0.000000 0.000000 0.000000 0.000266
 0.000000 0.000000 0.000000 0.000000 0.000000 0.485908 0.026124 0.000000 0.000000 0.000000 0.485896 0.000020 0.002052 0.000000 0.000000 0.000000 0.000000 0.000000 0.000000 0.000000
 0.000000 0.000000 0.500001 0.000000 0.000000 0.000000 0.000000 0.000000 0.000000 0.000000 0.000000 0.000000 0.000000 0.000000 0.000000 0.000000 0.000000 0.000000 0.499999 0.000000
 0.000000 0.500016 0.000000 0.499984 0.000000 0.000000 0.000000 0.000000 0.000000 0.000000 0.000000 0.000000 0.000000 0.000000 0.000000 0.000000 0.000000 0.000000 0.000000 0.000000
 0.000000 0.000000 0.000000 0.000000 0.354174 0.000000 0.000000 0.000000 0.000000 0.000000 0.000000 0.000000 0.000000 0.000000 0.000000 0.000000 0.000000 0.333020 0.312806 0.000000
 0.000000 0.000000 0.000000 0.000000 0.000000 0.000000 0.304998 0.000000 0.000000 0.358045 0.000298 0.000000 0.000000 0.000000 0.000000 0.000000 0.336660 0.000000 0.000000 0.000000
 0.000000 0.000000 0.000000 0.000000 0.317263 0.000000 0.000000 0.000000 0.000000 0.000000 0.000000 0.000000 0.000000 0.000000 0.362540 0.000000 0.320197 0.000000 0.000000 0.000000
 0.499993 0.000000 0.000000 0.499634 0.000000 0.000000 0.000000 0.000000 0.000000 0.000000 0.000000 0.000000 0.000373 0.000000 0.000000 0.000000 0.000000 0.000000 0.000000 0.000000
the mean of prob-rank is 1.6842105263157894
the number of false negetive edges is 0
the number of probability greater than 0 is 3.7/edge
