20
 0.000000 0.000000 0.000000 0.000000 0.000000 0.000000 0.000000 0.000000 0.000000 0.000000 0.000000 0.000000 0.000000 0.500000 0.000000 0.500000 0.000000 0.000000 0.000000 0.000000
 0.000000 0.000000 0.000000 0.000000 0.000000 0.337621 0.000000 0.167129 0.000000 0.336890 0.000000 0.000000 0.000000 0.000000 0.000000 0.000000 0.158359 0.000000 0.000000 0.000001
 0.000000 0.000000 0.000000 0.000000 0.000000 0.000000 0.000000 0.000000 0.000000 0.000000 0.000000 0.000000 0.000000 0.000000 0.000000 0.500000 0.000000 0.500000 0.000000 0.000000
 0.000000 0.000000 0.000000 0.000000 0.000000 0.000000 0.000000 0.000000 0.499996 0.000000 0.000000 0.000000 0.000000 0.500001 0.000003 0.000000 0.000000 0.000000 0.000000 0.000000
 0.000000 0.000000 0.000000 0.000000 0.000000 0.000000 0.000000 0.000000 0.000000 0.000000 0.499997 0.000000 0.500003 0.000000 0.000000 0.000000 0.000000 0.000000 0.000000 0.000000
 0.000000 0.434531 0.000000 0.000000 0.000000 0.000000 0.000000 0.439848 0.000000 0.000000 0.000000 0.125620 0.000000 0.000000 0.000000 0.000000 0.000001 0.000000 0.000000 0.000000
 0.000000 0.000000 0.000000 0.000000 0.000000 0.000000 0.000000 0.000000 0.000000 0.095400 0.000000 0.449727 0.000000 0.000000 0.005911 0.000000 0.000000 0.000000 0.000000 0.448962
 0.000000 0.196843 0.000000 0.000000 0.000000 0.402515 0.000000 0.000000 0.000000 0.000000 0.000000 0.000000 0.000000 0.000000 0.000000 0.000000 0.400642 0.000000 0.000000 0.000000
 0.000000 0.000000 0.000000 0.499939 0.000000 0.000000 0.000000 0.000000 0.000000 0.000000 0.000000 0.000117 0.000000 0.000000 0.499944 0.000000 0.000000 0.000000 0.000000 0.000000
 0.000000 0.448286 0.000000 0.000000 0.000000 0.000000 0.096466 0.000000 0.000000 0.000000 0.000000 0.000491 0.000000 0.000000 0.000000 0.000000 0.000000 0.000000 0.000000 0.454756
 0.000000 0.000000 0.000000 0.000000 0.499997 0.000000 0.000000 0.000000 0.000000 0.000000 0.000000 0.000000 0.000000 0.000000 0.000000 0.000000 0.500003 0.000000 0.000000 0.000000
 0.000000 0.000000 0.000000 0.000000 0.000000 0.124921 0.437399 0.000000 0.000102 0.000472 0.000000 0.000000 0.000000 0.000000 0.437105 0.000000 0.000000 0.000000 0.000000 0.000000
 0.000000 0.000000 0.000000 0.000000 0.500000 0.000000 0.000000 0.000000 0.000000 0.000000 0.000000 0.000000 0.000000 0.000000 0.000000 0.000000 0.000000 0.000000 0.500000 0.000000
 0.500000 0.000000 0.000000 0.500000 0.000000 0.000000 0.000000 0.000000 0.000000 0.000000 0.000000 0.000000 0.000000 0.000000 0.000000 0.000000 0.000000 0.000000 0.000000 0.000000
 0.000000 0.000000 0.000000 0.000002 0.000000 0.000000 0.006383 0.000000 0.485609 0.000000 0.000000 0.485282 0.000000 0.000000 0.000000 0.000000 0.000000 0.000000 0.000000 0.022724
 0.500000 0.000000 0.500000 0.000000 0.000000 0.000000 0.000000 0.000000 0.000000 0.000000 0.000000 0.000000 0.000000 0.000000 0.000000 0.000000 0.000000 0.000000 0.000000 0.000000
 0.000000 0.188461 0.000000 0.000000 0.000000 0.000001 0.000000 0.404822 0.000000 0.000000 0.406715 0.000000 0.000000 0.000000 0.000000 0.000000 0.000000 0.000000 0.000000 0.000000
 0.000000 0.000000 0.500000 0.000000 0.000000 0.000000 0.000000 0.000000 0.000000 0.000000 0.000000 0.000000 0.000000 0.000000 0.000000 0.000000 0.000000 0.000000 0.500000 0.000000
 0.000000 0.000000 0.000000 0.000000 0.000000 0.000000 0.000000 0.000000 0.000000 0.000000 0.000000 0.000000 0.500000 0.000000 0.000000 0.000000 0.000000 0.500000 0.000000 0.000000
 0.000000 0.000001 0.000000 0.000000 0.000000 0.000000 0.488143 0.000000 0.000000 0.488974 0.000000 0.000000 0.000000 0.000000 0.022882 0.000000 0.000000 0.000000 0.000000 0.000000
the mean of prob-rank is 1.5263157894736843
the number of false negetive edges is 0
the number of probability greater than 0 is 3.05/edge
